1.8866,1.8387,1.7918,1.7478,1.7067,1.6667,1.6344,1.607,1.5758,1.5425,1.5064,1.4702,1.435,1.4008,1.3646,1.3275,1.2923,2.1496,2.219,2.2845,2.346,2.3949,2.434,2.4731,2.5083,2.5396,2.565,2.5826,2.5943,2.6002,2.6012,2.5973,2.5894,2.5777,2.5621,2.5455,2.5269,2.5064,2.4839,2.4594,2.434,2.4076,2.3793,2.35,2.3206,2.2903,2.262,2.2346,2.2043,2.172,2.1398,2.1075,2.0762,2.0469,2.0176,1.9892,1.9619,1.9335,1.9081,1.8837,1.8573,1.8289,1.7996,1.7722,1.7449,1.7185,1.6931,1.6667,1.6393,1.6129,1.5875,1.5679,1.5523,1.5347,1.5161,1.4966,1.4751,1.4545,1.433,1.4115,1.391,1.3734,1.3597,1.3539,1.3548,1.3597,1.3705,1.3881,1.4135,1.4477,1.4907,1.5425,1.6012,1.6647,1.7312,1.7996,1.8592,1.915,1.9756,2.0371,2.0997,2.1642,2.2287,2.2933,2.3558,2.4145,2.4682,2.5161,2.5513,2.5758,2.5982,2.6158,2.6266,2.6325,2.6325,2.6276,2.6188,2.608,2.5953,2.5806,2.563,2.5435,2.522,2.4985,2.4721,2.4428,2.4125,2.3822,2.3519,2.3216,2.2913,2.259,2.2258,2.1955,2.1652,2.131,2.0958,2.0596,2.0235,1.9883,1.9541,1.9198,1.8856,1.8524,1.8192,1.7869,1.7595,1.7361,1.7097,1.6833,1.6579,1.6344,1.6119,1.5914,1.5758,1.567,1.566,1.5728,1.5846,1.6012,1.6246,1.653,1.6862,1.7253,1.7693,1.8182,1.869,1.9218,1.9756,2.0293,2.0811,2.1232,2.1603,2.1994,2.2375,2.2727,2.304,2.3314,2.3529,2.3675,2.3754,2.3754,2.3695,2.3597,2.346,2.3294,2.3099,2.2893,2.2688,2.2473,2.2248,2.2023,2.1779,2.1525,2.1261,2.0997,2.0753,2.0508,2.0235,1.9941,1.9638,1.9335,1.9032,1.8739,1.8446,1.8162,1.7879,1.7605,1.737,1.7155,1.6901,1.6618,1.6344,1.6041,1.5689,1.5337,1.5005,1.4673,1.435,1.4047,1.3754,1.3519,1.3314,1.306,1.2805,1.2542,1.2268,1.2004,1.172,1.1437,1.1153,1.088,1.0616,1.043,1.0264,1.002,0.97458,0.94624,0.91691,0.88759,0.86022,0.83382,0.80841,0.78299,0.75758,0.73998,0.7263,0.70479,0.67937,0.65396,0.62952,0.60899,0.59629,0.5914,0.59629,0.61193,0.6393,0.67937,0.7263,0.78006,0.84555,0.92278,1.0088,1.1036,1.2063,1.3128,1.4233,1.5347,1.6471,1.7605,1.8583,1.9482,2.0479,2.1496,2.2502,2.349,2.4418,2.5269,2.6031,2.6696,2.7273,2.7752,2.8113,2.8328,2.8426,2.8465,2.8426,2.8319,2.8152,2.7928,2.7674,2.74,2.7107,2.6784,2.6461,2.6158,2.5846,2.5494,2.5103,2.4692,2.4272,2.3851,2.3421,2.3001,2.2581,2.216,2.176,2.1359,2.1007,2.0665,2.0283,1.9883,1.9482,1.9062,1.8641,1.8211,1.7791,1.738,1.6979,1.6588,1.6276,1.6002,1.5679,1.5347,1.5024,1.4692,1.436,1.4037,1.3695,1.3343,1.2981,1.261,1.2248,1.1994,1.1789,1.1544,1.129,1.1036,1.0782,1.0528,1.0293,1.0088,0.9912,0.97947,0.97654,0.98436,1.001,1.0264,1.0626,1.1095,1.1662,1.2336,1.3109,1.3959,1.4878,1.5855,1.6872,1.7918,1.8847,1.9707,2.0635,2.1584,2.2532,2.3451,2.4321,2.5132,2.5894,2.6618,2.7292,2.7889,2.8319,2.8631,2.8925,2.915,2.9306,2.9384,2.9384,2.9316,2.9198,2.9022,2.8807,2.8563,2.8289,2.7996,2.7713,2.7419,2.7116,2.6794,2.6471,2.6129,2.5767,2.5406,2.5054,2.4702,2.436,2.4057,2.3754,2.3421,2.306,2.2669,2.2278,2.1926,2.1564,2.1212,2.088,2.0528,2.0176,1.9834,1.9541,1.9277,1.8974,1.8641,1.8299,1.7947,1.7605,1.7263,1.6921,1.6598,1.6285,1.5992,1.5738,1.5513,1.5249,1.4976,1.4712,1.4457,1.4223,1.4027,1.391,1.3871,1.3939,1.4096,1.435,1.4673,1.5064,1.5591,1.6237,1.6979,1.781,1.869,1.9609,2.0547,2.1496,2.2473,2.3441,2.4272,2.5024,2.5875,2.6735,2.7576,2.8397,2.9189,2.9912,3.0567,3.1124,3.1574,3.1906,3.2131,3.2219,3.2199,3.2131,3.2023,3.1887,3.1701,3.1457,3.1173,3.087,3.0547,2.9775,2.8798,2.8172,2.7713,2.7331,2.6979,2.6637,2.6295,2.5953,2.5601,2.5249,2.4888,2.4516,2.4154,2.3832,2.3519,2.3196,2.2874,2.2551,2.2219,2.1877,2.1535,2.1202,2.087,2.0557,2.0244,1.9941,1.9687,1.9453,1.9179,1.8886,1.8583,1.8289,1.8006,1.7732,1.7458,1.7195,1.694,1.6686,1.6491,1.6325,1.6129,1.5924,1.5718,1.5523,1.5376,1.5279,1.5239,1.5269,1.5376,1.5572,1.5836,1.6139,1.6491,1.694,1.7468,1.8074,1.8739,1.9423,2.0117,2.0821,2.1544,2.2268,2.2991,2.3607,2.4174,2.479,2.5415,2.6022,2.6598,2.7126,2.7595,2.7986,2.8309,2.8543,2.868,2.8749,2.8749,2.87,2.8631,2.8534,2.8397,2.8231,2.8025,2.7801,2.7537,2.7263,2.697,2.6657,2.6354,2.6061,2.5748,2.5415,2.5083,2.4751,2.4409,2.4057,2.3695,2.3324,2.2952,2.2571,2.2199,2.1877,2.1574,2.1232,2.088,2.0538,2.0176,1.9795,1.9413,1.9022,1.8631,1.8231,1.784,1.7517,1.7234,1.6921,1.6608,1.6305,1.6002,1.5709,1.5415,1.5112,1.4809,1.4497,1.4174,1.3861,1.3617,1.3421,1.3196,1.2981,1.2796,1.2659,1.2581,1.2561,1.262,1.2747,1.2962,1.3275,1.3636,1.4047,1.4536,1.5103,1.5709,1.6344,1.6989,1.7654,1.8328,1.9022,1.9726,2.042,2.1105,2.1681,2.219,2.2727,2.3265,2.3763,2.4213,2.4604,2.4946,2.523,2.5445,2.5591,2.566,2.566,2.5611,2.5523,2.5396,2.5239,2.5064,2.4878,2.4673,2.4467,2.4252,2.4027,2.3793,2.3548,2.3304,2.306,2.2776,2.2483,2.218,2.1857,2.1525,2.1193,2.087,2.0557,2.0244,1.9932,1.9668,1.9413,1.913,1.8827,1.8514,1.8201,1.7898,1.7595,1.7292,1.6989,1.6686,1.6393,1.6119,1.5914,1.5748,1.5582,1.5445,1.5376,1.5396,1.5494,1.5679,1.5943,1.6285,1.6696,1.7155,1.7586,1.8006,1.8495,1.9003,1.9541,2.0088,2.0616,2.1144,2.1662,2.2151,2.259,2.2981,2.3275,2.35,2.3695,2.3851,2.3959,2.4027,2.4057,2.4047,2.4008,2.3939,2.3851,2.3734,2.3597,2.3451,2.3294,2.3128,2.2952,2.2766,2.2571,2.2375,2.217,2.1965,2.175,2.1525,2.129,2.1075,2.086,2.0626,2.0391,2.0147,1.9677,1.9081,1.8631,1.824,1.7908,1.7605,1.7322,1.7038,1.6804,1.6608,1.6373,1.6129,1.5875,1.5621,1.5376,1.5142,1.4907,1.4682,1.4467,1.4262,1.4106,1.3959,1.3763,1.3558,1.3363,1.3157,1.2952,1.2757,1.2571,1.2395,1.2209,1.2033,1.1867,1.175,1.1662,1.1525,1.1369,1.1202,1.1017,1.0831,1.0655,1.0499,1.0371,1.0283,1.0235,1.0274,1.0362,1.0479,1.0674,1.0958,1.1349,1.1857,1.2473,1.3206,1.4047,1.4976,1.5992,1.7058,1.8016,1.8935,1.9971,2.1056,2.216,2.3255,2.434,2.5406,2.6442,2.7419,2.8338,2.9189,2.9844,3.0371,3.0919,3.1437,3.1887,3.2258,3.2522,3.2678,3.2737,3.2717,3.263,3.2493,3.2307,3.2082,3.1838,3.1584,3.131,3.1046,3.0762,3.045,3.0108,2.9736,2.9335,2.8915,2.8475,2.8065,2.7674,2.7302,2.6931,2.6549,2.6168,2.5777,2.5367,2.4936,2.4487,2.4027,2.3568,2.3118,2.2727,2.2366,2.1984,2.1593,2.1202,2.0831,2.0469,2.0127,1.9795,1.9453,1.911,1.8778,1.8495,1.8231,1.7937,1.7634,1.7312,1.6989,1.6696,1.6393,1.608,1.5777,1.5494,1.523,1.4995,1.4829,1.4741,1.4682,1.4682,1.478,1.4995,1.5318,1.5728,1.6227,1.6813,1.7468,1.8182,1.8827,1.9453,2.0176,2.0948,2.172,2.2493,2.3255,2.3998,2.4731,2.5445,2.6139,2.6804,2.7449,2.7947,2.8338,2.8729,2.9052,2.9296,2.9462,2.955,2.956,2.9501,2.9404,2.9267,2.911,2.8925,2.871,2.8475,2.8211,2.7908,2.7566,2.7195,2.6813,2.6422,2.6022,2.5621,2.521,2.48,2.4409,2.4037,2.3627,2.3187,2.2737,2.2287,2.1848,2.1427,2.1026,2.0626,2.0235,1.9853,1.9531,1.9238,1.8915,1.8563,1.8182,1.7801,1.741,1.6999,1.6569,1.6139,1.5689,1.522,1.4848,1.4516,1.4125,1.3734,1.3343,1.2972,1.261,1.2248,1.1877,1.1525,1.1193,1.087,1.0577,1.0391,1.0283,1.0186,1.0147,1.0186,1.0332,1.0587,1.0948,1.1427,1.2014,1.2678,1.3402,1.4076,1.4731,1.5455,1.6227,1.7038,1.7859,1.869,1.9501,2.0313,2.1114,2.1887,2.262,2.3314,2.3861,2.4301,2.4731,2.5112,2.5425,2.564,2.5767,2.5816,2.5816,2.5787,2.5709,2.5103,2.4233,2.3695,2.3304,2.2991,2.2717,2.2444,2.218,2.1906,2.1613,2.13,2.0968,2.0635,2.0313,2.0029,1.9756,1.9472,1.9179,1.8886,1.8592,2.8866,2.9423,2.9912,2.9912,2.9912,2.9912,2.9912,2.9912,3.0029,3.002,2.9951,2.9834,2.9677,2.9492,2.9267,2.9003,2.8719,2.8416,2.8104,2.7771,2.7429,2.7077,2.6725,2.6364,2.5992,2.5621,2.5249,2.4878,2.4497,2.4135,2.3803,2.3431,2.304,2.2639,2.2239,2.1838,2.1437,2.1026,2.0616,2.0215,1.9814,1.9404,1.9052,1.8729,1.8377,1.8016,1.7664,1.7331,1.7028,1.6735,1.6432,1.6119,1.5797,1.5455,1.5171,1.4917,1.4624,1.4311,1.3998,1.3685,1.3382,1.3099,1.2835,1.2581,1.2356,1.217,1.2082,1.2063,1.2082,1.2151,1.2317,1.2571,1.2903,1.3324,1.3842,1.4438,1.5083,1.5777,1.652,1.7204,1.784,1.8534,1.9267,2,2.0714,2.1408,2.2082,2.2727,2.3343,2.391,2.4418,2.479,2.5083,2.5367,2.5582,2.5738,2.5826,2.5836,2.5767,2.565,2.5484,2.5269,2.5034,2.477,2.4516,2.4262,2.3978,2.3675,2.3353,2.3011,2.2669,2.2317,2.1955,2.1593,2.1232,2.088,2.0567,2.0274,1.9961,1.9629,1.9296,1.8964,1.8622,1.828,1.7918,1.7546,1.7185,1.6833,1.6481,1.6197,1.5953,1.5679,1.5376,1.5073,1.4761,1.4448,1.4135,1.3842,1.3548,1.3255,1.2962,1.2737,1.2551,1.2336,1.2111,1.1887,1.1652,1.1417,1.1193,1.0968,1.0762,1.0587,1.045,1.0371,1.0371,1.045,1.0587,1.0802,1.1095,1.1466,1.1935,1.2502,1.3157,1.3871,1.4653,1.5474,1.6197,1.6872,1.7605,1.8368,1.913,1.9892,2.0645,2.1378,2.2102,2.2786,2.3421,2.3998,2.4487,2.4839,2.5083,2.5298,2.5464,2.5552,2.5572,2.5543,2.5474,2.5376,2.5259,2.5132,2.4985,2.4829,2.4663,2.4477,2.4262,2.4018,2.3773,2.3539,2.3314,2.3079,2.2845,2.261,2.2356,2.2082,2.1828,2.1564,2.1261,2.0938,2.0606,2.0274,1.9951,1.9638,1.9326,1.9022,1.8729,1.8446,1.8201,1.7986,1.7752,1.7517,1.7273,1.7019,1.6745,1.6471,1.6197,1.5924,1.563,1.5337,1.5054,1.4819,1.4624,1.4409,1.4184,1.3969,1.3744,1.3519,1.3314,1.3138,1.2981,1.2884,1.2854,1.2913,1.304,1.3245,1.3539,1.391,1.437,1.4927,1.5572,1.6295,1.7077,1.7908,1.8749,1.9589,2.0313,2.0968,2.1672,2.2414,2.3167,2.39,2.4575,2.521,2.5816,2.6364,2.6843,2.7253,2.7517,2.7693,2.7859,2.7977,2.8035,2.8045,2.8006,2.7908,2.7752,2.7566,2.7351,2.7107,2.6833,2.6559,2.6285,2.5982,2.5679,2.5367,2.5054,2.4731,2.4389,2.4027,2.3656,2.3275,2.2884,2.2532,2.219,2.1818,2.1447,2.1085,2.0714,2.0323,1.9922,1.9541,1.9169,1.8807,1.8456,1.8152,1.7889,1.7595,1.7292,1.6979,1.6657,1.6325,1.5992,1.567,1.5347,1.5034,1.4721,1.4409,1.4164,1.3969,1.3744,1.35,1.3255,1.304,1.2854,1.2698,1.26,1.2561,1.261,1.2737,1.2923,1.3177,1.3529,1.3959,1.4487,1.5093,1.5777,1.653,1.7331,1.8162,1.9013,1.9873,2.0733,2.1476,2.2151,2.2913,2.3685,2.4428,2.5142,2.5797,2.6393,2.6921,2.737,2.7761,2.8084,2.828,2.8377,2.8426,2.8426,2.8377,2.8289,2.8152,2.7986,2.7791,2.7576,2.7331,2.7028,2.6686,2.6334,2.5973,2.5582,2.5171,2.477,2.437,2.3969,2.3578,2.3196,2.2805,2.2405,2.2014,2.1662,2.1339,2.0997,2.0655,2.0293,1.9932,1.957,1.9208,1.8856,1.8514,1.8172,1.784,1.7488,1.7185,1.6901,1.6588,1.6256,1.5924,1.5611,1.5318,1.5034,1.4751,1.4467,1.4194,1.393,1.3724,1.3558,1.3343,1.3118,1.2893,1.2669,1.2454,1.2268,1.2111,1.2023,1.2033,1.2141,1.2356,1.2649,1.3011,1.347,1.3998,1.4585,1.5239,1.5934,1.6667,1.7439,1.8231,1.9042,1.9853,2.0557,2.1202,2.1926,2.2659,2.3392,2.4106,2.478,2.5406,2.5982,2.6491,2.6921,2.7253,2.7478,2.7566,2.7556,2.7527,2.7458,2.7351,2.7214,2.7038,2.6833,2.6608,2.6364,2.608,2.5758,2.5425,2.5093,2.4721,2.4321,2.39,2.347,2.304,2.261,2.217,2.173,2.129,2.0841,2.0381,1.998,1.9609,1.9208,1.8788,1.8368,1.7957,1.7546,1.7136,1.6725,1.6315,1.5924,1.5543,1.5249,1.5005,1.4741,1.4477,1.4242,1.4037,1.3881,1.3783,1.3763,1.3822,1.3978,1.4252,1.4604,1.4976,1.5357,1.5797,1.6276,1.6784,1.7312,1.7849,1.8377,1.8895,1.9394,1.9883,2.0352,2.0723,2.1036,2.1329,2.1564,2.173,2.1818,2.1848,2.1808,2.173,2.1623,2.1476,2.131,2.1144,2.0919,2.0626,2.0313,1.998,1.9648,1.9316,1.8983,1.8641,1.8299,1.7937,1.7566,1.7175,1.6852,1.6549,1.6217,1.5885,1.5543,1.5181,1.48,1.4409,1.4018,1.3627,1.3245,1.2874,1.2581,1.2336,1.2043,1.1711,1.1359,1.1017,1.0665,1.0332,1.001,0.9697,0.93939,0.91007,0.88368,0.8651,0.85142,0.83284,0.81036,0.7869,0.76344,0.74096,0.71652,0.69208,0.66862,0.64614,0.62561,0.61388,0.60704,0.59629,0.58358,0.56794,0.55034,0.53177,0.51417,0.49756,0.48387,0.47312,0.46432,0.45552,0.45455,0.4565,0.45357,0.44966,0.44966,0.4565,0.4741,0.50635,0.55327,0.61584,0.69306,0.78397,0.87586,0.97067,1.0792,1.1975,1.3226,1.4506,1.5806,1.7136,1.8475,1.9804,2.1134,2.2414,2.3636,2.4653,2.5533,2.6452,2.7361,2.8231,2.9013,2.9707,3.0303,3.0762,3.1095,3.131,3.1417,3.1398,3.13,3.1202,3.1075,3.0899,3.0694,3.045,3.0166,2.9844,2.9511,2.9179,2.8827,2.8446,2.8055,2.7654,2.7224,2.6764,2.6315,2.5885,2.5455,2.5024,2.4585,2.4135,2.3675,2.3226,2.2835,2.2444,2.2014,2.1564,2.1124,2.0694,2.0274,1.9863,1.9462,1.9071,1.87,1.8328,1.7947,1.7605,1.7292,1.6931,1.654,1.6139,1.5738,1.5357,1.4985,1.4624,1.4282,1.3939,1.3607,1.3353,1.3128,1.2864,1.2571,1.2297,1.2043,1.1818,1.1662,1.1603,1.1662,1.1848,1.216,1.259,1.306,1.3597,1.4282,1.5044,1.5875,1.6764,1.7703,1.868,1.9687,2.0723,2.174,2.2737,2.3568,2.4301,2.5093,2.5904,2.6686,2.7429,2.8123,2.8739,2.9267,2.9687,2.999,3.0176,3.0244,3.0205,3.0098,2.998,2.9834,2.9658,2.9433,2.9169,2.8866,2.8524,2.8152,2.7752,2.7331,2.6921,2.652,2.609,2.566,2.522,2.4761,2.4291,2.3812,2.3314,2.2815,2.2326,2.1857,2.1388,2.0968,2.0587,2.0156,1.9707,1.9247,1.8807,1.8397,1.7986,1.7576,1.7185,1.6794,1.6413,1.609,1.5777,1.5415,1.5024,1.4614,1.4213,1.3832,1.347,1.3118,1.2766,1.2424,1.2082,1.1818,1.1584,1.132,1.1046,1.0802,1.0606,1.0469,1.0411,1.044,1.0577,1.0831,1.1193,1.1662,1.216,1.2708,1.3382,1.4174,1.5044,1.5982,1.696,1.8368,1.9932,2.1105,2.2063,2.2884,2.3529,2.4086,2.4682,2.5288,2.5894,2.6481,2.7028,2.7517,2.7947,2.8299,2.8553,2.87,2.8759,2.8739,2.8651,2.8524,2.8358,2.8172,2.7957,2.7713,2.7449,2.7175,2.6862,2.653,2.6197,2.5875,2.5572,2.5249,2.4907,2.4575,2.4233,2.3871,2.3509,2.3157,2.2825,2.2493,2.216,2.1828,2.1515,2.1232,2.0899,2.0547,2.0196,1.9824,1.9443,1.9062,1.868,1.8299,1.7937,1.7586,1.7302,1.7048,1.6764,1.6471,1.6178,1.5885,1.5591,1.5298,1.5005,1.4721,1.4438,1.4174,1.392,1.3724,1.3548,1.3333,1.3099,1.2864,1.2669,1.2532,1.2463,1.2483,1.261,1.2835,1.3138,1.349,1.39,1.4399,1.4976,1.5621,1.6325,1.7077,1.7849,1.8622,1.9374,2.0108,2.0821,2.1525,2.2121,2.2659,2.3245,2.3842,2.4428,2.4956,2.5415,2.5797,2.609,2.6295,2.6422,2.6491,2.6481,2.6422,2.6344,2.6237,2.609,2.5934,2.5758,2.5572,2.5367,2.5132,2.4878,2.4604,2.4311,2.4018,2.3724,2.3392,2.305,2.2717,2.2375,2.2043,2.172,2.1417,2.1124,2.0821,2.0508,2.0244,1.998,1.9677,1.9355,1.9022,1.87,1.8387,1.8104,1.782,1.7546,1.7273,1.7009,1.6745,1.654,1.6364,1.6139,1.5885,1.5611,1.5347,1.5093,1.4858,1.4643,1.4428,1.4223,1.4008,1.3851,1.3715,1.3539,1.3363,1.3216,1.3099,1.304,1.305,1.3138,1.3304,1.3568,1.391,1.433,1.477,1.5259,1.5846,1.651,1.7234,1.7996,1.8778,1.957,2.0352,2.1144,2.1926,2.2678,2.3314,2.3871,2.4457,2.5054,2.564,2.6178,2.6667,2.7097,2.7458,2.7752,2.7947,2.8065,2.8084,2.8045,2.7977,2.7869,2.7722,2.7537,2.7341,2.7146,2.695,2.6745,2.653,2.6295,2.6041,2.5787,2.5533,2.5259,2.4966,2.4663,2.435,2.4018,2.3666,2.3314,2.2962,2.261,2.2278,2.1984,2.172,2.1437,2.1153,2.088,2.0596,2.0323,2.0068,1.9795,1.9511,1.9208,2.6608,2.7204,2.7654,2.7996,2.8319,2.8573,2.8749,2.8856,2.8895,2.8866,2.8778,2.8651,2.8485,2.828,2.8035,2.7771,2.7498,2.7195,2.6882,2.6559,2.6237,2.5904,2.5562,2.522,2.4878,2.4536,2.4184,2.3861,2.3558,2.3226,2.2864,2.2473,2.2082,2.1691,2.13,2.0938,2.0567,2.0205,1.9853,1.9501,1.9198,1.8935,1.8641,1.8338,1.8025,1.7703,1.738,1.7077,1.6774,1.6481,1.6188,1.5894,1.567,1.5464,1.522,1.4946,1.4673,1.4399,1.4135,1.3891,1.3666,1.348,1.3333,1.3255,1.3255,1.3333,1.349,1.3715,1.4018,1.4409,1.4888,1.5455,1.609,1.6794,1.7537,1.8328,1.914,1.9844,2.0489,2.1193,2.1906,2.263,2.3343,2.4027,2.4682,2.5308,2.5885,2.6413,2.6872,2.7243,2.7468,2.7595,2.7674,2.7683,2.7625,2.7498,2.7322,2.7243,2.7185,2.6999,2.6745,2.6461,2.6168,2.5846,2.5474,2.5064,2.4604,2.4115,2.3607,2.3099,2.259,2.2102,2.1613,2.1134,2.0665,2.0244,1.9844,1.9404,1.8935,1.8436,1.7908,1.7361,1.6804,1.6256,1.5738,1.5259,1.4809,1.4457,1.4145,1.3773,1.3382,1.2972,1.259,1.2248,1.1955,1.173,1.1593,1.1554,1.1613,1.1779,1.2033,1.2366,1.2815,1.3363,1.3988,1.4682,1.5425,1.6188,1.695,1.7703,1.8436,1.913,1.9697,2.0196,2.0723,2.1232,2.1691,2.2072,2.2356,2.2551,2.2649,2.2659,2.259,2.2473,2.2326,2.217,2.1965,2.174,2.1476,2.1193,2.0909,2.0626,2.0342,2.0049,1.9746,1.9413,1.9052,1.8729,1.8416,1.8065,1.7693,1.7312,1.6921,1.653,1.6119,1.5689,1.5269,1.4858,1.4457,1.4125,1.3832,1.3509,1.3167,1.2815,1.2493,1.219,1.1896,1.1613,1.1339,1.1085,1.0821,1.0577,1.0391,1.0225,1.002,0.97947,0.95699,0.93451,0.91398,0.89541,0.87781,0.86217,0.84848,0.83578,0.82893,0.826,0.81818,0.80743,0.79374,0.7781,0.76246,0.7478,0.73314,0.71945,0.70577,0.69306,0.68035,0.67449,0.67351,0.66862,0.66471,0.66471,0.67155,0.68719,0.71163,0.74682,0.79472,0.85435,0.92669,1.001,1.0802,1.175,1.2825,1.3998,1.523,1.651,1.782,1.915,2.0489,2.1808,2.3079,2.4301,2.5327,2.6227,2.7224,2.8231,2.9218,3.0137,3.0958,3.1672,3.2287,3.2786,3.3148,3.3412,3.3519,3.35,3.346,3.3392,3.3275,3.3109,3.2893,3.263,3.2326,3.1994,3.1623,3.1251,3.086,3.0459,3.0039,2.9589,2.912,2.8651,2.8182,2.7693,2.7214,2.6725,2.6217,2.5699,2.5191,2.4741,2.4301,2.3842,2.3392,2.2933,2.2473,2.2023,2.1564,2.1114,2.0645,2.0166,1.9677,1.9169,1.8729,1.8328,1.7898,1.7478,1.7077,1.6686,1.6295,1.5924,1.5552,1.5181,1.479,1.4409,1.4106,1.3881,1.3685,1.3568,1.3539,1.3607,1.3763,1.4037,1.4399,1.4848,1.5367,1.5973,1.6647,1.7273,1.7879,1.8573,1.9296,2.0029,2.0743,2.1408,2.2014,2.2561,2.3011,2.3353,2.3578,2.3705,2.3763,2.3763,2.3724,2.3587,2.347,2.3353,2.3206,2.304,2.2854,2.2659,2.2454,2.2248,2.1906,2.1476,2.1153,2.087,2.0596,2.0323,2.0049,1.9795,1.955,1.9296,1.9022,1.8798,1.8583,1.8328,1.8055,1.7791,1.7517,1.7234,1.696,1.6696,1.6432,1.6168,1.5914,1.5709,1.5533,1.5327,1.5122,1.4927,1.4731,1.4536,1.434,1.4154,1.3969,1.3783,1.3587,1.3392,1.3255,1.3157,1.303,1.2874,1.2708,1.2542,1.2366,1.219,1.2014,1.1838,1.1662,1.1486,1.1378,1.13,1.1202,1.1114,1.1036,1.0978,1.0968,1.1007,1.1124,1.1329,1.1623,1.1994,1.2444,1.2923,1.3431,1.4047,1.477,1.5562,1.6413,1.7302,1.8211,1.913,2.0039,2.0929,2.1799,2.2522,2.3157,2.3871,2.4594,2.5298,2.5963,2.6598,2.7175,2.7674,2.8094,2.8436,2.8671,2.8817,2.8837,2.8778,2.869,2.8563,2.8387,2.8172,2.7928,2.7654,2.7361,2.7067,2.6764,2.6461,2.6168,2.5865,2.5552,2.52,2.4809,2.4389,2.3959,2.3529,2.3109,2.2698,2.2297,2.1887,2.1476,2.1114,2.0762,2.0371,1.9971,1.958,1.9198,1.8827,1.8475,1.8133,1.7791,1.7439,1.7097,1.6804,1.653,1.6207,1.5865,1.5523,1.521,1.4907,1.4594,1.4291,1.3998,1.3705,1.3412,1.3138,1.2923,1.2737,1.2512,1.2278,1.2043,1.1818,1.1642,1.1535,1.1535,1.1632,1.1848,1.216,1.2512,1.2923,1.3412,1.3969,1.4575,1.523,1.5914,1.6618,1.7351,1.8094,1.8837,1.957,2.0274,2.086,2.1398,2.1975,2.2551,2.3099,2.3607,2.4066,2.4457,2.477,2.4995,2.5132,2.52,2.5191,2.5132,2.5054,2.4936,2.479,2.4624,2.4448,2.4252,2.4057,2.3842,2.3607,2.3353,2.3079,2.2815,2.2561,2.2287,2.1994,2.1691,2.1398,2.1085,2.0753,2.0401,2.0059,1.9736,1.9433,1.9169,1.8935,1.868,1.8416,1.8143,1.7859,1.7566,1.7273,1.6999,1.6745,1.65,1.6266,1.6041,1.5865,1.5718,1.5533,1.5327,1.5122,1.4917,1.4712,1.4497,1.4272,1.4047,1.3812,1.3578,1.3402,1.3275,1.3138,1.3001,1.2893,1.2854,1.2893,1.3011,1.3196,1.348,1.3851,1.4311,1.4839,1.5357,1.5885,1.652,1.7224,1.7986,1.8768,1.955,2.0332,2.1124,2.1906,2.2688,2.3441,2.4066,2.4614,2.521,2.5806,2.6364,2.6862,2.7292,2.7889,2.8426,2.8856,2.9169,2.9198,2.914,2.9062,2.8964,2.8847,2.871,2.8553,2.8358,2.8133,2.7879,2.7586,2.7263,2.6921,2.6588,2.6256,2.5904,2.5533,2.5161,2.48,2.4448,2.4096,2.3754,2.3392,2.3011,2.26,2.2229,2.1877,2.1505,2.1114,2.0723,2.0332,1.9932,1.9531,1.915,1.8798,1.8456,1.8113,1.7761,1.7458,1.7165,1.6833,1.6491,1.6139,1.5787,1.5445,1.5112,1.48,1.4516,1.4262,1.4018,1.3832,1.3695,1.3558,1.347,1.3451,1.349,1.3607,1.3822,1.4135,1.4536,1.5034,1.563,1.6305,1.694,1.7576,1.8319,1.913,1.9951,2.0762,2.1564,2.2366,2.3148,2.391,2.4653,2.5376,2.5953,2.6442,2.697,2.7478,2.7928,2.8309,2.8592,2.8788,2.8886,2.8905,2.8866,2.8768,2.8641,2.8485,2.8289,2.8065,2.781,2.7517,2.7214,2.6921,2.6618,2.6325,2.6022,2.5709,2.5357,2.5005,2.4643,2.4233,2.3793,2.3353,2.2923,2.2493,2.2053,2.1603,2.1163,2.0733,2.0303,1.9883,1.9521,1.9198,1.8847,1.8485,1.8113,1.7722,1.7331,1.695,1.6579,1.6227,1.5914,1.565,1.5484,1.5376,1.5318,1.5327,1.5415,1.5582,1.5816,1.6129,1.651,1.696,1.7488,1.8094,1.8739,1.9316,1.9863,2.0479,2.1105,2.173,2.2346,2.2942,2.3519,2.4076,2.4604,2.5083,2.5494,2.5787,2.5973,2.6119,2.6217,2.6246,2.6217,2.6139,2.6012,2.5846,2.565,2.5415,2.5152,2.4868,2.4594,2.4321,2.4018,2.3705,2.3382,2.305,2.2698,2.2317,2.1916,2.1515,2.1105,2.0684,2.0313,1.9971,1.9599,1.9218,1.8847,1.8475,1.8123,1.7761,1.739,1.7009,1.6628,1.6217,1.5816,1.5484,1.5181,1.4839,1.4487,1.4115,1.3763,1.3402,1.305,1.2708,1.2366,1.2033,1.1711,1.1466,1.1261,1.0987,1.0694,1.0411,1.0127,0.98631,0.96383,0.94037,0.91691,0.89247,0.86804,0.84457,0.82893,0.81525,0.79472,0.77322,0.75269,0.73216,0.71261,0.69599,0.68133,0.67155,0.66862,0.67253,0.68719,0.71065,0.74194,0.78299,0.8348,0.89638,0.96579,1.044,1.129,1.2199,1.3148,1.4125,1.5005,1.5826,1.6725,1.7664,1.8622,1.956,2.0459,2.1329,2.216,2.2952,2.3675,2.4321,2.4888,2.5298,2.5601,2.6139,2.6745,2.7097,2.7283,2.7361,2.7361,2.7302,2.7195,2.7058,2.6891,2.6696,2.6471,2.6227,2.5963,2.567,2.5367,2.5064,2.4761,2.4457,2.4154,2.3832,2.35,2.3157,2.2845,2.2532,2.219,2.1838,2.1486,2.1144,2.0831,2.0518,2.0205,1.9902,1.9589,1.9267,1.8993,1.8749,1.8465,1.8182,1.7908,1.7634,1.738,1.7146,1.6911,1.6686,1.6471,1.6266,1.607,1.5904,1.5758,1.5562,1.5357,1.5152,1.4956,1.4751,1.4555,1.4379,1.4233,1.4096,1.3978,1.392,1.392,1.3949,1.4037,1.4203,1.4457,1.48,1.523,1.5738,1.6315,1.694,1.7625,1.8358,1.9022,1.9638,2.0323,2.1056,2.1818,2.2581,2.3333,2.4076,2.48,2.5494,2.6452,2.6979,2.739,2.7908,2.8211,2.8446,2.8612,2.871,2.8759,2.8759,2.871,2.8641,2.8534,2.8377,2.8182,2.7977,2.7761,2.7546,2.7312,2.7077,2.6833,2.6569,2.6285,2.5992,2.5679,2.5347,2.5034,2.4731,2.4418,2.4106,2.3783,2.3265,2.2933,2.26,2.2111,2.1799,2.1496,2.1173,2.089,2.0635,2.0342,2.0039,1.9746,1.9453,1.9169,1.8895,1.8631,1.8368,1.8104,1.782,1.7586,1.738,1.7136,1.6882,1.2268,1.1984,1.174,1.1447,1.1134,1.0821,1.0508,1.0215,0.99413,0.96774,0.94037,0.913,0.88661,0.86706,0.85142,0.83089,0.80938,0.78495,0.76051,0.73803,0.71554,0.69208,0.66862,0.64516,0.62366,0.60215,0.58847,0.57869,0.56598,0.55327,0.53959,0.5259,0.51222,0.49658,0.47801,0.45943,0.44184,0.42424,0.41447,0.40958,0.40078,0.39296,0.39003,0.39394,0.40567,0.42913,0.46432,0.51222,0.57185,0.64125,0.72239,0.80352,0.88759,0.98631,1.0938,1.2082,1.3265,1.4457,1.5621,1.6764,1.7879,1.8944,1.998,2.086,2.1632,2.2483,2.3353,2.4213,2.5015,2.5738,2.6364,2.6891,2.7292,2.7556,2.7713,2.7771,2.7732,2.7625,2.7498,2.7341,2.7175,2.6999,2.6794,2.6549,2.6285,2.5992,2.5679,2.5337,2.5005,2.4682,2.435,2.4008,2.3656,2.3275,2.2864,2.2454,2.2043,2.1632,2.1212,2.0782,2.0362,1.998,1.9619,1.9218,1.8778,1.8319,1.7859,1.7439,1.7038,1.6667,1.6334,1.6022,1.5709,1.6373,1.7546,1.8006,1.8113,1.8025,1.7849,1.7625,1.74,1.7195,1.6989,1.6794,1.6608,1.6432,1.6285,1.6158,1.5982,1.5787,1.5601,1.5425,1.5279,1.5191,1.5171,1.5249,1.5406,1.564,1.5914,1.6256,1.6676,1.7155,1.7693,1.828,1.8905,1.956,2.0254,2.0987,2.174,2.2502,2.3255,2.3891,2.4457,2.5064,2.567,2.6256,2.6823,2.7361,2.7859,2.8309,2.869,2.8993,2.9228,2.9355,2.9384,2.9374,2.9326,2.9238,2.912,2.8993,2.8856,2.87,2.8514,2.8309,2.8084,2.7849,2.7615,2.737,2.7107,2.6833,2.6559,2.6285,2.6012,2.5748,2.5474,2.5191,2.4897,2.4575,2.4262,2.3959,2.3607,2.3236,2.2864,2.2502,2.218,2.1867,2.1564,2.1281,2.0997,2.0714,2.0479,2.0244,1.999,1.9726,1.9462,1.9198,1.8935,1.8671,1.8407,1.8133,1.7859,1.7595,1.7341,1.7146,1.6999,1.6833,1.6657,1.651,1.6403,1.6364,1.6383,1.6461,1.6608,1.6833,1.7146,1.7488,1.7859,1.8319,1.8847,1.9423,2.0029,2.0665,2.132,2.1994,2.2688,2.3392,2.4086,2.4761,2.5318,2.5797,2.6315,2.6843,2.7351,2.782,2.8231,2.8573,2.8856,2.9081,2.9247,2.9355,2.9374,2.9326,2.9257,2.915,2.9003,2.8837,2.8651,2.8446,2.8211,2.7947,2.7644,2.7322,2.697,2.6628,2.6295,2.5973,2.566,2.5357,2.5054,2.4741,2.4428,2.4106,2.3754,2.3402,2.305,2.2737,2.2454,2.216,2.1857,2.1554,2.1251,2.0958,2.0674,2.0391,2.0117,1.9844,1.957,1.9296,1.9052,1.8827,1.8573,1.8309,1.8045,1.7781,1.7527,1.7283,1.7038,1.6794,1.6559,1.6325,1.6129,1.5963,1.5777,1.5591,1.5425,1.5308,1.5249,1.5269,1.5376,1.5562,1.5836,1.6197,1.6637,1.7077,1.7537,1.8074,1.8671,1.9306,1.9961,2.0635,2.132,2.2014,2.2708,2.3382,2.4027,2.4545,2.4995,2.5484,2.5973,2.6442,2.6872,2.7234,2.7517,2.7732,2.7879,2.7947,2.7957,2.7918,2.782,2.7683,2.7537,2.737,2.7195,2.6999,2.6774,2.652,2.6237,2.5943,2.563,2.5298,2.4985,2.4692,2.4389,2.4076,2.3773,2.347,2.3167,2.2835,2.2493,2.2141,2.1799,2.1476,2.1183,2.0929,2.0684,2.042,2.0137,1.9853,1.957,1.8368,1.6676,1.563,1.4917,1.4379,1.392,1.3568,1.3275,1.2962,1.262,1.2248,1.1877,1.1496,1.1095,1.0694,1.0264,0.98338,0.9433,0.9042,0.87586,0.85533,0.83578,0.82014,0.81134,0.81232,0.82307,0.84457,0.87683,0.91887,0.97067,1.0313,1.0909,1.1525,1.2248,1.303,1.3871,1.4751,1.566,1.6569,1.7449,1.8299,1.912,1.9902,2.0547,2.1124,2.175,2.2366,2.2942,2.3421,2.3803,2.4086,2.4262,2.435,2.436,2.4301,2.4213,2.4076,2.392,2.3734,2.3529,2.3294,2.3021,2.2708,2.2356,2.1965,2.1574,2.1183,2.0772,2.0391,2.0029,1.9638,1.9238,1.8827,1.8397,1.7967,1.7546,1.7126,1.6716,1.6295,1.5885,1.5474,1.5122,1.4809,1.4457,1.4086,1.3685,1.3294,1.2903,1.2493,1.2111,1.176,1.1417,1.1075,1.0811,1.0587,1.0303,0.99804,0.96383,0.92864,0.89345,0.85728,0.82307,0.78983,0.75758,0.72727,0.6999,0.68328,0.67253,0.66178,0.65494,0.65396,0.66178,0.67937,0.70674,0.74682,0.79765,0.8563,0.92473,0.99316,1.0616,1.1408,1.2278,1.3187,1.4135,1.5103,1.608,1.7058,1.8025,1.8954,1.9834,2.0674,2.1359,2.1955,2.259,2.3216,2.3773,2.4233,2.4604,2.4878,2.5054,2.5142,2.5142,2.5083,2.4966,2.48,2.4614,2.4428,2.4242,2.4037,2.3803,2.3548,2.3265,2.2962,2.263,2.2297,2.1935,2.1593,2.1261,2.0909,2.0538,2.0176,1.9804,1.9413,1.9013,1.8612,1.8211,1.783,1.7488,1.7204,1.695,1.6667,1.6373,1.608,1.5767,1.5435,1.5093,1.4751,1.4389,1.4027,1.3666,1.3314,1.306,1.2854,1.262,1.2375,1.2121,1.1848,1.1584,1.1339,1.1105,1.088,1.0674,1.0489,1.0381,1.0342,1.0342,1.0411,1.0557,1.0802,1.1153,1.1613,1.216,1.2796,1.3519,1.433,1.521,1.6022,1.6823,1.7752,1.8739,1.9726,2.0694,2.1632,2.2542,2.3412,2.4242,2.5034,2.5777,2.6364,2.6852,2.737,2.7849,2.824,2.8514,2.868,2.8749,2.8729,2.8651,2.8514,2.8328,2.8113,2.7889,2.7644,2.738,2.7087,2.6764,2.6413,2.6022,2.5611,2.5181,2.4751,2.433,2.392,2.3558,2.3206,2.2815,2.2405,2.1994,2.1584,2.1163,2.0723,2.0293,1.9863,1.9413,1.8964,1.8573,1.8798,1.9296,1.9365,1.9208,1.8954,1.8661,1.8348,1.8025,1.7713,1.74,1.7077,1.6745,1.6471,1.6227,1.5943,1.565,1.5357,1.5073,1.4819,1.4594,1.4379,1.4174,1.3998,1.3861,1.3803,1.3822,1.39,1.4057,1.4311,1.4673,1.5132,1.566,1.6266,1.6931,1.7644,1.8407,1.9198,1.9912,2.0596,2.1369,2.219,2.303,2.3881,2.4721,2.5552,2.6364,2.7126,2.784,2.8485,2.8964,2.9306,2.9619,2.9863,3.0039,3.0147,3.0205,3.0196,3.0127,3,2.9834,2.9619,2.9365,2.9091,2.8788,2.8456,2.8104,2.7742,2.737,2.7009,2.6667,2.6334,2.6002,2.566,2.5318,2.4995,2.4663,2.4291,2.39,2.35,2.3089,2.2659,2.2199,2.173,2.1232,2.0714,2.0196,1.9687,1.9257,1.8895,1.8495,1.8065,1.7634,1.7214,1.6794,1.6383,1.6002,1.565,1.5347,1.5122,1.4995,1.4966,1.5015,1.5142,1.5367,1.5679,1.607,1.653,1.7038,1.7595,1.8201,1.8847,1.9521,2.0127,2.0694,2.132,2.1965,2.26,2.3196,2.3754,2.4242,2.4673,2.5044,2.5347,2.5582,2.5709,2.5748,2.5738,2.567,2.5552,2.5386,2.5181,2.4946,2.4692,2.4418,2.4135,2.3842,2.3529,2.3226,2.2923,2.2571,2.2199,2.1828,2.1466,2.1124,2.0782,2.044,2.0098,1.9736,1.9355,1.9022,1.871,1.8358,1.7996,1.7634,1.7283,1.6931,1.6588,1.6246,1.5885,1.5533,1.5191,1.4878,1.4643,1.4438,1.4194,1.393,1.3656,1.3363,1.3069,1.2776,1.2493,1.2219,1.1955,1.1711,1.1535,1.1398,1.1202,1.0958,1.0704,1.0469,1.0254,1.0039,0.9824,0.9609,0.94037,0.91887,0.89638,0.88074,0.86999,0.85533,0.84066,0.826,0.81329,0.80352,0.79863,0.79961,0.80841,0.82698,0.8563,0.89345,0.94037,1,1.0733,1.1564,1.2463,1.3412,1.4389,1.5386,1.6383,1.74,1.8426,1.9453,2.0352,2.1183,2.2092,2.303,2.3949,2.4839,2.5679,2.6442,2.7126,2.7722,2.8211,2.8602,2.8837,2.8964,2.9062,2.913,2.915,2.912,2.9032,2.8895,2.8719,2.8514,2.8299,2.8074,2.784,2.7605,2.7361,2.7097,2.6804,2.6471,2.6119,2.5748,2.5367,2.4995,2.4624,2.4252,2.3881,2.3548,2.3236,2.2913,2.2561,2.2199,2.1828,2.1457,2.1271,2.1173,2.0958,2.0684,2.0381,2.0117,1.9883,1.9619,1.9335,1.9042,1.8739,1.8436,1.8152,1.7869,1.7586,1.7302,1.7028,1.6755,1.653,1.6344,1.6129,1.5904,1.567,1.5455,1.5259,1.5083,1.4946,1.4858,1.4819,1.4848,1.4946,1.5112,1.5357,1.5699,1.6139,1.6667,1.7263,1.7918,1.8612,1.9345,2.0098,2.086,2.1632,2.2307,2.2923,2.3597,2.4311,2.5015,2.5709,2.6373,2.7009,2.7595,2.8133,2.8602,2.9003,2.9277,2.9443,2.958,2.9658,2.9668,2.9609,2.9482,2.9326,2.914,2.8925,2.87,2.8475,2.824,2.7996,2.7732,2.7439,2.7126,2.6804,2.6471,2.6119,2.5748,2.5386,2.5024,2.4663,2.4301,2.3969,2.3656,2.3333,2.3001,2.2659,2.2297,2.1926,2.1564,2.1212,2.087,2.0538,2.0215,1.9892,1.9609,1.9345,1.9042,1.8719,1.8397,1.8065,1.7713,1.738,1.7077,1.6794,1.652,1.6246,1.6041,1.5846,1.5601,1.5357,1.5122,1.4897,1.4692,1.4536,1.4428,1.4379,1.4399,1.4497,1.4702,1.4966,1.8837,1.8416,1.7986,1.7566,1.7155,1.6764,1.6373,1.6041,1.5748,1.5425,1.5093,1.4761,1.4428,1.4106,1.3803,1.35,1.3187,1.2874,1.2571,1.2346,1.2131,1.1887,1.1642,1.1388,1.1134,1.087,1.0616,1.0362,1.0098,0.9824,0.95699,0.93255,0.91691,0.90714,0.89736,0.89247,0.89638,0.90811,0.92962,0.96285,1.0078,1.0635,1.129,1.2033,1.2747,1.346,1.4301,1.521,1.6158,1.7126,1.8113,1.911,2.0117,2.1124,2.2111,2.3079,2.4008,2.4761,2.5415,2.6139,2.6843,2.7498,2.8084,2.8573,2.8974,2.9257,2.9433,2.9511,2.9511,2.9423,2.9277,2.911,2.8915,2.87,2.8446,2.8143,2.7791,2.741,2.7009,2.6588,2.6168,2.5728,2.5308,2.4897,2.434,2.3822,2.3441,2.3021,2.2581,2.2151,2.172,2.13,2.088,2.044,2.0049,1.9697,1.9306,1.8886,1.8436,1.7967,1.7507,1.7067,1.6647,1.6246,1.5855,1.5464,1.5122,1.4819,1.4477,1.4115,1.3754,1.3382,1.3001,1.262,1.2239,1.1857,1.1466,1.1065,1.0684,1.0401,1.0166,0.99218,0.97165,0.95699,0.95015,0.95308,0.96579,0.98729,1.0176,1.0587,1.1095,1.1623,1.217,1.2805,1.3509,1.4262,1.5044,1.5855,1.6686,1.7507,1.8319,1.913,1.9912,2.0665,2.1281,2.1828,2.2424,2.3001,2.3519,2.3969,2.4321,2.4555,2.4682,2.4712,2.4653,2.4545,2.4399,2.4233,2.4057,2.3861,2.3803,2.3803,2.3646,2.3402,2.3109,2.2776,2.2434,2.2092,2.174,2.1417,2.1114,2.0762,2.0391,2,1.9589,1.9159,1.8729,1.8309,1.7889,1.7488,1.7107,1.6784,1.6491,1.6158,1.5806,1.5445,1.5083,1.4702,1.433,1.3988,1.3656,1.3343,1.304,1.2747,1.2522,1.2326,1.2072,1.1789,1.1496,1.1202,1.0919,1.0635,1.0362,1.0088,0.98436,0.96188,0.94721,0.93646,0.92375,0.91398,0.90909,0.91202,0.93548,0.96481,0.99218,1.0342,1.1056,1.1779,1.2336,1.2933,1.3558,1.4291,1.5093,1.5924,1.6764,1.7615,1.8465,1.9296,2.0108,2.088,2.1613,2.2219,2.2737,2.3284,2.3803,2.4282,2.4702,2.5044,2.5298,2.5464,2.5543,2.5552,2.5494,2.5386,2.5249,2.5093,2.4917,2.4721,2.4506,2.4262,2.3998,2.3705,2.3392,2.3079,2.2766,2.2444,2.2141,2.1848,2.1525,2.1183,2.0831,2.0489,2.0127,1.9756,1.9394,1.9042,1.8719,1.8407,1.8074,1.7801,1.7556,1.7273,1.697,1.6657,1.6354,1.6041,1.5728,1.5425,1.5112,1.4809,1.4497,1.4242,1.4018,1.3763,1.35,1.3226,1.2972,1.2717,1.2483,1.2258,1.2043,1.1848,1.1691,1.1584,1.1574,1.1632,1.174,1.1916,1.219,1.2551,1.2991,1.3519,1.4135,1.4829,1.5582,1.6373,1.7087,1.7761,1.8524,1.9316,2.0108,2.0899,2.1672,2.2424,2.3157,2.3861,2.4545,2.5181,2.5738,2.6158,2.6481,2.6784,2.7038,2.7214,2.7322,2.7361,2.7331,2.7243,2.7107,2.6931,2.6706,2.6461,2.6197,2.5914,2.5601,2.5279,2.4956,2.4614,2.4262,2.3891,2.3421,2.3011,2.2717,2.2434,2.2043,2.1652,2.1359,2.1007,2.0616,2.0225,1.9824,1.9413,1.9013,1.8622,1.824,1.7879,1.7595,1.7341,1.7058,1.6774,1.6481,1.6158,1.5836,1.5523,1.52,1.4858,1.4516,1.4174,1.391,1.3685,1.3412,1.3118,1.2835,1.2551,1.2287,1.2063,1.1877,1.174,1.1662,1.1662,1.174,1.1887,1.2111,1.2405,1.2933,1.349,1.393,1.4487,1.5132,1.5846,1.6608,1.74,1.8201,1.8905,1.956,2.0283,2.1026,2.1779,2.2512,2.3226,2.4037,2.4878,2.5425,2.5797,2.6168,2.65,2.6725,2.6852,2.694,2.6979,2.696,2.6843,2.6706,2.6569,2.6383,2.6158,2.6413,2.6979,2.7195,2.7146,2.6921,2.6598,2.6227,2.5728,2.5279,2.4956,2.4594,2.4106,2.3558,2.3177,2.2805,2.2336,2.1887,2.1564,2.1183,2.0635,2.0117,1.9619,1.913,1.8661,1.8211,1.7771,1.7419,1.7107,1.6745,1.6364,1.5973,1.5582,1.52,1.4809,1.4516,1.4184,1.3744,1.3353,1.2991,1.2717,1.2473,1.217,1.1838,1.1486,1.1144,1.086,1.0645,1.0518,1.0499,1.0577,1.0762,1.1026,1.1378,1.1828,1.2346,1.2942,1.3597,1.4311,1.5073,1.5875,1.6716,1.7576,1.8456,1.9316,2.0049,2.0723,2.1457,2.2209,2.2962,2.3675,2.436,2.4995,2.5543,2.5992,2.6344,2.6598,2.6735,2.6784,2.6794,2.6755,2.6657,2.652,2.6354,2.6139,2.5894,2.563,2.5367,2.5083,2.477,2.4477,2.4174,2.3832,2.346,2.3079,2.2708,2.2336,2.1965,2.1603,2.1241,2.086,2.0459,2.0108,1.9765,1.9384,1.8993,1.8602,1.8201,1.7791,1.738,1.697,1.654,1.6129,1.5738,1.5367,1.5083,1.4839,1.4565,1.4301,1.4066,1.3891,1.3754,1.3685,1.3724,1.3851,1.4066,1.437,1.4721,1.5112,1.5591,1.6149,1.6764,1.7419,1.8113,1.8827,1.9531,2.0235,2.0938,2.1632,2.2209,2.2708,2.3245,2.3773,2.4242,2.4643,2.4966,2.521,2.5357,2.5415,2.5425,2.5396,2.5327,2.523,2.5103,2.4946,2.4761,2.4555,2.433,2.4086,2.3822,2.3558,2.3284,2.3011,2.2717,2.2454,2.2199,2.1896,2.1574,2.1241,2.0909,2.0587,2.0274,1.9971,1.9668,1.9374,1.9081,1.8759,1.8495,1.825,1.7957,1.7634,1.7322,1.7028,1.6745,1.6461,1.6178,1.5894,1.5601,1.5318,1.5103,1.4917,1.4692,1.4438,1.4194,1.3949,1.3715,1.349,1.3294,1.3128,1.2962,1.2786,1.26,1.2463,1.2326,1.2131,1.1916,1.1711,1.1515,1.1339,1.1163,1.1007,1.086,1.0723,1.0616,1.0577,1.0596,1.0626,1.0723,1.089,1.1173,1.1574,1.2092,1.2727,1.3451,1.4262,1.5161,1.6129,1.7009,1.7859,1.8827,1.9863,2.0938,2.2033,2.3148,2.4262,2.5367,2.6442,2.7488,2.8504,2.9316,3,3.0723,3.1408,3.2023,3.2561,3.3001,3.3353,3.3607,3.3783,3.3861,3.3851,3.3763,3.3607,3.3382,3.3118,3.2835,3.1613,2.9912,2.8915,2.827,2.7791,2.739,2.7028,2.6676,2.6334,2.5992,2.563,2.5249,2.4868,2.4487,2.4125,2.3754,2.3372,2.2972,2.2571,2.216,2.176,2.1398,2.1075,2.0743,2.0401,2.0049,1.9697,1.9335,1.8954,1.8573,1.8201,1.784,1.7488,1.7195,1.6931,1.6647,1.6344,1.6041,1.5748,1.5464,1.5191,1.4917,1.4653,1.4399,1.4145,1.392,1.3763,1.3656,1.3558,1.3519,1.3578,1.3724,1.3949,1.4262,1.4663,1.5132,1.567,1.6256,1.6813,1.7361,1.8006,1.871,1.9453,2.0215,2.0997,2.1779,2.2551,2.3304,2.4037,2.4731,2.5376,2.5885,2.6305,2.6745,2.7155,2.7517,2.7801,2.8006,2.8133,2.8192,2.8182,2.8104,2.7967,2.7781,2.7546,2.7292,2.7019,2.6725,2.6442,2.6149,2.5846,2.5533,2.52,2.4858,2.4497,2.4125,2.3783,2.3451,2.3089,2.2688,2.2268,2.1848,2.1427,2.1026,2.0616,2.0196,1.9785,1.9374,1.9022,1.871,1.8368,1.8016,1.7654,1.7283,1.6901,1.653,1.6168,1.5797,1.5425,1.5054,1.4761,1.4506,1.4233,1.3939,1.3627,1.3314,1.3001,1.2688,1.2385,1.2092,1.1808,1.1554,1.1339,1.1222,1.1173,1.1134,1.1153,1.1241,1.1417,1.1681,1.2033,1.2463,1.2972,1.3539,1.4154,1.4731,1.5298,1.5943,1.6647,1.737,1.8104,1.8847,1.958,2.0283,2.0968,2.1613,2.2239,2.2845,2.3324,2.3715,2.4115,2.4467,2.4761,2.4966,2.5093,2.5142,2.5122,2.5054,2.4927,2.477,2.4614,2.4438,2.4242,2.4018,2.3763,2.348,2.3167,2.2845,2.2512,2.217,2.1828,2.1476,2.1134,2.0831,2.0538,2.0215,1.9873,1.9521,1.9169,1.8807,1.8446,1.8084,1.7722,1.737,1.7038,1.6764,1.652,1.6237,1.5943,1.565,1.5337,1.5024,1.4712,1.4399,1.4106,1.3812,1.3529,1.3255,1.304,1.2845,1.26,1.2336,1.2072,1.1818,1.1574,1.1349,1.1144,1.0938,1.0753,1.0606,1.0547,1.0567,1.0626,1.0772,1.1007,1.1329,1.173,1.2219,1.2776,1.3402,1.4086,1.4819,1.5591,1.6295,1.696,1.7703,1.8485,1.9277,2.0049,2.0802,2.1544,2.2278,2.2972,2.3617,2.4213,2.4682,2.5044,2.5396,2.5709,2.5953,2.6119,2.6207,2.6237,2.6227,2.6178,2.609,2.6305,2.6637,2.6686,2.6588,2.6403,2.6168,2.5904,2.5611,2.5308,2.4995,2.4653,2.4291,2.392,2.3548,2.3206,2.2884,2.2532,2.217,2.1799,2.1427,2.1046,2.0665,2.0274,1.9883,1.9511,1.9169,1.8827,1.8524,1.826,1.7967,1.7664,1.7361,1.7067,1.6764,1.6452,1.6129,1.5806,1.5484,1.5171,1.4936,1.4731,1.4477,1.4223,1.3969,1.3724,1.35,1.3284,1.3099,1.2962,1.2874,1.2854,1.2913,1.303,1.3216,1.3509,1.39,1.4379,1.4956,1.5621,1.6364,1.7175,1.8025,1.8895,1.9785,2.0557,2.1251,2.2033,2.2845,2.3646,2.4448,2.523,2.5963,2.6657,2.7292,2.7849,2.8319,2.8631,2.8837,2.9022,2.914,2.9169,2.912,2.9003,2.8837,2.8631,2.8397,2.8133,2.7849,2.7546,2.7224,2.6901,2.6569,2.6217,2.5846,2.5474,2.5103,2.4731,2.435,2.3949,2.3529,2.3109,2.2717,2.2346,2.1945,2.1535,2.1124,2.0714,2.0313,1.9902,1.9492,1.9091,1.869,1.8309,1.7957,1.7674,1.74,1.7087,1.6764,1.6432,1.609,1.5738,1.5386,1.5034,1.4692,1.437,1.4057,1.3803,1.3578,1.3324,1.3079,1.2845,1.262,1.2405,1.2229,1.2111,1.2072,1.2111,1.2229,1.2444,1.2727,1.3079,1.3548,1.4096,1.4721,1.5406,1.6158,1.695,1.7781,1.8631,1.9492,2.0362,2.1114,2.1799,2.2551,2.3314,2.4047,2.4751,2.5406,2.6012,2.6559,2.7038,2.7439,2.7771,2.8016,2.8143,2.8162,2.8123,2.8016,2.784,2.7615,2.7361,2.7077,2.6784,2.6471,2.6149,2.5836,2.5523,2.521,2.4878,2.4526,2.4145,2.3754,2.3343,2.2933,2.2512,2.2082,2.1642,2.1212,2.0792,2.042,2.0078,1.9697,1.9286,1.8886,1.8465,1.8035,1.7595,1.7165,1.6735,1.6305,1.5885,1.5533,1.522,1.4868,1.4497,1.4115,1.3734,1.3353,1.2952,1.2551,1.216,1.1799,1.1466,1.1153,1.0929,1.0743,1.0508,1.0264,1.0039,0.98436,0.96774,0.95797,0.95699,0.96579,0.98436,1.0127,1.0479,1.088,1.1378,1.1955,1.261,1.3333,1.4115,1.4946,1.5797,1.6667,1.7546,1.8416,1.9247,1.9951,2.0577,2.1261,2.1955,2.263,2.3265,2.3851,2.4379,2.4809,2.5152,2.5406,2.5562,2.5621,2.5591,2.5523,2.5406,2.5259,2.5249,2.5298,2.52,2.4995,2.4731,2.4438,2.4106,2.3754,2.3431,2.3128,2.2805,2.2454,2.2082,2.172,2.1359,2.1007,2.0655,2.0293,1.9922,1.955,1.9218,1.8905,1.8553,1.8182,1.782,1.7449,1.7087,1.6716,1.6334,1.5943,1.5552,1.5161,1.478,1.4487,1.4252,1.3978,1.3724,1.3519,1.3402,1.3353,1.3392,1.3529,1.3763,1.4066,1.4448,1.4848,1.5269,1.5758,1.6305,1.6901,1.7537,1.8201,1.8856,1.9511,2.0156,2.0772,2.1369,2.1867,2.2307,2.2766,2.3196,2.3568,2.3881,2.4106,2.4233,2.4272,2.4242,2.4154,2.4008,2.3842,2.3685,2.3539,2.3392,2.3226,2.304,2.2825,2.259,2.2346,2.2102,2.1848,2.1584,2.131,2.1056,2.0811,2.0528,2.0215,1.9883,1.955,1.9208,1.8866,1.8534,1.8201,1.7879,1.7566,1.7273,1.7028,1.6813,1.6579,1.6334,1.607,1.5797,1.5533,1.5259,1.4995,1.4761,1.4545,1.434,1.4194,1.4066,1.3891,1.3685,1.347,1.3255,1.3021,1.2796,1.259,1.2385,1.219,1.1994,1.1808,1.1681,1.1574,1.1408,1.1222,1.1036,1.087,1.0714,1.0567,1.044,1.0323,1.0215,1.0127,1.0108,1.0156,1.0235,1.0381,1.0606,1.0948,1.1398,1.1955,1.261,1.3363,1.4203,1.5112,1.608,1.697,1.783,1.8798,1.9834,2.0899,2.1965,2.304,2.4096,2.5112,2.607,2.6989,2.7869,2.8573,2.9169,2.9795,3.0401,3.0948,3.1417,3.1799,3.2072,3.2219,3.2248,3.219,3.2063,3.1887,3.1662,3.1417,3.1153,3.087,3.0567,3.0254,2.9922,2.956,2.9169,2.8768,2.8348,2.7928,2.7527,2.7126,2.6696,2.6256,2.5816,2.5396,2.4966,2.4526,2.4096,2.3666,2.3236,2.2805,2.2385,2.2004,2.1642,2.1251,2.086,2.0469,2.0088,1.9707,1.9316,1.8925,1.8534,1.8152,1.7791,1.7498,1.7234,1.6931,1.6618,1.6305,1.6002,1.5699,1.5396,1.5083,1.4751,1.4448,1.4164,1.391,1.3744,1.3656,1.3597,1.3617,1.3734,1.3949,1.4252,1.4663,1.5161,1.5728,1.6364,1.7058,1.7703,1.8338,1.9071,1.9863,2.0694,2.1554,2.2405,2.3255,2.4106,2.4927,2.5718,2.6461,2.7155,2.7693,2.8123,2.8553,2.8935,2.9238,2.9462,2.9599,2.9658,2.9648,2.958,2.9462,2.8798,2.784,2.7234,2.6794,2.6422,2.608,2.5748,2.5415,2.5064,2.4721,2.437,2.4008,2.3636,2.3275,2.2952,2.263,2.2268,2.1887,2.1476,2.1046,2.0616,2.0186,1.9756,1.9345,1.8944,1.8563,1.824,1.7928,1.7576,1.7204,1.6823,1.6422,1.6031,1.565,1.5279,1.4917,1.4565,1.4213,1.3939,1.3695,1.3402,1.3089,1.2766,1.2434,1.2092,1.176,1.1437,1.1134,1.086,1.0635,1.0459,1.0381,1.0371,1.0391,1.0469,1.0626,1.087,1.1222,1.1662,1.2199,1.2815,1.349,1.4194,1.4848,1.5484,1.6178,1.6891,1.7595,1.8299,1.9013,1.9717,2.042,2.1124,2.1818,2.2483,2.3109,2.3587,2.3959,2.4311,2.4604,2.4819,2.4956,2.5024,2.5024,2.4966,2.4858,2.4712,2.4545,2.435,2.4145,2.3939,2.3724,2.348,2.3206,2.2923,2.262,2.2297,2.1955,2.1603,2.1251,2.089,2.0567,2.0274,1.9951,1.9609,1.9267,1.8935,1.8612,1.827,1.7918,1.7556,1.7185,1.6813,1.652,1.6266,1.5982,1.567,1.5347,1.5034,1.4731,1.4448,1.4164,1.3871,1.3597,1.3324,1.305,1.2815,1.262,1.2395,1.2151,1.1906,1.1662,1.1427,1.1193,1.0978,1.0782,1.0645,1.0577,1.0596,1.0684,1.0831,1.1046,1.1349,1.173,1.219,1.2717,1.3314,1.3959,1.4663,1.5445,1.6266,1.7019,1.7732,1.8543,1.9384,2.0225,2.1056,2.1857,2.2649,2.3412,2.4125,2.479,2.5396,2.5865,2.6237,2.6598,2.6921,2.7155,2.7302,2.7361,2.7341,2.7263,2.7146,2.6999,2.6823,2.6637,2.6432,2.6207,2.5973,2.5728,2.5474,2.52,2.4917,2.4633,2.435,2.4057,2.3744,2.3412,2.3109,2.2805,2.2483,2.2151,2.1799,2.1427,2.1036,2.0665,2.0313,1.9961,1.9619,1.9277,1.8944,1.8661,1.8407,1.8123,1.783,1.7537,1.7243,1.694,1.6628,1.6305,1.5992,1.5689,1.5396,1.5161,1.4976,1.477,1.4545,1.4311,1.4076,1.3851,1.3646,1.347,1.3353,1.3304,1.3333,1.3451,1.3636,1.39,1.4262,1.4702,1.522,1.5806,1.6461,1.7165,1.7908,1.868,1.9482,2.0303,2.1017,2.1662,2.2375,2.3118,2.3871,2.4594,2.5288,2.5953,2.6569,2.7126,2.7615,2.8025,2.8289,2.8436,2.8553,2.8553,2.8553,2.8553,2.8553,2.8553,2.9022,2.8915,2.8729,2.8475,2.8182,2.7879,2.7566,2.7224,2.6852,2.6471,2.608,2.567,2.5259,2.4839,2.4418,2.3988,2.3558,2.3157,2.2776,2.2366,2.1955,2.1544,2.1144,2.0762,2.0371,1.998,1.958,1.9169,1.8768,1.8377,1.8055,1.7781,1.7478,1.7165,1.6852,1.653,1.6207,1.5865,1.5513,1.5171,1.4819,1.4467,1.4184,1.3939,1.3666,1.3382,1.3109,1.2874,1.2678,1.2532,1.2463,1.2493,1.263,1.2864,1.3196,1.3587,1.4027,1.4565,1.5191,1.5885,1.6647,1.7468,1.8309,1.9159,2.002,2.088,2.174,2.2473,2.3148,2.3891,2.4643,2.5376,2.609,2.6745,2.7341,2.7859,2.8299,2.8651,2.8915,2.9081,2.913,2.9081,2.8993,2.8866,2.87,2.8504,2.827,2.8016,2.7742,2.7429,2.7097,2.6745,2.6393,2.6031,2.563,2.522,2.4809,2.4389,2.3969,2.3548,2.3128,2.2698,2.2248,2.1779,2.131,2.0899,2.0518,2.0108,1.9677,1.9238,1.8768,1.828,1.7791,1.7302,1.6823,1.6364,1.5914,1.5552,1.5239,1.4878,1.4506,1.4135,1.3763,1.3402,1.306,1.2727,1.2405,1.2082,1.176,1.1437,1.1193,1.0987,1.0733,1.0489,1.0274,1.0098,0.99902,0.99902,1.0088,1.0274,1.0557,1.0938,1.1369,1.1857,1.2444,1.3109,1.3832,1.4614,1.5445,1.6295,1.7155,1.8016,1.8866,1.9707,2.0528,2.1222,2.1848,2.2522,2.3196,2.3822,2.4399,2.4897,2.5298,2.5601,2.5806,2.5914,2.5934,2.5875,2.5767,2.564,2.5464,2.5249,2.4995,2.4731,2.4448,2.4145,2.3832,2.3519,2.3216,2.2893,2.26,2.2307,2.1984,2.1623,2.1232,2.0831,2.044,2.0059,1.9677,1.9306,1.8925,1.8543,1.8211,1.7889,1.7517,1.7136,1.6745,1.6354,1.5973,1.5591,1.521,1.4829,1.4477,1.4145,1.3832,1.3587,1.3402,1.3196,1.3001,1.2835,1.2717,1.2659,1.2708,1.2864,1.3118,1.348,1.3949,1.4438,1.4956,1.5562,1.6227,1.6931,1.7664,1.8416,1.9179,1.9941,2.0694,2.1437,2.2151,2.2747,2.3255,2.3803,2.434,2.4819,2.523,2.5552,2.5787,2.5934,2.6002,2.5992,2.5934,2.5816,2.566,2.5484,2.5279,2.5044,2.479,2.4526,2.4252,2.3969,2.3685,2.3392,2.3079,2.2747,2.2551,2.2405,2.2141,2.1818,2.1476,2.1134,2.0782,2.042,2.0049,1.9687,1.9335,1.8983,1.8641,1.8358,1.8104,1.781,1.7488,1.7155,1.6823,1.6491,1.6168,1.5846,1.5533,1.5239,1.4946,1.4712,1.4506,1.4262,1.4008,1.3763,1.3529,1.3294,1.3069,1.2845,1.262,1.2395,1.2151,1.1906,1.174,1.1613,1.1457,1.1281,1.1095,1.0909,1.0714,1.0528,1.0371,1.0254,1.0186,1.0186,1.0264,1.042,1.0655,1.0987,1.1427,1.1975,1.261,1.3324,1.4115,1.4985,1.5924,1.6911,1.7937,1.8876,1.9765,2.0753,2.1769,2.2786,2.3773,2.4751,2.5709,2.6618,2.7478,2.828,2.9013,2.955,2.9961,3.0362,3.0704,3.0968,3.1153,3.1241,3.1261,3.1222,3.1134,3.0997,3.0802,3.0547,3.0264,2.9941,2.9599,2.9257,2.8895,2.8514,2.8133,2.7742,2.7341,2.6921,2.6481,2.6022,2.5582,2.5171,2.4731,2.4291,2.3861,2.346,2.306,2.2649,2.2229,2.1799,2.1349,2.0899,2.044,2.0039,1.9677,1.9296,1.8915,1.8553,1.8211,1.7869,1.7517,1.7155,1.6784,1.6413,1.6031,1.5728,1.5464,1.5161,1.4839,1.4516,1.4203,1.392,1.3656,1.3421,1.3216,1.304,1.2903,1.2825,1.2825,1.2903,1.3079,1.3363,1.3744,1.4223,1.48,1.5455,1.6178,1.695,1.7761,1.8612,1.9365,2.0059,2.0841,2.1672,2.2502,2.3324,2.4125,2.4907,2.566,2.6354,2.6979,2.7546,2.8025,2.8348,2.8563,2.8749,2.8876,2.8915,2.8895,2.8827,2.87,2.8514,2.8289,2.8025,2.7722,2.741,2.7087,2.6735,2.6373,2.6002,2.5621,2.522,2.4819,2.4409,2.3988,2.3548,2.3099,2.2649,2.2248,2.1877,2.1457,2.1007,2.0557,2.0108,1.9668,1.9247,1.8837,1.8436,1.8045,1.7664,1.7341,1.7058,1.6735,1.6393,1.6041,1.5679,1.5308,1.4927,1.4545,1.4164,1.3793,1.3431,1.3148,1.2903,1.261,1.2287,1.1945,1.1613,1.129,1.0987,1.0714,1.0508,1.0371,1.0323,1.0371,1.0508,1.0733,1.1026,1.1408,1.1887,1.2454,1.3109,1.3851,1.4663,1.5513,1.6383,1.7253,1.8016,1.8719,1.9501,2.0313,2.1124,2.1935,2.2737,2.349,2.4184,2.4809,2.5357,2.5806,2.6158,2.6373,2.6481,2.654,2.654,2.6471,2.6364,2.5953,2.5376,2.4956,2.4604,2.4282,2.3969,2.3675,2.3402,2.3118,2.2825,2.2522,2.2199,2.1877,2.1544,2.1202,2.0841,2.0469,2.0078,1.9668,1.9306,1.8974,1.8602,1.8201,1.781,1.7439,1.7077,1.6745,1.6452,1.6178,1.5934,1.5689,1.5494,1.5318,1.5103,1.4858,1.4594,1.4321,1.4027,1.3734,1.3441,1.3138,1.2815,1.2502,1.219,1.1955,1.176,1.1515,1.1251,1.0978,1.0714,1.0469,1.0264,1.0127,1.0059,1.0068,1.0156,1.0313,1.0547,1.088,1.132,1.1838,1.2454,1.3148,1.39,1.4692,1.5523,1.6383,1.7263,1.8143,1.8905,1.958,2.0303,2.1046,2.1789,2.2512,2.3206,2.3871,2.4467,2.4995,2.5445,2.5806,2.6022,2.6129,2.6188,2.6188,2.6139,2.6051,2.5924,2.5777,2.5601,2.5415,2.522,2.5015,2.479,2.4565,2.433,2.4076,2.3803,2.3509,2.3206,2.2884,2.2551,2.2199,2.1838,2.1476,2.1114,2.0802,2.0518,2.0205,1.9883,1.9541,1.9198,1.8866,1.8553,1.8231,1.7918,1.7605,1.7292,1.6979,1.6716,1.6481,1.6217,1.5934,1.564,1.5347,1.5044,1.4731,1.4448,1.4184,1.393,1.3685,1.35,1.3343,1.3177,1.3021,1.2874,1.2757,1.2708,1.2737,1.2854,1.305,1.3343,1.3734,1.4233,1.4751,1.5308,1.5982,1.6725,1.7507,1.8309,1.914,1.998,2.0821,2.1662,2.2493,2.3304,2.3978,2.4565,2.5191,2.5836,2.6471,2.7067,2.7615,2.8094,2.8485,2.8778,2.8974,2.9091,2.9091,2.9013,2.8905,2.8768,2.8602,2.8407,2.8192,2.7957,2.7693,2.7419,2.7126,2.6804,2.6471,2.6149,2.5836,2.5494,2.5132,2.4751,2.437,2.3969,2.3558,2.3167,2.2786,2.2414,2.2033,2.1691,2.1378,2.1036,2.0665,2.0274,1.9863,1.9443,1.9032,1.8641,1.826,1.7918,1.7576,1.7234,1.695,1.6696,1.6403,1.607,1.5728,1.5386,1.5064,1.4751,1.4438,1.4135,1.3851,1.3587,1.3382,1.3226,1.306,1.2923,1.2835,1.2825,1.2913,1.3099,1.3372,1.3754,1.4223,1.477,1.5396,1.5992,1.6588,1.7292,1.8055,1.8866,1.9697,2.0518,2.1329,2.2111,2.2864,2.3597,2.4311,2.4897,2.5396,2.5953,2.651,2.7019,2.7449,2.7761,2.7967,2.8065,2.8084,2.8025,2.7918,2.7771,2.7771,2.784,2.7761,2.7605,2.737,2.7077,2.6745,2.6373,2.5982,2.5562,2.5142,2.4731,2.437,2.4018,2.3617,2.3196,2.2766,2.2326,2.1887,2.1457,2.1036,2.0626,2.0215,1.9804,1.9394,1.9042,1.8719,1.8348,1.7957,1.7546,1.7146,1.6745,1.6364,1.5982,1.5611,1.5259,1.4907,1.4624,1.4379,1.4106,1.3793,1.346,1.3118,1.2776,1.2414,1.2053,1.1691,1.1329,1.0997,1.0723,1.0567,1.0499,1.0459,1.0479,1.0577,1.0782,1.1095,1.1515,1.2033,1.262,1.3265,1.3959,1.4614,1.5259,1.6002,1.6794,1.7634,1.8485,1.9335,2.0176,2.0987,2.1779,2.2532,2.3236,2.3891,2.4409,2.4819,2.5239,2.5621,2.5934,2.6168,2.6315,2.6364,2.6325,2.6217,2.6041,2.5826,2.5601,2.5347,2.5073,2.478,2.4457,2.4125,2.3783,2.3421,2.305,2.2649,2.2239,2.1808,2.1388,2.1017,2.0674,2.0313,1.9941,1.956,1.9179,1.8788,1.8397,1.8016,1.7634,1.7253,1.6852,1.652,1.6237,1.5904,1.5572,1.5249,1.4917,1.4594,1.4272,1.3959,1.3646,1.3324,1.2991,1.2659,1.2414,1.2199,1.1945,1.1672,1.1408,1.1144,1.0909,1.0684,1.0479,1.0283,1.0108,0.99511,0.98827,0.98827,0.99218,1.0029,1.0244,1.0577,1.1007,1.1535,1.2141,1.2835,1.3607,1.4428,1.5191,1.5924,1.6764,1.7644,1.8534,1.9423,2.0274,2.1105,2.1896,2.2669,2.3421,2.4125,2.4761,2.5249,2.5621,2.5963,2.6237,2.6432,2.6569,2.6657,2.6706,2.6706,2.6667,2.6588,2.6471,2.6325,2.6149,2.5953,2.5738,2.5503,2.5239,2.4966,2.4663,2.435,2.4018,2.3666,2.3314,2.2962,2.2649,2.2346,2.2004,2.1652,2.129,2.0938,2.0587,2.0235,1.9892,1.9541,1.9198,1.8856,1.8553,1.826,1.7928,1.7595,1.7273,1.696,1.6667,1.6383,1.6129,1.5924,1.5787,1.5718,1.5728,1.5816,1.5992,1.6246,1.6588,1.7019,1.7517,1.8074,1.869,1.9335,2.001,2.0714,2.1427,2.2043,2.26,2.3216,2.3842,2.4448,2.5024,2.5582,2.6109,2.6579,2.6979,2.7292,2.7498,2.7605,2.7615,2.7546,2.7449,2.7312,2.7136,2.6921,2.6686,2.6422,2.6149,2.5855,2.5533,2.5191,2.4878,2.4555,2.4203,2.3832,2.3441,2.305,2.2659,2.262,2.2757,2.262,2.2336,2.1975,2.1564,2.1173,2.0802,2.0391,1.9961,1.9541,1.912,1.871,1.8299,1.7889,1.7498,1.7116,1.6735,1.6422,1.6139,1.5806,1.5455,1.5103,1.4751,1.4428,1.4115,1.3822,1.3558,1.3304,1.305,1.2815,1.2639,1.2483,1.2268,1.2033,1.1799,1.1554,1.132,1.1085,1.085,1.0635,1.042,1.0215,1.0078,0.99707,0.98338,0.97263,0.96676,0.96872,0.9824,1.0078,1.043,1.089,1.1466,1.2151,1.2933,1.3705,1.4516,1.5484,1.6549,1.7664,1.8798,1.9961,2.1144,2.2336,2.3509,2.4643,2.5748,2.6667,2.7458,2.8319,2.9189,3.0039,3.0831,3.1535,3.2131,3.262,3.2991,3.3255,3.3421,3.349,3.3441,3.3304,3.3138,3.2942,3.2688,3.2375,3.2014,3.1632,3.1241,3.085,3.044,3.001,2.9599,2.9189,2.8739,2.826,2.7761,2.7243,2.6725,2.6217,2.5718,2.521,2.4692,2.4174,2.3715,2.3304,2.2864,2.2424,2.1984,2.1554,2.1114,2.0665,2.0225,1.9775,1.9335,1.8895,1.8446,1.8074,1.7752,1.74,1.7048,1.6696,1.6364,1.6031,1.5689,1.5337,1.4985,1.4643,1.4311,1.4066,1.3891,1.3675,1.3451,1.3236,1.306,1.2942,1.2884,1.2923,1.3079,1.3333,1.3695,1.4154,1.4643,1.52,1.5885,1.6667,1.7498,1.8358,1.9228,2.0098,2.0978,2.1867,2.2757,2.3636,2.4389,2.5044,2.5758,2.6491,2.7195,2.783,2.8368,2.8807,2.915,2.9365,2.9472,2.9492,2.9433,2.9296,2.9091,2.8856,2.8573,2.825,2.7889,2.7507,2.7116,2.6725,2.6315,2.5885,2.5445,2.5024,2.4633,2.4203,2.3754,2.3284,2.2815,2.2336,2.1857,2.1378,2.0909,2.044,1.998,1.9511,1.911,1.8739,1.8319,1.7879,1.7439,1.6999,1.6559,1.6119,1.5679,1.5249,1.4819,1.4389,1.4057,1.3773,1.3431,1.3079,1.2717,1.2366,1.2023,1.1691,1.1369,1.1065,1.0772,1.0489,1.0215,1.002,0.98729,0.97067,0.95699,0.94819,0.94721,0.95406,0.9697,0.99511,1.0303,1.0753,1.131,1.1906,1.2551,1.3314,1.4184,1.5132,1.6129,1.7155,1.8211,1.9238,2.0235,2.1202,2.2121,2.3011,2.3773,2.4448,2.5181,2.5914,2.6588,2.7185,2.7674,2.8065,2.8348,2.8524,2.8602,2.8602,2.8524,2.7732,2.6579,2.5894,2.5445,2.5093,2.477,2.4477,2.4184,2.3881,2.3578,2.3275,2.2952,2.2659,2.2385,2.2092,2.1799,2.1505,2.1222,2.0929,2.0626,2.0303,1.9971,1.9638,1.9306,1.9032,1.8788,1.8504,1.8211,1.7928,1.7644,1.737,1.7097,1.6833,1.6579,1.6325,1.6061,1.5806,1.5601,1.5415,1.52,1.4966,1.4721,1.4477,1.4213,1.3959,1.3724,1.349,1.3275,1.3089,1.2962,1.2884,1.2815,1.2786,1.2805,1.2884,1.304,1.3275,1.3607,1.4037,1.4555,1.5161,1.5836,1.6481,1.7107,1.782,1.8592,1.9404,2.0235,2.1075,2.1906,2.2727,2.3509,2.4242,2.4927,2.5474,2.5953,2.6481,2.6989,2.7449,2.784,2.8133,2.8319,2.8407,2.8436,2.8407,2.8328,2.8201,2.8035,2.7859,2.7664,2.7439,2.7185,2.6911,2.6598,2.6256,2.5904,2.5533,2.5161,2.479,2.4448,2.4125,2.3783,2.3441,2.3079,2.2708,2.2336,2.1975,2.1613,2.1241,2.088,2.0518,2.0205,1.9922,1.9599,1.9247,1.8886,1.8534,1.8192,1.7849,1.7517,1.7195,1.6882,1.6569,1.6276,1.6041,1.5826,1.5572,1.5288,1.4995,1.4712,1.4438,1.4174,1.393,1.3715,1.3529,1.3392,1.3324,1.3324,1.3353,1.3451,1.3627,1.3871,1.4194,1.4604,1.5112,1.5718,1.6393,1.7116,1.7879,1.8563,1.9218,1.9961,2.0753,2.1544,2.2336,2.3099,2.3851,2.4575,2.5259,2.5904,2.651,2.6979,2.7351,2.7713,2.8035,2.8289,2.8446,2.8514,2.8504,2.8436,2.8319,2.8162,2.7967,2.7732,2.7478,2.7204,2.6901,2.6579,2.6227,2.5865,2.5484,2.5103,2.4712,2.4321,2.392,2.3509,2.3148,2.2805,2.2424,2.2033,2.1642,2.1241,2.085,2.0459,2.0059,1.9668,1.9277,1.8905,1.8543,1.824,1.7967,1.7664,1.7341,1.6989,1.6637,1.6295,1.5953,1.5621,1.5298,1.4985,1.4663,1.4399,1.4164,1.391,1.3656,1.3402,1.3167,1.2952,1.2757,1.2561,1.2385,1.2248,1.2151,1.2111,1.217,1.2307,1.2532,1.2845,1.3245,1.3744,1.433,1.4976,1.567,1.6403,1.7175,1.7957,1.8651,1.9306,2.0039,2.0792,2.1535,2.2248,2.2942,2.3617,2.4252,2.4858,2.5406,2.5885,2.6285,2.6549,2.6706,2.6833,2.6833,2.6833,2.6833,2.6833,2.6833,2.6833,2.6628,2.6325,2.5953,2.5582,2.52,2.479,2.436,2.3939,2.3519,2.3099,2.2659,2.2199,2.1711,2.1202,2.0665,2.0127,1.9677,1.9257,1.8798,1.8328,1.784,1.7361,1.6891,1.6432,1.5982,1.5552,1.5132,1.4721,1.4399,1.4106,1.3744,1.3353,1.2952,1.2561,1.218,1.1799,1.1427,1.1075,1.0723,1.0381,1.0049,0.98045,0.9609,0.93548,0.90811,0.88074,0.85337,0.82698,0.80254,0.78104,0.76442,0.7566,0.75953,0.77322,0.79765,0.83089,0.87488,0.92962,0.99511,1.0694,1.1515,1.2395,1.3314,1.4252,1.521,1.6051,1.6843,1.7713,1.8612,1.9511,2.0401,2.1271,2.2121,2.2933,2.3685,2.434,2.4897,2.5347,2.563,2.5777,2.5875,2.5894,2.5846,2.5738,2.5591,2.5406,2.5171,2.4927,2.4673,2.4389,2.4115,2.3842,2.3539,2.3206,2.2845,2.2454,2.2043,2.1632,2.1232,2.0821,2.0401,1.998,1.957,1.9208,1.8876,1.8514,1.8152,1.7791,1.7439,1.7077,1.6706,1.6354,1.6002,1.567,1.5337,1.5064,1.4809,1.4526,1.4223,1.3891,1.3558,1.3236,1.2933,1.2639,1.2366,1.2092,1.1818,1.1544,1.1339,1.1173,1.0978,1.0762,1.0538,1.0323,1.0137,1.001,0.99511,0.99707,1.0098,1.0352,1.0684,1.1095,1.1623,1.2239,1.2952,1.3754,1.4624,1.5543,1.651,1.7507,1.8524,1.955,2.0567,2.1437,2.2219,2.3089,2.3978,2.4858,2.5718,2.654,2.7302,2.7967,2.8534,2.8993,2.9355,2.957,2.9668,2.9726,2.9726,2.9668,2.955,2.9374,2.914,2.8866,2.8563,2.8231,2.7889,2.7517,2.7155,2.6784,2.6373,2.5934,2.5474,2.5005,2.4526,2.4047,2.3578,2.3109,2.2649,2.218,2.176,2.1359,2.0929,2.0479,2.002,1.955,1.9081,1.8622,1.8172,1.7742,1.7331,1.6921,1.652,1.6188,1.5894,1.5562,1.522,1.4868,1.4526,1.4184,1.3822,1.346,1.3109,1.2766,1.2424,1.216,1.1945,1.1691,1.1437,1.1212,1.1046,1.0958,1.0958,1.1065,1.1281,1.1632,1.2102,1.2688,1.3284,1.392,1.4663,1.5474,1.6344,1.7253,1.8192,1.9159,2.0137,2.1114,2.2092,2.305,2.3842,2.4545,2.5318,2.608,2.6823,2.7517,2.8143,2.868,2.912,2.9453,2.9677,2.9775,2.9775,2.9677,2.9541,2.9384,2.9169,2.8915,2.8622,2.8299,2.7957,2.7605,2.7234,2.6852,2.6461,2.608,2.5718,2.5318,2.4897,2.4477,2.4066,2.3646,2.3206,2.2766,2.2326,2.1887,2.1457,2.1085,2.0743,2.0371,1.998,1.9589,1.9208,1.8817,1.8416,1.8025,1.7625,1.7234,1.6862,1.6491,1.6197,1.5943,1.565,1.5357,1.5103,1.4907,1.479,1.4751,1.4809,1.4976,1.5249,1.5621,1.6022,1.6452,1.6979,1.7566,1.8201,1.8866,1.956,2.0283,2.1036,2.1799,2.2551,2.3275,2.3959,2.4526,2.5015,2.5523,2.6002,2.6442,2.6813,2.7097,2.7283,2.738,2.739,2.7322,2.7204,2.7048,2.6852,2.6618,2.6354,2.607,2.5758,2.5435,2.5093,2.4741,2.4389,2.4018,2.3636,2.3236,2.2864,2.2512,2.2131,2.172,2.129,2.085,2.0391,1.9932,1.9472,1.9013,1.8573,1.8143,1.7791,1.7468,1.7097,1.6706,1.6305,1.5904,1.5513,1.5132,1.4761,1.4409,1.4057,1.3695,1.3343,1.3069,1.2845,1.2571,1.2287,1.2004,1.1711,1.1427,1.1163,1.0909,1.0665,1.042,1.0176,1.001,0.98729,0.96872,0.94917,0.9306,0.91202,0.89541,0.88074,0.86706,0.85533,0.84555,0.83969,0.83969,0.84653,0.86217,0.88368,0.913,0.95015,0.99511,1.0489,1.1124,1.1857,1.2678,1.3568,1.4506,1.5367,1.6197,1.7116,1.8084,1.9062,2.002,2.0968,2.1887,2.2766,2.3607,2.4428,2.521,2.5943,2.653,2.6999,2.7468,2.7869,2.8172,2.8377,2.8485,2.8495,2.8436,2.8328,2.8172,2.7977,2.7742,2.7478,2.7185,2.6862,2.651,2.6149,2.5777,2.5396,2.5015,2.4633,2.4252,2.3881,2.348,2.3099,2.2727,2.2307,2.1887,2.1486,2.1095,2.0704,2.0303,1.9902,1.9511,1.911,1.871,1.8368,1.8074,1.7761,1.7439,1.7116,1.6804,1.6491,1.6188,1.5875,1.5552,1.523,1.4936,1.4653,1.4428,1.4252,1.4057,1.3851,1.3646,1.3441,1.3226,1.3011,1.2776,1.2551,1.2346,1.217,1.2072,1.2053,1.2053,1.2111,1.2248,1.2483,1.2815,1.3255,1.3803,1.4448,1.5171,1.5953,1.6764,1.7507,1.8221,1.9022,1.9863,2.0714,2.1564,2.2414,2.3236,2.4037,2.4809,2.5552,2.6256,2.6813,2.7273,2.7742,2.8162,2.8504,2.8759,2.8915,2.8983,2.915,2.9355,2.9404,2.9335,2.9189,2.8993,2.8768,2.8495,2.8192,2.7879,2.7566,2.7243,2.6911,2.6569,2.6217,2.5846,2.5474,2.5132,2.4809,2.4467,2.4115,2.3763,2.3402,2.304,2.2659,2.2278,2.1906,2.1544,2.1202,2.0919,2.0655,2.0362,2.0039,1.9707,1.9365,1.9003,1.8641,1.8299,1.7986,1.7683,1.74,1.7126,1.6911,1.6716,1.6471,1.6197,1.5904,1.5611,1.5327,1.5064,1.4829,1.4633,1.4497,1.4418,1.4428,1.4516,1.4663,1.4888,1.5191,1.5591,1.608,1.6637,1.7253,1.7937,1.8671,1.9453,2.0264,2.0987,2.1652,2.2395,2.3177,2.3978,2.478,2.5552,2.6285,2.6979,2.7634,2.825,2.8827,2.9267,2.9599,2.9932,3.0196,3.0371,3.0459,3.0469,3.0401,3.0274,3.0098,2.9892,2.9648,2.9374,2.9091,2.8807,2.8504,2.8182,2.7849,2.7498,2.7126,2.6735,2.6334,2.5914,2.5484,2.5044,2.4653,2.4282,2.3891,2.3509,2.3138,2.2757,2.2385,2.2004,2.1623,2.1241,2.086,2.0489,2.0117,1.9804,1.9511,1.9179,1.8827,1.8465,1.8113,1.7781,1.7458,1.7155,1.6862,1.6588,1.6334,1.6129,1.5953,1.5738,1.5503,1.5259,1.5005,1.477,1.4565,1.4389,1.4262,1.4184,1.4184,1.4282,1.4457,1.4712,1.5064,1.5503,1.6022,1.6628,1.7292,1.8006,1.8759,1.955,2.0352,2.1153,2.1838,2.2473,2.3177,2.391,2.4663,2.5415,2.6139,2.6833,2.7488,2.8084,2.8612,2.9062,2.9423,2.9638,2.9726,2.9756,2.9726,2.9629,2.9462,2.9238,2.8974,2.869,2.8387,2.8074,2.7742,2.741,2.7067,2.6696,2.6315,2.5904,2.5484,2.5054,2.4614,2.4174,2.3734,2.3284,2.2825,2.2366,2.1965,2.1584,2.1173,2.0762,2.0332,1.9892,1.9472,1.9071,1.869,1.8328,1.7977,1.7634,1.737,1.7136,1.6862,1.6569,1.6256,1.5934,1.5611,1.5298,1.4976,1.4663,1.435,1.4057,1.3783,1.3578,1.3412,1.3196,1.2972,1.2737,1.2512,1.2307,1.2141,1.2043,1.2043,1.2141,1.2346,1.263,1.2991,1.3441,1.3959,1.4545,1.5181,1.5875,1.6628,1.7429,1.826,1.911,1.9961,2.0714,2.1398,2.2131,2.2884,2.3617,2.433,2.5005,2.563,2.6197,2.6696,2.7116,2.7439,2.7674,2.7791,2.783,2.7634,1.5767,1.6686,1.7605,1.8407,1.9159,1.998,2.0811,2.1642,2.2463,2.3245,2.3978,2.4673,2.5318,2.5894,2.6393,2.6813,2.7087,2.7263,2.741,2.7937,2.8631,2.8974,2.912,2.915,2.911,2.9013,2.8876,2.871,2.8524,2.8328,2.8133,2.7928,2.7732,2.7527,2.7302,2.7058,2.6794,2.653,2.6256,2.5963,2.566,2.5376,2.5103,2.4809,2.4497,2.4184,2.3891,2.3607,2.3333,2.306,2.2786,2.2522,2.2268,2.2043,2.1828,2.1584,2.1349,2.1114,2.088,2.0655,2.042,2.0176,1.9922,1.9668,1.9413,1.9169,1.8974,1.8798,1.8602,1.8407,1.8211,1.8006,1.781,1.7644,1.7498,1.738,1.7322,1.7312,1.7361,1.7458,1.7625,1.7849,1.8152,1.8524,1.8964,1.9472,2.0039,2.0645,2.1271,2.1916,2.2561,2.3128,2.3646,2.4223,2.4819,2.5406,2.5992,2.6569,2.7116,2.7634,2.8104,2.8514,2.8866,2.9101,2.9257,2.9394,2.9501,2.956,2.957,2.9531,2.9443,2.9316,2.9159,2.8974,2.8768,2.8553,2.8338,2.8113,2.7879,2.7644,2.74,2.7136,2.6843,2.654,2.6227,2.5914,2.5611,2.5298,2.5015,2.4741,2.4448,2.4135,2.3812,2.348,2.3157,2.2835,2.2522,2.2229,2.1926,2.1623,2.1369,2.1144,2.0899,2.0645,2.0391,2.0147,1.9902,1.9648,1.9404,1.9159,1.8905,1.8641,1.8397,1.8211,1.8055,1.7869,1.7683,1.7498,1.7312,1.7136,1.6999,1.6931,1.694,1.7019,1.7175,1.738,1.7634,1.7957,1.8358,1.8817,1.9326,1.9873,2.045,2.1046,2.1662,2.2297,2.2923,2.3548,2.4076,2.4565,2.5112,2.5679,2.6237,2.6764,2.7263,2.7713,2.8094,2.8426,2.869,2.8886,2.8983,2.9003,2.9003,2.8964,2.8895,2.8778,2.8631,2.8456,2.826,2.8035,2.7801,2.7566,2.7322,2.7077,2.6823,2.6549,2.6256,2.5943,2.5611,2.5269,2.4936,2.4594,2.4242,2.39,2.3548,2.3226,2.2933,2.261,2.2278,2.1955,2.1632,2.13,2.0958,2.0626,2.0293,1.9961,1.9638,1.9316,1.9052,1.8817,1.8543,1.827,1.8006,1.7752,1.7507,1.7263,1.7019,1.6764,1.652,1.6266,1.6061,1.5875,1.565,1.5415,1.5181,1.4985,1.4848,1.479,1.4809,1.4907,1.5093,1.5347,1.566,1.6002,1.6383,1.6843,1.7361,1.7918,1.8504,1.9091,1.9687,2.0283,2.088,2.1476,2.2082,2.261,2.3069,2.3558,2.4057,2.4536,2.4976,2.5386,2.5748,2.6041,2.6276,2.6295,2.6168,2.608,2.5982,2.5865,2.5709,2.5533,2.5347,2.5161,2.4946,2.4721,2.4487,2.4223,2.393,2.3607,2.3284,2.2962,2.26,2.2219,2.1838,2.1466,2.1095,2.0733,2.0371,2,1.9638,1.9257,1.8866,1.8524,1.8211,1.7849,1.7449,1.7038,1.6637,1.6246,1.5875,1.5523,1.5191,1.4858,1.4526,1.4252,1.4018,1.3744,1.3451,1.3157,1.2864,1.2561,1.2268,1.1975,1.1681,1.1417,1.1173,1.0997,1.087,1.0723,1.0577,1.0459,1.0391,1.0381,1.0469,1.0665,1.0958,1.1359,1.1867,1.2454,1.305,1.3695,1.4457,1.5279,1.6149,1.7058,1.7977,1.8895,1.9795,2.0674,2.1535,2.2375,2.3079,2.3695,2.4379,2.5073,2.5748,2.6354,2.6852,2.7243,2.7537,2.7713,2.7801,2.783,2.7801,2.7713,2.7576,2.7419,2.7234,2.7009,2.6755,2.6471,2.6168,2.5855,2.5533,2.52,2.4868,2.4555,2.4252,2.393,2.3587,2.3226,2.2845,2.2454,2.2053,2.1652,2.1241,2.0841,2.045,2.0059,1.9717,1.9394,1.9032,1.8651,1.827,1.7889,1.7517,1.7155,1.6804,1.6452,1.6119,1.5787,1.5513,1.5269,1.4976,1.4663,1.434,1.4018,1.3695,1.3392,1.3099,1.2815,1.2542,1.2297,1.2111,1.2014,1.1994,1.2014,1.2092,1.2258,1.2512,1.2854,1.3284,1.3812,1.4428,1.5122,1.5875,1.6588,1.7292,1.8094,1.8954,1.9834,2.0733,2.1623,2.2493,2.3333,2.4154,2.4946,2.5679,2.6344,2.6852,2.7263,2.7674,2.8016,2.828,2.8465,2.8573,2.8612,2.8592,2.8504,2.8368,2.8192,2.7967,2.7713,2.7439,2.7155,2.6843,2.651,2.6168,2.5806,2.5425,2.5024,2.4604,2.4164,2.3724,2.3324,2.2952,2.2561,2.2151,2.173,2.13,2.087,2.043,1.999,1.956,1.915,1.8759,1.8416,1.8104,1.7761,1.74,1.7019,1.6628,1.6237,1.5855,1.5494,1.5152,1.4809,1.4467,1.4135,1.3881,1.3656,1.3392,1.3109,1.2835,1.2551,1.2268,1.2004,1.176,1.1544,1.1388,1.132,1.1359,1.1476,1.1672,1.1965,1.2356,1.2845,1.3431,1.4106,1.4848,1.563,1.6461,1.7322,1.8192,1.8944,1.9648,2.042,2.1222,2.2023,2.2815,2.3578,2.4291,2.4985,2.564,2.6237,2.6755,2.7107,2.7341,2.7546,2.7683,2.8035,2.8465,2.8602,2.8583,2.8456,2.826,2.8006,2.7713,2.739,2.7048,2.6686,2.6276,2.5846,2.5396,2.4927,2.4457,2.3988,2.3529,2.3079,2.263,2.2151,2.1711,2.129,2.0821,2.0332,1.9844,1.9374,1.8915,1.8465,1.8016,1.7566,1.7126,1.6686,1.6325,1.6002,1.563,1.521,1.478,1.436,1.3959,1.3607,1.3324,1.3118,1.3001,1.2991,1.3099,1.3304,1.3597,1.3988,1.4467,1.5015,1.563,1.6285,1.7165,1.7977,1.8563,1.9218,1.9892,2.0479,2.1017,2.1623,2.2239,2.2845,2.3402,2.3881,2.4252,2.4506,2.4663,2.4731,2.4721,2.4643,2.4526,2.437,2.4174,2.3949,2.3685,2.3402,2.3109,2.2815,2.2512,2.218,2.1818,2.1437,2.1085,2.0743,2.0362,1.9971,1.958,1.9189,1.8768,1.8319,1.7859,1.74,1.696,1.6549,1.6149,1.5816,1.5513,1.5171,1.4819,1.4457,1.4076,1.3685,1.3294,1.2923,1.2551,1.219,1.1867,1.1642,1.1457,1.1232,1.0997,1.0762,1.0528,1.0293,1.0059,0.98436,0.96383,0.9433,0.92278,0.90323,0.89052,0.88172,0.86901,0.8563,0.8436,0.82796,0.81232,0.7957,0.78006,0.7654,0.75171,0.73803,0.73216,0.73118,0.72825,0.72825,0.73412,0.74585,0.7654,0.7957,0.83675,0.88759,0.95112,1.0283,1.1173,1.2043,1.2923,1.3939,1.5054,1.6237,1.7439,1.8641,1.9853,2.1046,2.2199,2.3304,2.437,2.5259,2.6041,2.6882,2.7732,2.8563,2.9345,3.0059,3.0674,3.1173,3.1554,3.1818,3.1984,3.2053,3.2004,3.1887,3.175,3.1574,3.1349,3.1095,3.0723,3.0371,3.0088,2.9746,2.9267,2.8817,2.8495,2.8123,2.7713,2.7283,2.6843,2.6393,2.5934,2.5484,2.5024,2.4555,2.4066,2.3568,2.3079,2.2659,2.2268,2.1838,2.1408,2.0968,2.0538,2.0108,1.9668,1.9238,1.8827,1.8426,1.8035,1.7693,1.7283,1.6891,1.6579,1.6217,1.5836,1.5455,1.5083,1.4731,1.4389,1.4076,1.3783,1.3509,1.3294,1.3128,1.2952,1.2796,1.2698,1.2659,1.2708,1.2854,1.3118,1.349,1.3959,1.4526,1.5103,1.5718,1.6432,1.7214,1.8025,1.8876,1.9765,2.0684,2.1857,2.3148,2.4027,2.4888,2.5748,2.6256,2.6764,2.7488,2.8143,2.8592,2.9071,2.9501,2.9765,2.9902,2.9511,2.8827,2.8407,2.8094,2.7849,2.7615,2.7439,2.7224,2.6921,2.6628,2.6334,2.6041,2.5738,2.5415,2.5103,2.479,2.4448,2.4086,2.3724,2.3363,2.3001,2.2649,2.2287,2.1916,2.1554,2.1193,2.085,2.0557,2.0283,1.9971,1.9638,1.9296,1.8964,1.8631,1.8299,1.7957,1.7615,1.7292,1.6979,1.6735,1.652,1.6276,1.6012,1.5738,1.5474,1.52,1.4927,1.4663,1.4409,1.4174,1.3949,1.3754,1.3627,1.3548,1.348,1.346,1.3509,1.3636,1.3851,1.4154,1.4536,1.4995,1.5523,1.6109,1.6676,1.7243,1.7889,1.8573,1.9277,2,2.0733,2.1476,2.2199,2.2903,2.3568,2.4203,2.4809,2.5298,2.5718,2.6168,2.6579,2.6931,2.7204,2.74,2.7498,2.7498,2.7439,2.7312,2.7136,2.694,2.6725,2.6491,2.6246,2.5982,2.5699,2.5406,2.5083,2.4741,2.4389,2.4047,2.3715,2.3382,2.3069,2.2776,2.2444,2.2092,2.173,2.1349,2.0968,2.0587,2.0205,1.9834,1.9482,1.913,1.8837,1.8563,1.827,1.7957,1.7634,1.7302,1.697,1.6637,1.6295,1.5963,1.565,1.5357,1.5073,1.4858,1.4673,1.4448,1.4184,1.391,1.3636,1.3372,1.3118,1.2884,1.2659,1.2454,1.2278,1.218,1.2141,1.2121,1.216,1.2268,1.2463,1.2757,1.3128,1.3587,1.4125,1.4721,1.5376,1.6061,1.6686,1.7292,1.7967,1.868,1.9413,2.0156,2.0899,2.1632,2.2336,2.3001,2.3627,2.4203,2.4653,2.4995,2.5318,2.5601,2.5836,2.6002,2.61,2.6139,2.6129,2.607,2.5973,2.5846,2.5679,2.5494,2.5298,2.5083,2.4858,2.4624,2.4389,2.4145,2.39,2.3656,2.3382,2.3089,2.2796,2.2522,2.2248,2.1955,2.1652,2.1349,2.1056,2.0753,2.045,2.0147,1.9863,1.9589,1.9326,1.9052,1.8827,1.8622,1.8368,1.8084,1.7801,1.7517,1.7243,1.6979,1.6725,1.6481,1.6237,1.5992,1.5797,1.564,1.5435,1.521,1.4976,1.4731,1.4497,1.4272,1.4076,1.391,1.3793,1.3734,1.3744,1.3832,1.3988,1.4242,1.4585,1.5005,1.5494,1.6051,1.6676,1.7351,1.8055,1.8778,1.9531,2.0196,2.0802,2.1496,2.2219,2.2952,2.3675,2.4389,2.5093,2.5767,2.6393,2.696,2.7458,2.781,2.8074,2.8328,2.8534,2.8671,2.9042,2.9492,2.9668,2.9677,2.957,2.9384,2.915,2.8866,2.8553,2.824,2.7908,2.7546,2.7185,2.6804,2.6413,2.6012,2.5591,2.5152,2.4702,2.4242,2.3822,2.3412,2.2962,2.2502,2.2053,2.1603,2.1173,2.0753,2.0342,1.9941,1.955,1.9159,1.8749,1.8407,1.8094,1.7742,1.739,1.7019,1.6618,1.6217,1.5826,1.5445,1.5083,1.4721,1.437,1.4096,1.3842,1.3529,1.3187,1.2845,1.2502,1.219,1.1945,1.1769,1.1691,1.172,1.1848,1.2072,1.2366,1.2737,1.3216,1.3783,1.4428,1.5122,1.5865,1.6647,1.7458,1.8299,1.915,2,2.0743,2.1427,2.219,2.2981,2.3763,2.4516,2.522,2.5855,2.6413,2.6891,2.7283,2.7576,2.7781,2.7879,2.7908,2.7898,2.782,2.7683,2.7498,2.7273,2.7009,2.6706,2.6383,2.6051,2.5699,2.5367,2.5044,2.4673,2.4291,2.391,2.3529,2.3138,2.2747,2.2346,2.1975,2.1623,2.13,2.0987,2.0714,2.044,2.0127,1.9785,1.9433,1.9071,1.871,1.8358,1.8025,1.7683,1.7341,1.6989,1.6696,1.6432,1.6129,1.5816,1.5494,1.5181,1.4868,1.4536,1.4194,1.3871,1.3548,1.3216,1.2884,1.263,1.2414,1.219,1.1994,1.1857,1.1799,1.1838,1.1984,1.2248,1.2649,1.3177,1.3832,1.4506,1.521,1.607,1.7038,1.8074,1.915,2.0254,2.1359,2.2454,2.3548,2.4633,2.5699,2.6745,2.7605,2.8348,2.9169,2.999,3.0782,3.1525,3.219,3.2766,3.3226,3.3578,3.3822,3.3959,3.3969,3.392,3.3891,3.3851,3.3793,3.3734,3.3656,3.3558,3.3441,3.3314,3.3187,3.3069,3.2962,3.2815,3.262,3.2414,3.217,3.1887,3.1554,3.1173,3.0762,3.0323,2.9863,2.9384,2.8905,2.8446,2.7996,2.7507,2.6999,2.6471,2.5943,2.5415,2.4878,2.434,2.3783,2.3216,2.262,2.2082,2.1584,2.1056,2.0538,2.0078,1.9697,1.9394,1.9169,1.9042,1.8993,1.9022,1.915,1.9374,1.9619,1.9912,2.0313,2.0792,2.132,2.1887,2.2463,2.304,2.3597,2.4115,2.4594,2.5044,2.5386,2.565,2.5924,2.6168,2.6373,2.651,2.6579,2.6569,2.6491,2.6344,2.6168,2.5973,2.5748,2.5513,2.5279,2.5034,2.477,2.4497,2.4213,2.391,2.3568,2.3206,2.2825,2.2424,2.1349,1.9961,1.9101,1.8436,1.7869,1.7341,1.6833,1.6344,1.5875,1.5415,1.4976,1.4545,1.4135,1.3715,1.3353,1.3021,1.263,1.2209,1.1789,1.1388,1.1007,1.0645,1.0323,1.002,0.97361,0.94624,0.92669,0.90909,0.88465,0.85826,0.83089,0.80254,0.77322,0.74389,0.71359,0.68426,0.65494,0.62757,0.60117,0.5826,0.56794,0.54839,0.5259,0.50342,0.48192,0.46041,0.43988,0.42326,0.41056,0.40274,0.40176,0.41153,0.43011,0.4565,0.49267,0.54057,0.59824,0.66569,0.74096,0.82307,0.90909,0.99804,1.0899,1.1838,1.2698,1.3509,1.4389,1.5298,1.6227,1.7146,1.8045,1.8925,1.9756,2.0528,2.1241,2.1877,2.2346,2.2708,2.305,2.3343,2.3568,2.3724,2.3803,2.3822,2.3773,2.3666,2.3509,2.3304,2.304,2.2766,2.2463,2.2111,2.1711,2.1271,2.0811,2.0323,1.9814,1.9306,1.8798,1.8299,1.7801,1.737,1.6979,1.654,1.609,1.5621,1.5132,1.4643,1.4164,1.3705,1.3265,1.2825,1.2405,1.1994,1.1662,1.1369,1.1026,1.0655,1.0283,0.9912,0.95699,0.92278,0.88954,0.85826,0.82796,0.79765,0.77517,0.75562,0.73021,0.70283,0.67449,0.64614,0.61975,0.59531,0.5738,0.55523,0.53861,0.52493,0.51613,0.51613,0.52395,0.53568,0.5523,0.57771,0.61193,0.65396,0.70381,0.76149,0.82405,0.8915,0.9609,1.0254,1.089,1.1593,1.2346,1.3118,1.39,1.4673,1.5415,1.6119,1.6774,1.737,1.7908,1.8319,1.8651,1.8983,1.9257,1.9472,1.9629,1.9726,1.9765,1.9756,1.9697,1.9589,1.9453,1.9286,1.912,1.8944,1.8729,1.8485,1.8231,1.7967,1.7674,1.7361,1.7048,1.6735,1.6422,1.6109,1.5836,1.5572,1.5269,1.4927,1.4575,1.4213,1.3861,1.3529,1.3236,1.2962,1.2688,1.2434,1.219,1.2004,1.1848,1.1642,1.1408,1.1153,1.089,1.0626,1.0362,1.0088,0.98143,0.95503,0.92864,0.90909,0.89247,0.87195,0.85239,0.83284,0.81329,0.79472,0.77713,0.76149,0.7478,0.739,0.73607,0.73998,0.75171,0.77028,0.79472,0.826,0.8651,0.91202,0.96383,1.0215,1.085,1.1535,1.2258,1.3021,1.3734,1.4428,1.521,1.6031,1.6872,1.7713,1.8534,1.9326,2.0068,2.0753,2.1369,2.1896,2.2326,2.262,2.2805,2.2972,2.3099,2.3177,2.4751,2.7048,2.8182,2.8719,2.8944,2.8993,2.8935,2.8807,2.8641,2.8426,2.8182,2.7928,2.7674,2.7419,2.7155,2.6872,2.6579,2.6266,2.5934,2.5601,2.5308,2.5044,2.477,2.4497,2.4223,2.3949,2.3675,2.3392,2.3109,2.2805,2.2502,2.2199,2.1955,2.174,2.1486,2.1222,2.0958,2.0674,2.0362,2.0039,1.9707,1.9365,1.9022,1.869,1.8358,1.8084,1.7849,1.7586,1.7331,1.7107,1.6931,1.6823,1.6784,1.6823,1.695,1.7155,1.7458,1.781,1.8211,1.8729,1.9335,2.0029,2.0821,2.1691,2.263,2.3636,2.4702,2.5816,2.696,2.8084,2.9032,2.9863,3.0772,3.1681,3.2542,3.3343,3.4057,3.4653,3.5122,3.5464,3.5689,3.5806,3.5797,3.5679,3.5503,3.5269,3.4985,3.4643,3.4262,3.3842,3.3402,3.2923,3.2444,3.1965,3.1486,3.1036,3.0616,3.0186,2.9756,2.9326,2.8915,2.8514,2.8123,2.7742,2.737,2.6999,2.6657,2.6354,2.608,2.5816,2.5591,2.5415,2.5279,2.5191,2.5142,2.5112,2.5093,2.5064,2.5015,2.4927,2.4819,2.4682,2.4487,2.4242,2.3959,2.3646,2.3304,2.2942,2.2571,2.219,2.1799,2.1408,2.1085,2.0792,2.0479,2.0176,1.9912,1.9697,1.9541,1.9443,1.9413,1.9472,1.9619,1.9834,2.0078,2.0362,2.0723,2.1134,2.1574,2.2043,2.2561,2.3118,2.3715,2.435,2.5015,2.5699,2.6373,2.694,2.7449,2.8006,2.8573,2.911,2.9599,3.0049,3.043,3.0753,3.1017,3.1222,3.1359,3.1398,3.1369,3.13,3.1173,3.0978,3.0743,3.0479,3.0196,2.9902,2.9599,2.9296,2.8993,2.87,2.8426,2.8162,2.7879,2.7586,2.7273,2.694,2.6608,2.6276,2.5934,2.5572,2.5191,2.4809,2.4467,2.4154,2.3822,2.35,2.3196,2.2903,2.262,2.2326,2.2033,2.175,2.1466,2.1183,2.0919,2.0694,2.0499,2.0283,2.0049,1.9795,1.9531,1.9247,1.8964,1.8661,1.8358,1.8065,1.7771,1.7556,1.741,1.7253,1.7126,1.7048,1.7048,1.7136,1.7322,1.7586,1.7918,1.8348,1.8856,1.9404,1.9922,2.044,2.1026,2.1662,2.2317,2.2991,2.3666,2.434,2.5015,2.5679,2.6315,2.6911,2.739,2.7781,2.8172,2.8514,2.8798,2.8993,2.9101,2.914,2.911,2.9022,2.8905,2.8749,2.7009,2.4467,2.3079,2.2258,2.1691,2.1241,2.0841,2.0459,2.0088,1.9707,1.9335,1.8964,1.8602,1.8289,1.8006,1.7713,1.7439,1.7185,1.694,1.6696,1.6461,1.6256,1.607,1.5904,1.5748,1.5601,1.5484,1.5376,1.5259,1.5112,1.4927,1.4702,1.4418,1.4086,1.3715,1.3304,1.2864,1.2424,1.2043,1.1701,1.13,1.088,1.045,1.0039,0.96383,0.92571,0.88954,0.85435,0.82111,0.79179,0.76735,0.75367,0.7478,0.74487,0.7478,0.75855,0.77615,0.80059,0.83284,0.87292,0.91984,0.97556,1.0381,1.0978,1.1564,1.2199,1.2854,1.3509,1.4164,1.4819,1.5445,1.6061,1.6667,1.7243,1.7801,1.8328,1.8739,1.9071,1.9394,1.9658,1.9834,1.9922,1.9941,1.9892,1.9804,1.9687,1.955,1.9394,1.9228,1.9062,1.8886,1.868,1.8446,1.8182,1.7918,1.7644,1.7361,1.7067,1.6774,1.6471,1.6158,1.5885,1.5621,1.5308,1.4976,1.4643,1.4321,1.3998,1.3685,1.3392,1.3099,1.2805,1.2522,1.2307,1.2102,1.1857,1.1603,1.132,1.1036,1.0762,1.0489,1.0225,0.99804,0.97654,0.95503,0.93842,0.92473,0.90616,0.88563,0.86119,0.83675,0.81232,0.78983,0.76931,0.75073,0.73314,0.71848,0.7087,0.7087,0.71652,0.73118,0.75464,0.78886,0.8348,0.88856,0.95015,1.0186,1.0909,1.1662,1.2434,1.3138,1.3812,1.4575,1.5386,1.6197,1.6999,1.7781,1.8543,1.9257,1.9922,2.0508,2.1017,2.1457,2.176,2.1965,2.2131,2.2248,2.2307,2.2307,2.2258,2.216,2.2014,2.1828,2.1623,2.1388,2.1144,2.0899,2.0616,2.0313,2,1.9697,1.9404,1.912,1.8847,1.8563,1.826,1.7937,1.7595,1.7292,1.7009,2.1691,2.1281,2.085,2.0401,1.9941,1.9472,1.9022,1.8583,1.8201,1.7859,1.7488,1.7097,1.6696,1.6285,1.5875,1.5464,1.5064,1.4673,1.4291,1.392,1.3558,1.3265,1.3021,1.2737,1.2424,1.2092,1.175,1.1408,1.1065,1.0733,1.0411,1.0098,0.97947,0.95797,0.94037,0.91789,0.8915,0.86413,0.83675,0.80841,0.78006,0.75464,0.73118,0.71163,0.69599,0.68817,0.69013,0.70186,0.72043,0.74878,0.78788,0.83871,0.90029,0.97165,1.0528,1.1447,1.2444,1.35,1.4467,1.5386,1.6413,1.7488,1.8592,1.9707,2.0821,2.1926,2.2991,2.4018,2.4995,2.5924,2.6657,2.7253,2.7879,2.8465,2.8964,2.9345,2.9589,2.9707,2.9726,2.9668,2.956,2.9413,2.9228,2.8993,2.8719,2.8416,2.8074,2.7703,2.7302,2.6872,2.6598,2.6422,2.6129,2.5777,2.5396,2.5024,2.4673,2.4291,2.391,2.3519,2.3118,2.2717,2.2307,2.1877,2.1437,2.1007,2.0577,2.0147,1.9785,1.9453,1.9081,1.871,1.8338,1.7967,1.7586,1.7214,1.6862,1.651,1.6158,1.5806,1.5513,1.5239,1.4907,1.4545,1.4184,1.3822,1.349,1.3187,1.2903,1.263,1.2375,1.2141,1.1955,1.1867,1.1848,1.1906,1.2053,1.2287,1.262,1.305,1.3548,1.4125,1.4761,1.5445,1.6168,1.6833,1.7478,1.8201,1.8964,1.9736,2.0489,2.1222,2.1955,2.2669,2.3343,2.3978,2.4555,2.5064,2.5445,2.5709,2.5943,2.6109,2.6188,2.6197,2.6158,2.607,2.5934,2.5767,2.5572,2.5347,2.5103,2.4848,2.4565,2.4262,2.3939,2.3617,2.3284,2.2942,2.2581,2.2199,2.1789,2.1369,2.0948,2.0587,2.0235,1.9853,1.9443,1.9032,1.8612,1.8201,1.7791,1.74,1.7019,1.6647,1.6295,1.5992,1.5728,1.5425,1.5103,1.478,1.4448,1.4106,1.3763,1.3431,1.3099,1.2766,1.2434,1.2111,1.1867,1.1672,1.1447,1.1183,1.0899,1.0626,1.0352,1.0088,0.98631,0.9697,0.96188,0.96285,0.97361,0.99218,1.0176,1.0508,1.0938,1.1466,1.2072,1.2757,1.348,1.4242,1.5024,1.5806,1.6598,1.7312,1.7977,1.8719,1.9482,2.0254,2.1017,2.176,2.2454,2.3109,2.3715,2.4272,2.4761,2.5103,2.5327,2.5503,2.5621,2.566,2.5621,2.5533,2.5425,2.5308,2.5171,2.5015,2.4839,2.4643,2.4428,2.4203,2.3959,2.3695,2.3412,2.3128,2.2835,2.2532,2.2219,2.1906,2.1593,2.1281,2.0987,2.0714,2.0411,2.0108,1.9785,1.9453,1.911,1.8778,1.8456,1.8133,1.782,1.7507,1.7243,1.6999,1.6716,1.6413,1.6119,1.5836,1.5543,1.5259,1.4976,1.4692,1.4389,1.4086,1.3763,1.35,1.3294,1.306,1.2815,1.259,1.2405,1.2268,1.2199,1.2209,1.2287,1.2444,1.2688,1.2981,1.3333,1.3793,1.435,1.4995,1.5718,1.65,1.7302,1.8123,1.8935,1.9746,2.0557,2.1349,2.2023,2.263,2.3294,2.3988,2.4682,2.5327,2.5924,2.6452,2.6911,2.7292,2.7595,2.7801,2.7879,2.7879,2.7859,2.781,2.7713,2.7586,2.7419,2.7214,2.6979,2.6706,2.6403,2.609,2.5767,2.5464,2.5611,2.5943,2.5914,2.5699,2.5376,2.4995,2.4575,2.4135,2.3685,2.3265,2.2854,2.2502,2.216,2.1779,2.1388,2.1007,2.0616,2.0225,1.9824,1.9423,1.9022,1.8631,1.825,1.7889,1.7576,1.7302,1.6989,1.6657,1.6325,1.5992,1.566,1.5327,1.4995,1.4673,1.437,1.4096,1.39,1.3744,1.3568,1.3431,1.3343,1.3333,1.3421,1.3607,1.3891,1.4272,1.4761,1.5357,1.6031,1.6676,1.7312,1.8065,1.8895,1.9746,2.0606,2.1466,2.2317,2.3157,2.3998,2.4848,2.5679,2.6354,2.6931,2.7556,2.8152,2.87,2.9169,2.955,2.9834,3.002,3.0117,3.0137,3.0098,3.001,2.9853,2.9648,2.9423,2.9159,2.8876,2.8573,2.826,2.7918,2.7566,2.7195,2.6813,2.6432,2.607,2.5718,2.5337,2.4936,2.4526,2.4106,2.3685,2.3275,2.2864,2.2434,2.1984,2.1525,2.1085,2.0723,2.0411,2.0078,1.9736,1.9394,1.9042,1.8671,1.8309,1.7947,1.7586,1.7204,1.6823,1.65,1.6227,1.5904,1.5572,1.523,1.4897,1.4555,1.4223,1.3891,1.3568,1.3265,1.3001,1.2786,1.2678,1.2649,1.2659,1.2737,1.2884,1.3118,1.346,1.39,1.4428,1.5044,1.5738,1.6481,1.7175,1.784,1.8592,1.9394,2.0225,2.1065,2.1906,2.2757,2.3597,2.4399,2.5152,2.5865,2.652,2.7009,2.74,2.7801,2.8152,2.8436,2.8631,2.8749,2.8778,2.8729,2.8602,2.8426,2.8211,2.7967,2.7713,2.7429,2.7126,2.6804,2.6442,2.6061,2.566,2.523,2.479,2.435,2.392,2.3539,2.3187,2.2805,2.2395,2.1975,2.1564,2.1134,2.0674,2.0205,1.9736,1.9277,1.8827,1.8387,1.8035,1.7713,1.7351,1.697,1.6569,1.6158,1.5748,1.5337,1.4936,1.4575,1.4252,1.3978,1.3812,1.3744,1.3744,1.3842,1.4037,1.434,1.4721,1.5161,1.565,1.6178,1.6735,1.7331,1.7957,1.8524,1.9081,1.9726,2.0401,2.1105,2.1799,2.2454,2.3079,2.3656,2.4184,2.4643,2.5034,2.5308,2.5494,2.565,2.5728,2.5738,2.5679,2.5562,2.5396,2.521,2.5005,2.477,2.4526,2.4282,2.4047,2.3803,2.3529,2.3245,2.2962,2.2659,2.2356,2.2053,2.175,2.1427,2.1095,2.0743,2.043,2.0147,1.9834,1.9501,1.9179,1.8856,1.8534,1.8221,1.7449,1.6442,1.5787,1.5298,1.4888,1.4555,1.4272,1.3959,1.3646,1.3333,1.303,1.2737,1.2444,1.216,1.1887,1.1623,1.1369,1.1173,1.1007,1.0792,1.0557,1.0313,1.0078,0.98436,0.9609,0.93646,0.91105,0.88563,0.86119,0.83773,0.82209,0.81329,0.80156,0.78886,0.77908,0.77517,0.77908,0.79374,0.81916,0.8563,0.90323,0.96188,1.0235,1.0909,1.173,1.2669,1.3715,1.4829,1.5992,1.7195,1.8416,1.9658,2.0899,2.2151,2.3382,2.4418,2.5337,2.6344,2.737,2.8368,2.9326,3.0235,3.1046,3.176,3.2375,3.2864,3.3226,3.3412,3.346,3.346,3.3402,3.3265,3.3079,3.2854,3.2571,3.2258,3.1935,3.1584,3.1193,3.0782,3.0371,2.9941,2.9482,2.9003,2.8504,2.7996,2.7468,2.694,2.6422,2.5904,2.5367,2.4839,2.436,2.392,2.3431,2.2913,2.2395,2.1877,2.1369,2.086,2.0362,1.9863,1.9365,1.8866,1.8387,1.7977,1.7595,1.7175,1.6745,1.6325,1.5904,1.5474,1.5044,1.4633,1.4233,1.3842,1.346,1.3177,1.2952,1.2698,1.2434,1.219,1.1994,1.1877,1.1877,1.2004,1.2268,1.2659,1.3177,1.3724,1.4311,1.5034,1.5855,1.6755,1.7693,1.868,1.9707,2.0743,2.1799,2.2864,2.391,2.4936,2.5787,2.6549,2.74,2.828,2.915,2.998,3.0723,3.1359,3.1877,3.2239,3.2463,3.2561,3.2522,3.2395,3.2248,3.2082,3.1896,3.1691,3.1447,3.1173,3.086,3.0518,3.0147,2.9746,2.9306,2.8876,2.8446,2.7986,2.7517,2.7038,2.6549,2.6041,2.5513,2.4966,2.4399,2.3812,2.3216,2.2669,2.216,2.1613,2.1065,2.0508,1.9932,1.9355,1.8768,1.8182,1.7576,1.697,1.6383,1.5826,1.5376,1.4976,1.4536,1.4066,1.3587,1.3109,1.2639,1.216,1.1691,1.1232,1.0782,1.0342,1.002,0.97654,0.95015,0.92766,0.91202,0.90518,0.90909,0.92473,0.95308,0.99511,1.0489,1.1134,1.1877,1.26,1.3333,1.4174,1.5083,1.6051,1.7038,1.8055,1.9091,2.0108,2.1085,2.2023,2.2913,2.3627,2.4252,2.4927,2.5582,2.6178,2.6696,2.7107,2.741,2.7615,2.7693,2.7664,2.7556,2.738,2.7155,2.6882,2.6569,2.6227,2.5846,2.5445,2.5034,2.4594,2.4154,2.3695,2.3226,2.2737,2.2287,2.1867,2.1222,2.0489,1.9922,1.9433,1.8983,1.8553,1.8133,1.7722,1.7302,1.6891,1.65,1.6178,1.5894,1.5572,1.5239,1.4907,1.4555,1.4213,1.3871,1.3548,1.3236,1.2923,1.262,1.2395,1.2209,1.1955,1.1672,1.1378,1.1075,1.0782,1.0489,1.0215,0.99804,0.97654,0.95601,0.93939,0.9306,0.92766,0.92669,0.93157,0.94428,0.96579,0.99707,1.0381,1.089,1.1476,1.2131,1.2854,1.3558,1.4252,1.5034,1.5875,1.6745,1.7625,1.8495,1.9335,2.0166,2.0968,2.173,2.2463,2.3157,2.3715,2.4184,2.4653,2.5093,2.5464,2.5748,2.5953,2.6051,2.607,2.6041,2.5973,2.5865,2.5728,2.5562,2.5396,2.52,2.4985,2.4751,2.4506,2.4223,2.392,2.3607,2.3275,2.2942,2.26,2.2278,2.1955,2.1613,2.1261,2.0899,2.0547,2.0205,1.9863,1.9531,1.9198,1.8856,1.8504,1.8192,1.7918,1.7605,1.7273,1.694,1.6608,1.6285,1.5973,1.567,1.5376,1.5103,1.4839,1.4633,1.4448,1.4213,1.3949,1.3685,1.3421,1.3157,1.2903,1.2678,1.2483,1.2326,1.2239,1.2219,1.2268,1.2395,1.26,1.2884,1.3236,1.3675,1.4184,1.4761,1.5406,1.609,1.6804,1.7537,1.8201,1.8827,1.9541,2.0293,2.1056,2.1818,2.2571,2.3304,2.3998,2.4643,2.523,2.5758,2.6207,2.652,2.6725,2.6891,2.6999,2.7028,2.6999,2.6911,2.6764,2.6579,2.6364,2.6129,2.5875,2.5621,2.5376,2.5122,2.4839,2.4536,2.4203,2.3832,2.3431,2.303,2.2639,2.2248,2.1877,2.1505,2.1173,2.085,2.0499,2.0147,1.9785,1.9404,1.9022,1.8661,1.8299,1.7937,1.7586,1.7224,1.6911,1.6647,1.6334,1.6012,1.5679,1.5347,1.5024,1.4692,1.436,1.4047,1.3734,1.3441,1.3157,1.2933,1.2747,1.2532,1.2317,1.2102,1.1916,1.176,1.1662,1.1632,1.1691,1.1838,1.2072,1.2356,1.2698,1.3138,1.3666,1.4262,1.4917,1.5621,1.6373,1.7155,1.7947,1.8739,1.9541,2.0323,2.0978,2.1564,2.2219,2.2884,2.3519,2.4135,2.4712,2.5239,2.5699,2.6061,2.6334,2.65,2.6549,2.651,2.6442,2.6325,2.6178,2.6002,2.5797,2.5562,2.5308,2.5024,2.4731,2.4418,2.4096,2.3793,2.3509,2.3187,2.2845,2.2483,2.2111,2.175,2.1398,2.1574,2.1984,2.1975,2.175,2.1466,2.1153,2.0782,2.0381,1.9961,1.9531,1.9101,1.868,1.826,1.7859,1.7468,1.7087,1.6716,1.6422,1.6168,1.5885,1.5621,1.5396,1.5249,1.5191,1.5239,1.5396,1.565,1.5982,1.6403,1.6823,1.7253,1.7781,1.8358,1.8974,1.9599,2.0225,2.087,2.1515,2.2151,2.2766,2.3363,2.391,2.436,2.4731,2.5103,2.5435,2.5699,2.5865,2.5943,2.5943,2.5885,2.5758,2.5582,2.5376,2.5161,2.4927,2.4643,2.433,2.3988,2.3636,2.3265,2.2864,2.2444,2.1994,2.1544,2.1105,2.0674,2.0313,1.998,1.9609,1.9198,1.8788,1.8368,1.7947,1.7517,1.7077,1.6637,1.6217,1.5806,1.5484,1.521,1.4888,1.4555,1.4194,1.3832,1.346,1.3089,1.2737,1.2405,1.2082,1.1789,1.1593,1.1427,1.1212,1.0968,1.0704,1.045,1.0196,0.99511,0.97263,0.95112,0.92962,0.90714,0.88465,0.87195,0.86217,0.84653,0.82796,0.80743,0.7869,0.76637,0.74585,0.7263,0.70772,0.69013,0.67644,0.67351,0.6784,0.68622,0.70088,0.72434,0.75758,0.80156,0.8563,0.9218,0.99707,1.0802,1.1701,1.2659,1.3558,1.4438,1.5425,1.6461,1.7527,1.8602,1.9658,2.0694,2.1701,2.2678,2.3617,2.4516,2.5259,2.5894,2.6569,2.7204,2.7761,2.8211,2.8553,2.8788,2.8944,2.9022,2.9022,2.8983,2.8925,2.8807,2.8641,2.8456,2.824,2.8016,2.7761,2.7488,2.7195,2.6891,2.6569,2.6227,2.5885,2.5562,2.5249,2.4907,2.4555,2.4194,2.3803,2.3412,2.3021,2.263,2.2229,2.1828,2.1427,2.1046,2.0714,2.042,2.0098,1.9765,1.9443,1.912,1.8798,1.8465,1.8123,1.7791,1.7468,1.7136,1.6843,1.6588,1.6305,1.6012,1.5738,1.5474,1.522,1.4956,1.4673,1.4389,1.4125,1.3881,1.3675,1.3558,1.3509,1.3519,1.3617,1.3803,1.4076,1.4448,1.4907,1.5455,1.609,1.6804,1.7576,1.8289,1.8983,1.9775,2.0606,2.1457,2.2317,2.3167,2.4008,2.4839,2.566,2.6461,2.7214,2.7908,2.8426,2.8827,2.9238,2.9589,2.9853,3.0029,3.0117,3.0137,3.0088,3,2.9863,2.9697,2.9501,2.9277,2.9022,2.8729,2.8416,2.8084,2.7742,2.738,2.7009,2.6637,2.6276,2.5904,2.5523,2.5171,2.4819,2.4604,2.4467,2.4184,2.3851,2.35,2.3157,2.2825,2.2512,2.219,2.1887,2.1632,2.1398,2.1124,2.0831,2.0528,2.0225,1.9922,1.9619,1.9316,1.9022,1.8739,1.8456,1.8172,1.7937,1.7732,1.7498,1.7243,1.6999,1.6755,1.652,1.6305,1.6119,1.5992,1.5924,1.5934,1.6012,1.6158,1.6383,1.6696,1.7097,1.7576,1.8123,1.8739,1.9413,2.0127,2.086,2.1613,2.2375,2.305,2.3675,2.437,2.5093,2.5816,2.652,2.7195,2.784,2.8446,2.8993,2.9472,2.9883,3.0147,3.0313,3.044,3.0508,3.0518,3.0499,3.043,3.0323,3.0176,3,2.9804,2.957,2.9316,2.9052,2.8768,2.8465,2.8143,2.781,2.7468,2.7116,2.6764,2.6403,2.6022,2.5621,2.522,2.4858,2.4526,2.4174,2.3832,2.35,2.3167,2.2835,2.2512,2.218,2.1838,2.1496,2.1163,2.088,2.0626,2.0332,2.002,1.9687,1.9365,1.9042,1.8729,1.8416,1.8094,1.7761,1.7419,1.7067,1.6794,1.6569,1.6325,1.608,1.5865,1.5679,1.5523,1.5396,1.5318,1.5298,1.5347,1.5494,1.5709,1.5982,1.6344,1.6764,1.7263,1.784,1.8465,1.915,1.9863,2.0606,2.1369,2.2121,2.2874,2.3519,2.4096,2.4731,2.5386,2.6051,2.6686,2.7283,2.782,2.8299,2.869,2.9003,2.9238,2.9365,2.9413,2.9413,2.9365,2.9247,2.9091,2.8886,2.8651,2.8416,2.8172,2.7908,2.7634,2.7331,2.7028,2.6725,2.6403,2.608,2.5748,2.5396,2.5044,2.4682,2.4291,2.3891,2.348,2.3079,2.2737,2.2424,2.2082,2.174,2.1398,2.1065,2.0723,2.0371,2.0029,1.9677,1.9326,1.8974,1.8612,1.8319,1.8065,1.7771,1.7468,1.7155,1.6843,1.6549,1.6256,1.5963,1.566,1.5357,1.5064,1.4858,1.4692,1.4497,1.4301,1.4125,1.3988,1.391,1.3891,1.3939,1.4066,1.4282,1.4585,1.4976,1.5396,1.5855,1.6422,1.7067,1.7771,1.8524,1.9316,2.0137,2.0948,2.174,2.2532,2.3324,2.3988,2.4585,2.5239,2.5914,2.6569,2.7185,2.7761,2.827,2.869,2.9032,2.9286,2.9443,2.9492,2.9462,2.9374,2.9247,2.9101,2.8944,2.8778,2.8592,2.8387,2.8172,2.7937,2.7674,2.739,2.7107,2.6833,2.6549,2.6237,2.5914,2.5582,2.5239,2.4888,2.4536,2.3685,2.259,2.1857,2.13,2.087,2.0508,2.0137,1.9765,1.9384,1.8993,1.8592,1.8201,1.782,1.7449,1.7087,1.6745,1.6471,1.6227,1.5914,1.5582,1.5259,1.4946,1.4643,1.436,1.4076,1.3793,1.3519,1.3265,1.3079,1.2942,1.2796,1.2678,1.263,1.2669,1.2815,1.306,1.3392,1.3832,1.437,1.5024,1.5777,1.65,1.7224,1.8055,1.8954,1.9883,2.0811,2.174,2.2678,2.3607,2.4526,2.5435,2.6295,2.6989,2.7566,2.8162,2.8749,2.9277,2.9726,3.0068,3.0303,3.044,3.0479,3.042,3.0283,3.0108,2.9892,2.9648,2.9394,2.912,2.8817,2.8495,2.8152,2.7771,2.737,2.696,2.653,2.608,2.565,2.5239,2.48,2.435,2.3891,2.3441,2.3001,2.2551,2.2092,2.1613,2.1134,2.0645,2.0176,1.9775,1.9413,1.9032,1.8641,1.824,1.783,1.7419,1.6999,1.6588,1.6197,1.5816,1.5464,1.521,1.5034,1.4878,1.479,1.477,1.4858,1.5054,1.5357,1.5758,1.6256,1.6823,1.7458,1.8143,1.8768,1.9384,2.0098,2.087,2.1681,2.2502,2.3314,2.4106,2.4848,2.5562,2.6237,2.6882,2.737,2.7761,2.8143,2.8465,2.87,2.8837,2.8876,2.8827,2.87,2.8524,2.8309,2.8074,2.781,2.7527,2.7234,2.6901,2.654,2.6149,2.5718,2.5269,2.4809,2.435,2.39,2.3451,2.2991,2.2581,2.2199,2.1779,2.1339,2.089,2.044,1.998,1.9521,1.9052,1.8592,1.8133,1.7683,1.7243,1.6872,1.654,1.6168,1.5787,1.5425,1.5054,1.4682,1.433,1.3978,1.3617,1.3255,1.2884,1.259,1.2336,1.2023,1.1681,1.1339,1.0997,1.0674,1.0371,1.0059,0.97556,0.94624,0.91691,0.88856,0.86804,0.85239,0.83284,0.81232,0.79374,0.77908,0.76931,0.7654,0.77028,0.78397,0.81036,0.84848,0.89345,0.94624,1.0108,1.086,1.1691,1.26,1.3587,1.4614,1.567,1.6725,1.7791,1.8847,1.9883,2.0772,2.1584,2.2473,2.3382,2.4282,2.5161,2.5982,2.6735,2.74,2.7937,2.8348,2.8631,2.8768,2.8798,2.8788,2.8739,2.8631,2.8465,2.826,2.8016,2.7722,2.739,2.7048,2.6696,2.6334,2.5992,2.565,2.5288,2.4888,2.4438,2.3949,2.3441,2.2923,2.2424,2.1926,2.1447,2.0978,2.0567,2.0196,1.9795,1.9638,1.9619,1.9423,1.914,1.8807,1.8426,1.8025,1.7625,1.7234,1.6921,1.6647,1.6344,1.6031,1.5718,1.5406,1.5093,1.479,1.4487,1.4184,1.3881,1.3597,1.3333,1.3138,1.2972,1.2776,1.2581,1.2385,1.2219,1.2092,1.2014,1.2014,1.2111,1.2307,1.259,1.2942,1.3363,1.3891,1.4506,1.5191,1.5914,1.6667,1.7449,1.825,1.9062,1.9873,2.0694,2.1505,2.2199,2.2825,2.3509,2.4194,2.4868,2.5523,2.6119,2.6657,2.7126,2.7498,2.7771,2.7947,2.8016,2.8016,2.7996,2.7918,2.7801,2.7654,2.7478,2.7263,2.7028,2.6784,2.654,2.6276,2.6002,2.5728,2.5445,2.5132,2.48,2.4477,2.4145,2.3812,2.346,2.3109,2.2747,2.2375,2.2004,2.1681,2.1378,2.1036,2.0674,2.0323,1.998,1.9648,1.9335,1.9032,1.8719,1.8416,1.8113,1.782,1.7576,1.7341,1.7067,1.6774,1.6481,1.6188,1.5904,1.563,1.5357,1.5083,1.4829,1.4575,1.4379,1.4233,1.4086,1.3969,1.39,1.391,1.3998,1.4184,1.4467,1.4848,1.5308,1.5855,1.6471,1.7067,1.7664,1.8348,1.9091,1.9863,2.0665,2.1466,2.2268,2.305,2.3803,2.4526,2.521,2.5758,2.6237,2.6764,2.7292,2.7791,2.8221,2.8573,2.8827,2.8983,2.9052,2.9042,2.8964,2.8837,2.8671,2.8475,2.826,2.8035,2.7791,2.7527,2.7234,2.6921,2.6579,2.6227,2.5855,2.5474,2.5112,2.477,2.4389,2.3998,2.3617,2.3226,2.2835,2.2454,2.2082,2.172,2.1359,2.0997,2.0626,2.0303,1.999,1.9658,1.9316,1.8983,1.8651,1.8338,1.8025,1.7703,1.738,1.7058,1.6745,1.6491,1.6266,1.6022,1.5787,1.5562,1.5357,1.52,1.5112,1.5093,1.5152,1.5288,1.5503,1.5777,1.607,1.6393,1.6764,1.7175,1.7615,1.8074,1.8553,1.9022,1.9472,1.9873,2.0235,2.0547,2.0772,2.0948,2.1085,2.1173,2.1212,2.1202,2.1163,2.1095,2.1017,2.0919,2.0821,2.0714,2.0616,2.0499,2.0342,2.0166,1.9961,1.9736,1.9501,1.9267,1.9022,1.8768,1.8495,1.8201,1.7908,1.7664,1.7449,1.7185,1.6911,1.6637,1.6354,1.607,1.5797,1.5523,1.5249,1.4995,1.4741,1.4545,1.4389,1.4203,1.3988,1.3763,1.3548,1.3324,1.3109,1.2893,1.2669,1.1975,1.1036,1.042,1.0039,0.97849,0.95308,0.92766,0.9042,0.8827,0.86217,0.84066,0.81818,0.79668,0.77615,0.7566,0.74487,0.73803,0.7263,0.71261,0.69697,0.68133,0.66764,0.65396,0.64321,0.63832,0.64027,0.652,0.67351,0.70577,0.74878,0.80254,0.8651,0.93646,1.0176,1.1065,1.2014,1.3001,1.4027,1.5073,1.6129,1.7077,1.7957,1.8915,1.9902,2.088,2.1838,2.2776,2.3666,2.4487,2.523,2.5885,2.6432,2.6872,2.7155,2.7322,2.7439,2.7507,2.7517,2.7488,2.741,2.7283,2.7146,2.6989,2.6813,2.6628,2.6442,2.6256,2.6051,2.5806,2.5543,2.5269,2.4985,2.4712,2.4448,2.4174,2.3891,2.3597,2.3304,2.3021,2.2747,2.2444,2.2141,2.1818,2.1486,2.1144,2.0802,2.0469,2.0147,1.9834,1.955,1.9306,1.9091,1.8856,1.8612,1.8368,1.8104,1.783,1.7546,1.7234,1.6911,1.6598,1.6295,1.6002,1.5777,1.5601,1.5406,1.521,1.5034,1.4868,1.4741,1.4663,1.4643,1.4673,1.479,1.5005,1.5288,1.565,1.6149,1.6755,1.7449,1.8211,1.9042,1.9892,2.0753,2.1623,2.2502,2.3392,2.4282,2.5034,2.5718,2.6471,2.7243,2.7996,2.8729,2.9404,3.002,3.0577,3.1046,3.1427,3.1711,3.1857,3.1887,3.1877,3.1818,3.1711,3.1564,3.1388,3.1173,3.0909,3.0616,3.0303,2.9961,2.9599,2.9228,2.8856,2.8475,2.8065,2.7644,2.7214,2.6764,2.6315,2.5846,2.5376,2.4907,2.4438,2.3998,2.3587,2.3148,2.2698,2.2248,2.1808,2.1378,2.0968,2.0567,2.0166,1.9775,1.9394,1.9022,1.8719,1.8446,1.8143,1.7849,1.7595,1.741,1.7322,1.7341,1.7458,1.7674,1.7986,1.8387,1.8798,1.9228,1.9765,2.0401,2.1105,2.1857,2.2639,2.3441,2.4233,2.5024,2.5787,2.653,2.7136,2.7644,2.8201,2.8768,2.9316,2.9804,3.0215,3.0518,3.0723,3.0841,3.086,3.0811,3.0694,3.0508,3.0293,3.0049,2.9785,2.9492,2.9159,2.8807,2.8436,2.8035,2.7605,2.7165,2.6696,2.6246,2.5816,2.5357,2.4897,2.4448,2.3998,2.3539,2.3079,2.262,2.2151,2.1681,2.1202,2.0733,2.0332,1.998,1.9599,1.9189,1.8749,1.8309,1.7869,1.7449,1.7019,1.6588,1.6168,1.5748,1.5406,1.5103,1.4741,1.436,1.4506,1.4946,1.5024,1.4927,1.4751,1.4526,1.4291,1.4037,1.3783,1.3597,1.3431,1.3226,1.3001,1.2766,1.2542,1.2326,1.2121,1.1945,1.1808,1.173,1.173,1.1808,1.1965,1.2199,1.2502,1.2893,1.3382,1.3949,1.4585,1.5288,1.6041,1.6823,1.7625,1.8426,1.915,1.9824,2.0577,2.1359,2.2151,2.2942,2.3715,2.4457,2.5152,2.5797,2.6383,2.6891,2.7263,2.7537,2.7791,2.7996,2.8143,2.8231,2.825,2.8221,2.8133,2.8006,2.784,2.7634,2.74,2.7165,2.6911,2.6628,2.6325,2.6022,2.5709,2.5386,2.5064,2.4731,2.4379,2.4037,2.3685,2.3372,2.3069,2.2727,2.2356,2.1965,2.1564,2.1153,2.0733,2.0313,1.9902,1.9501,1.9101,1.871,1.8377,1.8074,1.7742,1.739,1.7028,1.6667,1.6315,1.5963,1.5611,1.5259,1.4897,1.4526,1.4223,1.3939,1.3607,1.3265,1.2923,1.259,1.2278,1.2004,1.1779,1.1613,1.1496,1.1447,1.1476,1.1593,1.1789,1.2063,1.2414,1.2845,1.3353,1.3949,1.4614,1.5327,1.608,1.6852,1.7625,1.8319,1.8964,1.9677,2.042,2.1163,2.1906,2.2639,2.3343,2.4008,2.4624,2.5171,2.565,2.6051,2.6315,2.6481,2.6598,2.6667,2.6667,2.6588,2.6471,2.6305,2.6109,2.5914,2.5718,2.5503,2.5288,2.5073,2.4848,2.4604,2.436,2.4106,2.3851,2.3578,2.3304,2.3021,2.2727,2.2424,2.2111,2.1828,2.1564,2.1281,2.0978,2.0674,2.0362,2.0049,1.9756,1.9472,1.9189,1.8905,1.8622,1.8397,1.8182,1.7928,1.7654,1.737,1.7097,1.6823,1.6559,1.6295,1.6022,1.5758,1.5494,1.5288,1.5132,1.4966,1.4819,1.4682,1.4585,1.4536,1.4526,1.4575,1.4692,1.4897,1.5191,1.5572,1.5992,1.6442,1.6999,1.7644,1.8358,1.911,1.9873,2.0635,2.1398,2.217,2.2933,2.3685,2.4311,2.4868,2.5484,2.6119,2.6755,2.7361,2.7918,2.8407,2.8827,2.9159,2.9394,2.955,2.9619,2.9599,2.9531,2.9443,2.9326,2.9179,2.9013,2.8817,2.8602,2.8358,2.8084,2.7791,2.7488,2.7185,2.6872,2.654,2.6178,2.5797,2.5415,2.5044,2.4673,2.4301,2.3949,2.3587,2.3226,2.2864,2.2551,2.2258,2.1935,2.1623,2.131,2.1007,2.0714,2.0459,2.0235,2.0039,1.9746,1.9423,1.9257,1.9198,1.9208,1.9296,1.9453,1.9658,1.9902,2.0186,2.0489,2.0802,2.1095,2.1369,2.1603,2.1779,2.1916,2.2043,2.2121,2.2151,2.2141,2.2092,2.1994,2.1857,2.1691,2.1505,2.132,2.1153,2.0997,2.0821,2.0626,2.042,2.0196,1.9971,1.9736,1.9492,1.9238,1.8964,1.8671,1.8377,1.8123,1.7898,1.7634,1.7361,1.7087,1.6823,1.6559,1.6295,1.6031,1.5758,1.5484,1.52,1.4966,1.4761,1.4516,1.4252,1.3988,1.3724,1.3451,1.3187,1.2952,1.2737,1.2532,1.2346,1.216,1.2033,1.1926,1.176,1.1564,1.1339,1.1105,1.086,1.0616,1.0381,1.0156,0.99413,0.97361,0.9609,0.95308,0.93939,0.92375,0.90811,0.89345,0.87977,0.86706,0.85533,0.84457,0.83382,0.82209,0.80938,0.80254,0.79668,0.78495,0.77224,0.75953,0.74976,0.74487,0.7478,0.75855,0.77908,0.80938,0.85044,0.89736,0.95112,1.0166,1.0919,1.176,1.2669,1.3656,1.4692,1.5758,1.6833,1.7898,1.8944,1.9961,2.0841,2.1652,2.2532,2.3421,2.4282,2.5103,2.5865,2.6559,2.7165,2.7683,2.8104,2.8436,2.8641,2.8749,2.8817,2.8837,2.8817,2.8749,2.8641,2.8495,2.8309,2.8094,2.7849,2.7566,2.7283,2.6979,2.6637,2.6276,2.5885,2.5464,2.5024,2.4565,2.4086,2.3597,2.3099,2.26,2.2102,2.1652,2.1241,2.0802,2.0362,1.9922,1.9492,1.9062,1.8631,1.8221,1.781,1.741,1.7028,1.6725,1.6461,1.6149,1.5826,1.5503,1.5181,1.4858,1.4555,1.4262,1.4008,1.3754,1.3509,1.3275,1.3099,1.2942,1.2747,1.2532,1.2336,1.216,1.2023,1.1926,1.1877,1.1877,1.1945,1.2092,1.2307,1.2581,1.2933,1.3372,1.3891,1.4487,1.5161,1.5894,1.6676,1.7478,1.8289,1.9101,1.9912,2.0616,2.1251,2.1955,2.2678,2.3412,2.4115,2.479,2.5425,2.6012,2.652,2.6931,2.7263,2.7468,2.7566,2.7634,2.7654,2.7625,2.7537,2.741,2.7243,2.7038,2.6804,2.654,2.6266,2.5982,2.5709,2.5455,2.5191,2.4917,2.4614,2.4282,2.393,2.3558,2.3167,2.2776,2.2395,2.2004,2.1662,2.1349,2.0997,2.0626,2.0254,1.9863,1.9462,1.9071,1.869,1.8319,1.7957,1.7615,1.7302,1.7058,1.6833,1.6569,1.6276,1.6471,1.6911,1.696,1.6813,1.6598,1.6364,1.6119,1.5875,1.5699,1.5562,1.5406,1.5259,1.5161,1.5112,1.5132,1.521,1.5357,1.5591,1.5924,1.6334,1.6813,1.7302,1.781,1.8416,1.9081,1.9804,2.0547,2.13,2.2072,2.2854,2.3627,2.4389,2.5122,2.5738,2.6276,2.6872,2.7468,2.8045,2.8573,2.9032,2.9423,2.9736,2.9961,3.0108,3.0186,3.0196,3.0147,3.0049,2.9932,2.9785,2.955,2.9326,2.915,2.8954,2.8671,2.8397,2.8182,2.7928,2.7586,2.7263,2.7009,2.6706,2.6373,2.6022,2.567,2.5298,2.4819,2.4389,2.4066,2.3705,2.3333,2.3001,2.2698,2.2375,2.2043,2.1701,2.1378,2.1085,2.0811,2.0557,2.0352,2.0196,2.0098,2.0059,2.0078,2.0166,2.0303,2.0489,2.0723,2.0997,2.129,2.1584,2.1857,2.2111,1.392,1.3685,1.348,1.3304,1.3167,1.3089,1.3089,1.3177,1.3343,1.3617,1.3988,1.4399,1.4878,1.5455,1.6119,1.6862,1.7654,1.8485,1.9335,2.0215,2.1114,2.2023,2.2942,2.3734,2.4448,2.521,2.5982,2.6735,2.7458,2.8123,2.871,2.9198,2.958,2.9863,3.0049,3.0147,3.0137,3.0078,2.999,2.9863,2.9697,2.9492,2.9238,2.8954,2.8641,2.8299,2.7957,2.7615,2.7283,2.695,2.6598,2.6237,2.5855,2.5464,2.5064,2.4643,2.4203,2.3754,2.3304,2.2864,2.2444,2.2082,2.174,2.1349,2.0948,2.0538,2.0137,1.9736,1.9345,1.8964,1.8583,1.8211,1.784,1.7527,1.7253,1.6931,1.6588,1.6256,1.5904,1.5543,1.5191,1.4839,1.4526,1.4233,1.3959,1.3734,1.3597,1.3529,1.349,1.3529,1.3675,1.392,1.4262,1.4702,1.522,1.5846,1.654,1.7273,1.7957,1.8622,1.9365,2.0176,2.1026,2.1906,2.2796,2.3685,2.4536,2.5367,2.6168,2.6931,2.7625,2.8152,2.8583,2.9032,2.9443,2.9785,3.0029,3.0166,3.0205,3.0166,3.0078,2.9951,2.9795,2.9599,2.9374,2.9101,2.8788,2.8446,2.8074,2.7674,2.7263,2.6852,2.6442,2.6031,2.5611,2.5181,2.479,2.4418,2.4018,2.3597,2.3167,2.2727,2.2278,2.1828,2.1388,2.0968,2.0567,2.0186,1.9844,1.9541,1.9198,1.8817,1.8416,1.8025,1.7634,1.7253,1.6882,1.652,1.6168,1.5816,1.5533,1.5269,1.4976,1.4682,1.4399,1.4115,1.3842,1.3568,1.3324,1.3099,1.2913,1.2776,1.2698,1.2708,1.2835,1.305,1.3363,1.3763,1.4272,1.4868,1.5543,1.6276,1.7067,1.7898,1.8749,1.9101,1.9247,1.9814,2.0596,2.1466,2.2366,2.3265,2.4135,2.4966,2.5718,2.6403,2.6989,2.7478,2.7791,2.7977,2.8133,2.8211,2.8201,2.8123,2.7996,2.782,2.7605,2.7351,2.7048,2.6716,2.6373,2.6022,2.5621,2.5181,2.4712,2.4223,2.3724,2.3216,2.2708,2.2199,2.1711,2.1222,2.0723,2.0283,1.9863,1.9384,1.8876,1.8368,1.7849,1.7341,1.6862,1.6393,1.5934,1.5494,1.5064,1.4712,1.4399,1.4027,1.3627,1.3206,1.2766,1.2326,1.1906,1.1496,1.1105,1.0723,1.0362,1,0.97263,0.95015,0.92278,0.89443,0.86706,0.8436,0.82502,0.81329,0.80938,0.81623,0.8348,0.86608,0.90518,0.95406,1.0166,1.089,1.1711,1.261,1.3568,1.4575,1.5601,1.6647,1.7693,1.8729,1.9765,2.0655,2.1457,2.2336,2.3245,2.4125,2.4966,2.5738,2.6422,2.6989,2.7419,2.7732,2.7937,2.8016,2.8016,2.7996,2.7937,2.782,2.7654,2.7439,2.7185,2.6901,2.6588,2.6246,2.5904,2.5562,2.5239,2.4946,2.4633,2.4291,2.393,2.3529,2.3109,2.2669,2.2219,2.175,2.1271,2.0802,2.0391,2.001,1.958,1.912,1.8661,1.8221,1.7791,1.738,1.7009,1.6647,1.6285,1.5914,1.5543,1.523,1.4927,1.4575,1.4184,1.3773,1.3363,1.2981,1.26,1.2229,1.1887,1.1564,1.1261,1.1056,1.0919,1.0792,1.0723,1.0733,1.085,1.1085,1.1437,1.1906,1.2493,1.3196,1.3988,1.4848,1.566,1.6452,1.7351,1.8319,1.9316,2.0332,2.1359,2.2385,2.3392,2.4389,2.5367,2.6295,2.7038,2.7654,2.8299,2.8915,2.9462,2.9912,3.0254,3.0469,3.0567,3.0557,3.045,3.0264,3.0039,2.9775,2.9501,2.9218,2.8895,2.8553,2.8182,2.7771,2.7331,2.6882,2.6413,2.5934,2.5464,2.5034,2.4594,2.4115,2.3597,2.3069,2.2551,2.2043,2.1544,2.1056,2.0557,2.0059,1.957,1.914,1.8749,1.8299,1.783,1.7351,1.6882,1.6422,1.5973,1.5533,1.5132,1.477,1.4448,1.4184,1.4018,1.393,1.3881,1.393,1.4076,1.433,1.4702,1.5181,1.5758,1.6432,1.7185,1.7996,1.8739,1.9443,2.0254,2.1144,2.2043,2.2923,2.3763,2.4575,2.5347,2.6061,2.6706,2.7292,2.7801,2.8152,2.8377,2.8573,2.871,2.8739,2.8661,2.8397,2.8025,2.7713,2.741,2.7107,2.6804,2.65,2.6188,2.5836,2.5455,2.5054,2.4633,2.4203,2.3773,2.3343,2.2913,2.2473,2.2023,2.1564,2.1163,2.0782,2.0371,1.9951,1.9531,1.911,1.868,1.824,1.7791,1.7361,1.694,1.653,1.6197,1.5904,1.5572,1.521,1.4839,1.4477,1.4106,1.3754,1.3402,1.306,1.2727,1.2414,1.2102,1.1848,1.1632,1.1359,1.1056,1.0772,1.0499,1.0225,0.99511,0.96774,0.94037,0.91398,0.88856,0.87097,0.85826,0.84066,0.82405,0.81036,0.80547,0.81036,0.82698,0.85435,0.89247,0.94037,0.99902,1.0674,1.1359,1.2092,1.2952,1.3891,1.4858,1.5846,1.6843,1.784,1.8856,1.9883,2.0919,2.1945,2.2805,2.3568,2.4409,2.5249,2.6041,2.6764,2.74,2.7918,2.8319,2.8622,2.8817,2.8915,2.8925,2.8827,2.8661,2.8465,2.8211,2.7918,2.7615,2.7292,2.695,2.6598,2.6237,2.5855,2.5455,2.5073,2.4702,2.4301,2.3871,2.3421,2.2962,2.2512,2.2072,2.1642,2.1212,2.0762,2.0303,1.9834,1.9413,1.9022,1.8573,1.8113,1.7674,1.7253,1.6852,1.6471,1.608,1.5679,1.5279,1.4888,1.4585,1.4311,1.3988,1.3656,1.3304,1.2942,1.26,1.2258,1.1916,1.1574,1.1241,1.0938,1.0665,1.0479,1.0342,1.0205,1.0098,1.0039,1.0059,1.0176,1.0391,1.0714,1.1144,1.1672,1.2307,1.2933,1.3578,1.434,1.5171,1.6041,1.694,1.7849,1.8749,1.9638,2.0518,2.1388,2.2229,2.2933,2.3558,2.4233,2.4897,2.5523,2.607,2.651,2.6852,2.7097,2.7234,2.7283,2.7263,2.7185,2.7058,2.6901,2.6725,2.653,2.6305,2.6061,2.5816,2.5552,2.5269,2.4976,2.4673,2.434,2.4027,2.3705,2.3353,2.2981,2.259,2.2209,2.1818,2.1417,2.1017,2.0626,2.0225,1.9804,1.9404,1.9071,1.8759,1.8407,1.8055,1.7683,1.7322,1.696,1.6608,1.6276,1.5953,1.563,1.5298,1.5024,1.4761,1.4457,1.4135,1.3812,1.35,1.3187,1.2884,1.261,1.2366,1.2151,1.1994,1.1916,1.1935,1.2043,1.2219,1.2463,1.2796,1.3226,1.3744,1.434,1.5015,1.5758,1.6579,1.7449,1.8231,1.8964,1.9785,2.0655,2.1535,2.2414,2.3294,2.4154,2.4995,2.5797,2.6549,2.7234,2.784,2.8514,2.9179,2.9648,2.9951,3.0127,3.0215,3.0215,3.0147,3.002,2.9844,2.9629,2.9384,2.911,2.8807,2.8485,2.8162,2.782,2.7468,2.7107,2.6735,2.6354,2.5953,2.5523,2.5083,2.4624,2.4194,2.3793,2.3363,2.2923,2.2493,2.2063,2.1642,2.1232,2.0841,2.044,2.0029,1.9638,1.9316,1.9013,1.8671,1.8319,1.7977,1.7625,1.7283,1.694,1.6588,1.6246,1.5894,1.5562,1.5249,1.5015,1.4809,1.4575,1.433,1.4086,1.3851,1.3636,1.348,1.3392,1.3392,1.347,1.3636,1.3881,1.4213,1.4643,1.5161,1.5767,1.6442,1.7175,1.7937,1.8729,1.9541,2.0371,2.1222,2.2072,2.2796,2.3451,2.4154,2.4868,2.5562,2.6217,2.6852,2.7449,2.7986,2.8446,2.8827,2.912,2.9286,2.9345,2.9365,2.9326,2.9238,2.9091,2.8886,2.8641,2.8358,2.8055,2.7742,2.741,2.7067,2.6735,2.6403,2.6031,2.564,2.523,2.48,2.436,2.391,2.346,2.303,2.26,2.217,2.1789,2.1437,2.1036,2.0616,2.0166,1.9717,1.9306,1.8905,1.8524,1.8143,1.7761,1.738,1.7009,1.6716,1.6452,1.6149,1.5816,1.5484,1.5161,1.4839,1.4497,1.4154,1.3822,1.349,1.3167,1.2923,1.2717,1.2483,1.2239,1.2014,1.1848,1.175,1.174,1.1828,1.2033,1.2336,1.2737,1.3177,1.3656,1.4242,1.4917,1.565,1.6432,1.7243,1.8074,1.8915,1.9746,2.0587,2.1408,2.2209,2.2884,2.347,2.4115,2.478,2.5415,2.5992,2.6481,2.6891,2.7214,2.7429,2.7546,2.7586,2.7546,2.7439,2.7302,2.7136,2.694,2.6725,2.6481,2.6217,2.5943,2.564,2.5308,2.4966,2.4594,2.4233,2.3881,2.348,2.306,2.2639,2.2229,2.1838,2.1457,2.1075,2.0704,2.0332,1.9951,1.9609,1.9306,1.8954,1.8563,1.8152,1.7742,1.7341,1.694,1.6559,1.6197,1.5846,1.5513,1.5191,1.4936,1.4721,1.4467,1.4203,1.392,1.3646,1.3363,1.306,1.2757,1.2463,1.217,1.1896,1.172,1.1603,1.1496,1.1427,1.1427,1.1505,1.1672,1.1945,1.2317,1.2786,1.3363,1.4037,1.479,1.5494,1.6188,1.697,1.781,1.868,1.956,2.045,2.1329,2.2199,2.304,2.3871,2.4673,2.5327,2.5885,2.6471,2.7028,2.7517,2.7937,2.827,2.8397,2.8387,2.8387,2.8358,2.8289,2.8192,2.8055,2.7889,2.7703,2.7498,2.7273,2.7019,2.6745,2.6461,2.6149,2.5816,2.5464,2.5093,2.4751,2.4418,2.4057,2.3675,2.3284,2.2884,2.2473,2.2063,2.1672,2.131,2.0968,2.0626,2.0283,1.999,1.9726,1.9423,1.9081,1.8729,1.8368,1.7986,1.7595,1.7224,1.6872,1.652,1.6178,1.5904,1.566,1.5376,1.5083,1.478,1.4487,1.4203,1.3939,1.3705,1.349,1.3324,1.3226,1.3196,1.3245,1.3382,1.3617,1.3949,1.437,1.4878,1.5484,1.6168,1.6921,1.7722,1.8563,1.9443,2.0225,2.0958,2.1789,2.2669,2.3558,2.4438,2.5298,2.6129,2.6931,2.7674,2.8358,2.8974,2.9511,2.9873,3.0108,3.0323,3.0469,3.0547,3.0557,3.0508,3.0391,3.0215,3.001,2.9765,2.9501,2.9228,2.8944,2.8622,2.827,2.7898,2.7498,2.7067,2.6637,2.6188,2.5738,2.5288,2.4848,2.4438,2.4047,2.3617,2.3157,2.2688,2.2209,2.174,2.1271,2.0821,2.0381,1.9971,1.958,1.9228,1.8944,1.8719,1.8504,1.8328,1.8211,1.8152,1.8162,1.824,1.8387,1.8583,1.8807,1.9062,1.9296,1.9541,1.9804,2.0088,2.0381,2.0655,2.0909,2.1124,2.129,2.1388,2.1408,2.1359,2.1241,2.1105,2.0958,2.0782,2.0577,2.0352,2.0127,1.9902,1.9687,1.9453,1.9208,1.8964,1.871,1.8485,1.826,1.8006,1.7732,1.7429,1.7126,1.6823,1.653,1.6246,1.5963,1.5689,1.5415,1.5142,1.4917,1.4712,1.4448,1.4154,1.3851,1.3568,1.3304,1.305,1.2805,1.2571,1.2346,1.2131,1.1975,1.1848,1.1681,1.1496,1.131,1.1124,1.0938,1.0762,1.0587,1.042,1.0264,1.0108,0.99511,0.98631,0.98045,0.9697,0.95797,0.94526,0.92962,0.913,0.89541,0.87781,0.86022,0.84457,0.82893,0.82014,0.81525,0.8045,0.79179,0.7781,0.76442,0.75171,0.739,0.7263,0.71359,0.70186,0.6911,0.68328,0.68426,0.69501,0.71163,0.73509,0.76833,0.81134,0.8651,0.9306,1.0068,1.0938,1.1906,1.2962,1.3959,1.4946,1.609,1.7322,1.8583,1.9863,2.1144,2.2405,2.3636,2.4819,2.5963,2.7048,2.8084,2.8905,2.9599,3.0332,3.1036,3.1672,3.2209,3.2659,3.2991,3.3206,3.3333,3.3372,3.3333,3.3206,3.2209,3.0811,3.002,2.9521,2.9159,2.8866,2.8592,2.8319,2.8025,2.7713,2.739,2.7048,2.6706,2.6373,2.6022,2.567,2.5318,2.4946,2.4575,2.4194,2.3812,2.3441,2.3079,2.2727,2.2414,2.2131,2.1828,2.1515,2.1202,2.089,2.0577,2.0264,1.9951,1.9638,1.9316,1.8993,1.8671,1.8407,1.8172,1.7908,1.7634,1.7351,1.7058,1.6764,1.6481,1.6197,1.5924,1.566,1.5406,1.522,1.5073,1.4907,1.4761,1.4663,1.4633,1.4682,1.4809,1.5024,1.5318,1.567,1.61,1.6598,1.7067,1.7556,1.8143,1.8788,1.9472,2.0176,2.089,2.1593,2.2278,2.2962,2.3636,2.4291,2.4829,2.5298,2.5816,2.6325,2.6804,2.7234,2.7605,2.7898,2.8113,2.825,2.8309,2.8309,2.824,2.8133,2.8006,2.7859,2.7693,2.7507,2.7292,2.7058,2.6813,2.6549,2.6276,2.6002,2.5728,2.5474,2.522,2.4936,2.4643,2.434,2.4037,2.3724,2.3402,2.3069,2.2737,2.2395,2.2063,2.1769,2.1505,2.1222,2.0929,2.0645,2.0362,2.0078,1.9795,1.9501,1.9198,1.8905,1.8622,1.8338,1.8104,1.7889,1.7644,1.739,1.7126,1.6872,1.6618,1.6373,1.6139,1.5924,1.5728,1.5572,1.5484,1.5445,1.5455,1.5503,1.5611,1.5797,1.6051,1.6373,1.6774,1.7234,1.7752,1.8338,1.8983,1.957,2.0137,2.0782,2.1466,2.217,2.2864,2.3548,2.4233,2.4888,2.5503,2.609,2.6647,2.7077,2.7419,2.7771,2.8104,2.8387,2.8612,2.8768,2.8856,2.8876,2.8827,2.8719,2.8563,2.8377,2.8162,2.7928,2.7674,2.739,2.7087,2.6774,2.6452,2.6119,2.5777,2.5435,2.5103,2.477,2.4467,2.4184,2.3881,2.3558,2.3206,2.2835,2.2454,2.2082,2.1711,2.1359,2.1007,2.0674,2.0342,2.0068,1.9814,1.9531,1.9228,1.8915,1.8612,1.8309,1.8016,1.7732,1.7449,1.7165,1.6882,1.6657,1.6461,1.6227,1.5973,1.5709,1.5455,1.521,1.4995,1.48,1.4633,1.4526,1.4487,1.4526,1.4624,1.479,1.5034,1.5357,1.5748,1.6207,1.6725,1.7302,1.7918,1.8573,1.9267,1.9971,2.0577,2.1134,2.174,2.2356,2.2981,2.3597,2.4194,2.478,2.5337,2.5865,2.6344,2.6764,2.7116,2.7341,2.7468,2.7566,2.7615,2.7605,2.7546,2.7458,2.7273,2.6989,2.6696,2.6393,2.607,2.5738,2.5396,2.5015,2.4604,2.4164,2.3715,2.3255,2.2815,2.2385,2.1965,2.1535,2.1105,2.0665,2.0264,1.9863,1.9404,1.8915,1.8426,1.7937,1.7458,1.6999,1.6559,1.6129,1.5709,1.5308,1.4966,1.4653,1.4282,1.3881,1.347,1.304,1.261,1.219,1.1769,1.1369,1.0978,1.0596,1.0225,0.99316,0.96872,0.94037,0.91202,0.88465,0.85924,0.83578,0.8172,0.80645,0.80547,0.81623,0.83675,0.86608,0.90323,0.95112,1.0088,1.0762,1.1515,1.2336,1.3206,1.4115,1.5054,1.5982,1.6891,1.7693,1.8436,1.9247,2.0088,2.0929,2.175,2.2532,2.3275,2.3949,2.4536,2.5015,2.5396,2.5679,2.5816,2.5846,2.5806,2.5718,2.5591,2.5406,2.5161,2.4888,2.4585,2.4252,2.391,2.3558,2.3226,2.2884,2.2522,2.2141,2.174,2.131,2.086,2.0391,1.9922,1.9453,1.8983,1.8534,1.8094,1.7722,1.737,1.696,1.651,1.6041,1.5572,1.5112,1.4663,1.4223,1.3812,1.3421,1.3021,1.2698,1.2424,1.2121,1.1828,1.1554,1.1329,1.1173,1.1095,1.1105,1.1202,1.1398,1.1681,1.2033,1.2405,1.2796,1.3245,1.3744,1.4272,1.4819,1.5367,1.5885,1.6373,1.6833,1.7243,1.7586,1.784,1.8025,1.8162,1.825,1.8299,1.8299,1.826,1.8192,1.8104,1.7996,1.7859,1.7703,1.7527,1.737,1.7204,1.7019,1.6823,1.6618,1.6403,1.6168,1.5924,1.566,1.5386,1.5112,1.4829,1.4594,1.4389,1.4164,1.39,1.3627,1.3353,1.3079,1.2815,1.2561,1.2307,1.2053,1.1799,1.1554,1.1359,1.1202,1.1017,1.0811,1.0587,1.0352,1.0117,0.98925,0.96676,0.94624,0.92669,0.90811,0.89638,0.88661,0.87292,0.8563,0.83871,0.82111,0.8045,0.78983,0.77713,0.7654,0.75367,0.73998,0.72532,0.71652,0.71065,0.70088,0.68817,0.67449,0.66178,0.64907,0.63734,0.62561,0.61681,0.6129,0.61486,0.62561,0.64418,0.6696,0.70381,0.74976,0.80743,0.87488,0.95406,1.045,1.1457,1.2542,1.3675,1.4839,1.5875,1.6833,1.7918,1.9062,2.0225,2.1398,2.2551,2.3675,2.477,2.5816,2.6813,2.7752,2.8485,2.9071,2.9668,3.0225,3.0694,3.1065,3.1339,3.1515,3.1603,3.1623,3.1564,3.1437,3.1251,3.0987,3.0332,2.9511,2.8964,2.8553,2.8201,2.7879,2.7556,2.7214,2.6843,2.6461,2.607,2.5699,2.5327,2.4946,2.4565,2.4184,2.3812,2.3441,2.3079,2.2717,2.2336,2.1945,2.1554,2.1202,2.088,2.0538,2.0186,1.9844,1.9501,1.915,1.8798,1.8456,1.8123,1.781,1.7517,1.7224,1.6979,1.6755,1.65,1.6227,1.5934,1.563,1.5347,1.5083,1.4839,1.4624,1.4448,1.433,1.4272,1.4262,1.4291,1.4389,1.4575,1.4848,1.522,1.567,1.6178,1.6755,1.738,1.8035,1.871,1.9306,1.9873,2.0518,2.1193,2.1848,2.2493,2.3128,2.3754,2.435,2.4927,2.5474,2.5982,2.6354,2.6637,2.6921,2.7155,2.7322,2.7419,2.7449,2.7419,2.7341,2.7224,2.7067,2.6872,2.6647,2.6393,2.6119,2.5816,2.5503,2.5171,2.4819,2.4467,2.4115,2.3773,2.3421,2.306,2.2678,2.2317,2.1975,2.1603,2.1212,2.0821,2.043,2.0039,1.9648,1.9267,1.8895,1.8534,1.8182,1.784,1.7546,1.7283,1.696,1.6608,1.6246,1.5885,1.5523,1.5171,1.4839,1.4526,1.4223,1.392,1.3685,1.349,1.3245,1.2991,1.2727,1.2473,1.2229,1.2004,1.1808,1.1652,1.1554,1.1515,1.1544,1.1662,1.1848,1.2102,1.2444,1.2864,1.3363,1.393,1.4545,1.521,1.5904,1.6618,1.7331,1.7957,1.8534,1.9169,1.9824,2.0479,2.1124,2.174,2.2326,2.2884,2.3402,2.3871,2.4272,2.4614,2.4848,2.4995,2.5103,2.5142,2.5132,2.5064,2.4946,2.479,2.4604,2.4399,2.4164,2.391,2.3656,2.3392,2.3099,2.2776,2.2434,2.2082,2.173,2.1378,2.1036,2.0723,2.043,2.0137,1.9834,1.957,1.9326,1.9052,1.8749,1.8426,1.8094,1.7752,1.7419,1.7097,1.6784,1.6471,1.6158,1.5904,1.5679,1.5415,1.5132,1.4839,1.4545,1.4242,1.3949,1.3675,1.3421,1.3177,1.2942,1.2717,1.2551,1.2395,1.2199,1.1994,1.1799,1.1613,1.1466,1.1369,1.1329,1.1359,1.1476,1.1681,1.1945,1.2268,1.2678,1.3157,1.3705,1.4301,1.4936,1.5601,1.6315,1.7067,1.783,1.8602,1.9365,2.001,2.0587,2.1212,2.1848,2.2473,2.3089,2.3656,2.4174,2.4624,2.4995,2.5308,2.5533,2.564,2.567,2.566,2.5611,2.5523,2.5406,2.5279,2.5132,2.5112,2.5142,2.5034,2.4848,2.4624,2.4379,2.4096,2.3803,2.35,2.3167,2.2825,2.2473,2.2121,2.1769,2.1408,2.1036,2.0655,2.0313,1.999,1.9638,1.9296,1.8964,1.8631,1.8299,1.7967,1.7644,1.7312,1.6989,1.6667,1.6383,1.6149,1.5885,1.5601,1.5308,1.5015,1.4721,1.4428,1.4154,1.3881,1.3607,1.3343,1.3089,1.2893,1.2747,1.259,1.2463,1.2395,1.2385,1.2444,1.2581,1.2805,1.3128,1.3539,1.4027,1.4516,1.5034,1.565,1.6354,1.7126,1.7928,1.8768,1.9619,2.0469,2.132,2.2151,2.2972,2.3773,2.4418,2.4976,2.5591,2.6197,2.6755,2.7253,2.7674,2.8016,2.825,2.8387,2.8436,2.8416,2.8328,2.8182,2.8016,2.783,2.7625,2.74,2.7155,2.6891,2.6598,2.6276,2.5934,2.5572,2.5181,2.48,2.4418,2.4008,2.3597,2.3187,2.2766,2.2346,2.1935,2.1515,2.1095,2.0684,2.0264,1.9902,1.957,1.9218,1.8866,1.8514,1.8162,1.781,1.7468,1.7136,1.6813,1.652,1.6266,1.607,1.5973,1.5934,1.5943,1.6022,1.6168,1.6383,1.6657,1.697,1.7322,1.7703,1.8104,1.8514,1.8876,1.9198,1.956,1.9922,2.0264,2.0577,2.0821,2.0987,2.1085,2.1124,2.1105,2.1046,2.0948,2.0831,2.0714,2.0557,2.0362,2.0147,1.9922,1.9687,1.9453,1.9228,1.9003,1.8759,1.8514,1.8299,1.8084,1.784,1.7576,1.7312,1.7048,1.6774,1.6491,1.6217,1.5943,1.5679,1.5406,1.5132,1.4897,1.4702,1.4477,1.4233,1.3988,1.3754,1.3509,1.3265,1.3021,1.2776,1.2542,1.2317,1.2151,1.2014,1.1848,1.1681,1.1505,1.132,1.1144,1.0978,1.0802,1.0626,1.0459,1.0293,1.0137,1.0049,0.99902,0.98925,0.97752,0.96285,0.94624,0.92962,0.91202,0.89345,0.87488,0.8563,0.83969,0.82991,0.82307,0.80938,0.79472,0.77908,0.76442,0.75269,0.74389,0.74096,0.7478,0.76442,0.79179,0.82893,0.87292,0.92375,0.98631,1.0587,1.1378,1.2258,1.3196,1.4194,1.523,1.6295,1.738,1.8485,1.9453,2.0342,2.132,2.2326,2.3333,2.4321,2.5269,2.6149,2.696,2.7693,2.8338,2.8895,2.9277,2.9531,2.9765,2.9922,3,3.001,2.9961,2.9853,2.9707,2.9521,2.9326,2.911,2.8876,2.8612,2.8338,2.8094,2.7859,2.7556,2.7214,2.6852,2.6481,2.6109,2.5738,2.5357,2.4976,2.4614,2.4272,2.39,2.3529,2.3157,2.2786,2.2405,2.2023,2.1642,2.1251,2.087,2.0489,2.0117,1.9804,1.9511,1.9189,1.8856,1.8524,1.8192,1.7869,1.7566,1.7263,1.695,1.6647,1.6344,1.61,1.5875,1.5621,1.5367,1.5103,1.4848,1.4614,1.4389,1.4184,1.4018,1.39,1.3842,1.3861,1.3949,1.4106,1.433,1.4633,1.5015,1.5484,1.6022,1.6618,1.7263,1.7947,1.8661,1.9384,2.0029,2.0635,2.131,2.2014,2.2717,2.3412,2.4086,2.4731,2.5337,2.5904,2.6422,2.6882,2.7263,2.7527,2.7693,2.784,2.7937,2.7967,2.7947,2.7869,2.7752,2.7605,2.7429,2.7243,2.7038,2.6833,2.6618,2.6393,2.6149,2.5875,2.5572,2.5249,2.4907,2.4555,2.4203,2.3861,2.3519,2.3177,2.2864,2.2571,2.2268,2.1955,2.1642,2.132,2.0987,2.0655,2.0323,2,1.9687,1.9374,1.912,1.8876,1.8592,1.8299,1.8006,1.7732,1.7468,1.7214,1.695,1.6696,1.6442,1.6178,1.5904,1.5679,1.5503,1.5308,1.5103,1.4917,1.477,1.4682,1.4643,1.4663,1.4751,1.4907,1.5152,1.5435,1.5767,1.6207,1.6745,1.7351,1.7996,1.868,1.9384,2.0108,2.0831,2.1544,2.2258,2.2972,2.3587,2.4125,2.4721,2.5337,2.5953,2.6549,2.7097,2.7595,2.8035,2.8368,2.8612,2.8768,2.8807,2.8759,2.8671,2.8553,2.8407,2.824,2.8055,2.7859,2.7644,2.74,2.7136,2.6843,2.651,2.6178,2.5855,2.5513,2.5171,2.4809,2.4448,2.4096,2.3744,2.3392,2.304,2.2688,2.2326,2.2004,2.1691,2.1349,2.1007,2.0665,2.0323,2,1.9687,1.9365,1.9042,1.871,1.8387,1.8104,1.7849,1.7586,1.7312,1.7038,1.6764,1.6481,1.6197,1.5894,1.5591,1.5298,1.5034,1.479,1.4633,1.4526,1.4428,1.435,1.4301,1.4291,1.433,1.4428,1.4604,1.4868,1.522,1.567,1.6129,1.6618,1.7204,1.784,1.8524,1.9228,1.9951,2.0694,2.1437,2.217,2.2893,2.3597,2.4272,2.4829,2.5308,2.5826,2.6334,2.6794,2.7214,2.7566,2.783,2.8016,2.8123,2.8152,2.8113,2.8006,2.7859,2.7693,2.7507,2.7292,2.7048,2.6784,2.65,2.6197,2.5875,2.5513,2.5112,2.4692,2.4291,2.391,2.3509,2.3089,2.2649,2.218,2.1691,2.1183,2.0674,2.0186,1.9707,1.9228,1.8798,1.8407,1.7977,1.7527,1.7077,1.6637,1.6207,1.5767,1.5327,1.4897,1.4477,1.4057,1.3636,1.3284,1.2972,1.26,1.219,1.175,1.1329,1.0938,1.0557,1.0196,0.98436,0.9521,0.92375,0.90616,0.89541,0.88465,0.88074,0.88661,0.90323,0.92962,0.96774,1.0147,1.0704,1.1349,1.2063,1.2845,1.3587,1.433,1.5171,1.608,1.7009,1.7947,1.8895,1.9824,2.0733,2.1623,2.2463,2.3255,2.3891,2.4428,2.4985,2.5494,2.5934,2.6285,2.653,2.6657,2.6686,2.6647,2.6549,2.6403,2.6207,2.5982,2.5728,2.5455,2.5161,2.4858,2.4536,2.4184,2.3803,2.3382,2.2923,2.2444,2.1945,2.1486,2.1046,2.0577,2.0108,1.9638,1.9169,1.8719,1.827,1.782,1.7361,1.6911,1.6481,1.6051,1.567,1.5318,1.4927,1.4516,1.4115,1.3705,1.3304,1.2933,1.259,1.2278,1.2004,1.1789,1.1672,1.1662,1.172,1.1867,1.2111,1.2454,1.2884,1.3392,1.3969,1.4604,1.5288,1.6012,1.6755,1.741,1.8025,1.871,1.9423,2.0117,2.0792,2.1427,2.2023,2.2542,2.2981,2.3333,2.3597,2.3744,2.3803,2.3812,2.3763,2.3656,2.35,2.3314,2.3099,2.2854,2.26,2.2326,2.2043,2.174,2.1447,2.1163,2.0841,2.0499,2.0147,1.9795,1.9433,1.9052,1.8661,1.826,1.7859,1.7458,1.7126,1.6833,1.6491,1.6129,1.5758,1.5396,1.5054,1.4712,1.4379,1.4057,1.3724,1.3392,1.3138,1.2913,1.2649,1.2346,1.2023,1.1701,1.1388,1.1085,1.0792,1.0518,1.0274,1.0039,0.98045,0.96285,0.94819,0.9306,0.91202,0.8915,0.87097,0.85044,0.82991,0.81036,0.78886,0.76735,0.74682,0.73314,0.72239,0.70674,0.6911,0.67546,0.66373,0.65982,0.66569,0.68231,0.70968,0.7478,0.79668,0.8563,0.91887,0.98729,1.0694,1.1613,1.262,1.3695,1.4809,1.5953,1.7107,1.827,1.9433,2.0606,2.1613,2.2522,2.3519,2.4536,2.5523,2.6461,2.7331,2.8113,2.8807,2.9404,2.9902,3.0303,3.0596,3.0733,3.0762,3.0753,3.0684,3.0547,3.0371,3.0156,2.9902,2.9609,2.9277,2.8895,2.8485,2.8084,2.7674,2.7234,2.6784,2.6334,2.5904,2.5503,2.5103,2.4692,2.4272,2.3851,2.3431,2.3021,2.2669,2.2336,2.1975,2.1603,2.1222,2.0841,2.0459,2.0078,1.9697,1.9326,1.8964,1.8602,1.8289,1.8006,1.7693,1.738,1.7067,1.6755,1.6461,1.6178,1.5894,1.5611,1.5327,1.5034,1.4741,1.4506,1.4311,1.4096,1.3881,1.3685,1.3539,1.3451,1.3451,1.3529,1.3675,1.39,1.4213,1.4555,1.4946,1.5425,1.5982,1.6608,1.7292,1.8035,1.8817,1.9629,2.045,2.1271,2.2072,2.2854,2.35,2.4066,2.4673,2.5269,2.5836,2.6364,2.6852,2.7283,2.7634,2.7908,2.8094,2.8182,2.8172,2.8094,2.7967,2.7801,2.7595,2.7351,2.7087,2.6813,2.652,2.6188,2.5826,2.5445,2.5034,2.4633,2.4252,2.3851,2.3441,2.3011,2.2581,2.216,2.174,2.1329,2.0919,2.0518,2.0117,1.9765,1.9443,1.9081,1.87,1.8309,1.7908,1.7517,1.7136,1.6764,1.6413,1.608,1.5748,1.5406,1.5122,1.4878,1.4585,1.4262,1.3939,1.3607,1.3284,1.2981,1.2678,1.2375,1.2072,1.1779,1.1574,1.1427,1.1251,1.1105,1.1007,1.0968,1.0997,1.1114,1.132,1.1603,1.1955,1.2375,1.2825,1.3324,1.392,1.4594,1.5318,1.6061,1.6813,1.7586,1.8358,1.912,1.9892,2.0655,2.1408,2.2043,2.261,2.3226,2.3842,2.4428,2.4936,2.5367,2.5709,2.5953,2.6109,2.6188,2.6207,2.6158,2.607,2.5963,2.5826,2.567,2.5474,2.5239,2.4966,2.4653,2.4311,2.3939,2.3548,2.3157,2.2796,2.2463,2.2111,2.176,2.1408,2.1056,2.0694,2.0332,1.9961,1.9599,1.9228,1.8856,1.8543,1.826,1.7928,1.7566,1.7214,1.6882,1.6569,1.6276,1.6002,1.5728,1.5445,1.5152,1.4858,1.4633,1.4438,1.4194,1.3949,1.3715,1.347,1.3226,1.2991,1.2776,1.2561,1.2356,1.218,1.2082,1.2033,1.1994,1.1994,1.2053,1.217,1.2375,1.2678,1.306,1.3519,1.4057,1.4663,1.5337,1.5963,1.6579,1.7292,1.8065,1.8856,1.9668,2.0479,2.1281,2.2072,2.2854,2.3617,2.436,2.4946,2.5445,2.5963,2.6461,2.6901,2.7263,2.7537,2.7722,2.784,2.7879,2.7859,2.7791,2.7664,2.7498,2.7302,2.7087,2.6843,2.6579,2.6305,2.6022,2.5728,0.97067,0.98045,0.9824,0.98143,0.97752,0.97361,0.9697,0.96676,0.96383,0.95992,0.95992,0.96481,0.96579,0.96481,0.96481,0.96872,0.97947,0.99804,1.0264,1.0674,1.1193,1.1818,1.2551,1.3284,1.4027,1.4897,1.5865,1.6891,1.7937,1.9022,2.0117,2.1212,2.2307,2.3392,2.4457,2.5347,2.6139,2.697,2.7791,2.8583,2.9326,3.001,3.0626,3.1163,3.1623,3.2004,3.2287,3.2473,3.2532,3.2493,3.2424,3.2326,3.2199,3.2053,3.1887,3.1701,3.1476,3.1232,3.0968,3.0674,3.0362,3.0029,2.9668,2.9296,2.8915,2.8524,2.8133,2.7742,2.7361,2.697,2.6569,2.6188,2.5806,2.5474,2.5161,2.4819,2.4457,2.4086,2.3724,2.3363,2.2991,2.261,2.2239,2.1867,2.1486,2.1163,2.088,2.0567,2.0235,1.9902,1.958,1.9267,1.8964,1.868,1.8407,1.8143,1.7869,1.7595,1.737,1.7165,1.6911,1.6647,1.6373,1.6119,1.5865,1.5611,1.5357,1.5112,1.4868,1.4633,1.4487,1.4399,1.433,1.4301,1.434,1.4477,1.4702,1.5015,1.5415,1.5894,1.6452,1.7087,1.7791,1.8446,1.9081,1.9814,2.0596,2.1408,2.2229,2.304,2.3861,2.4673,2.5455,2.6197,2.6891,2.7439,2.7889,2.8358,2.8798,2.9179,2.9501,2.9756,2.9941,3.0059,3.0117,3.0137,3.0117,3.0059,2.9941,2.9775,2.9599,2.9404,2.9179,2.8925,2.8651,2.8358,2.8055,2.7752,2.7449,2.7136,2.6852,2.6579,2.6276,2.5953,2.5621,2.5279,2.4927,2.4585,2.4252,2.392,2.3587,2.3245,2.2903,2.261,2.2336,2.2053,2.176,2.1457,2.1163,2.0792,2.045,2.0205,1.9932,1.9648,1.9374,1.915,1.8954,1.8719,1.8485,1.824,1.7977,1.7703,1.7429,1.7165,1.6921,1.6706,1.651,1.6354,1.6276,1.6256,1.6266,1.6354,1.653,1.6794,1.7146,1.7586,1.8094,1.868,1.9335,2.0029,2.0674,2.13,2.2023,2.2796,2.3597,2.4409,2.523,2.6051,2.6862,2.7634,2.8368,2.9062,2.9599,3.0059,3.0567,3.1065,3.1505,3.1877,3.216,3.2366,3.2483,3.2502,3.2444,3.2336,3.219,3.2004,3.1789,3.1564,3.1329,3.1065,3.0772,3.045,3.0117,2.9775,2.9433,2.9081,2.8729,2.8397,2.8065,2.7713,2.7341,2.696,2.6129,2.5093,2.4409,2.3891,2.346,2.3069,2.2708,2.2375,2.2092,2.1828,2.1554,2.1271,2.0978,2.0684,2.0381,2.0088,1.9795,1.9501,1.9208,1.8905,1.8661,1.8465,1.825,1.8025,1.7801,1.7576,1.7331,1.7087,1.6872,1.6676,1.651,1.6383,1.6325,1.6334,1.6403,1.654,1.6735,1.6999,1.7331,1.7732,1.8201,1.8729,1.9326,1.998,2.0674,2.1281,2.1848,2.2493,2.3157,2.3842,2.4526,2.521,2.5885,2.6549,2.7175,2.7879,2.8475,2.8876,2.9179,2.9404,2.9638,2.9834,2.9971,3.0039,3.0049,3.002,2.9941,2.9814,2.9648,2.9443,2.9218,2.8974,2.871,2.8426,2.8123,2.781,2.7498,2.7165,2.6833,2.65,2.6158,2.5826,2.5494,2.5181,2.4868,2.4526,2.4154,2.3773,2.3402,2.304,2.2688,2.2336,2.2004,2.1662,2.1329,2.1036,2.0772,2.0489,2.0196,1.9912,1.9629,1.9355,1.9081,1.8817,1.8543,1.826,1.7967,1.7664,1.7419,1.7204,1.696,1.6706,1.6461,1.6227,1.6002,1.5797,1.5621,1.5484,1.5406,1.5406,1.5474,1.5611,1.5816,1.6109,1.6491,1.6931,1.7449,1.8016,1.8622,1.9267,1.9932,2.0626,2.1329,2.1955,2.2532,2.3177,2.3851,2.4506,2.5132,2.5728,2.6305,2.6852,2.7351,2.7801,2.8192,2.8456,2.8612,2.8749,2.8847,2.8876,2.8837,2.8739,2.8592,2.8407,2.8182,2.7937,2.7664,2.738,2.7116,2.6843,2.6549,2.6246,2.5924,2.5503,2.5112,2.4829,2.4516,2.4174,2.3822,2.346,2.3128,2.2815,2.2473,2.2131,2.1779,2.1427,2.1085,2.0753,2.043,2.0117,1.9814,1.9521,1.9228,1.8905,1.8641,1.8436,1.8172,1.7889,1.7586,1.7263,1.694,1.6647,1.6364,1.609,1.5836,1.564,1.5484,1.5288,1.5073,1.4858,1.4663,1.4487,1.434,1.4242,1.4213,1.4272,1.4418,1.4624,1.4897,1.5269,1.5855,1.6442,1.6901,1.7478,1.8309,1.9101,1.9677,2.0342,2.1232,2.2053,2.2542,2.305,2.3812,2.4526,2.5181,2.5816,2.6383,2.7019,2.7498,2.782,2.8035,2.8211,2.8338,2.8416,2.8426,2.8377,2.8289,2.8211,2.8094,2.7908,2.7722,2.7517,2.7302,2.7067,2.6823,2.6569,2.6305,2.6022,2.5718,2.5406,2.5083,2.4741,2.4399,2.4066,2.3744,2.2952,2.1926,2.1251,2.0694,2.0205,1.9746,1.9316,1.8905,1.8504,1.8113,1.7732,1.7341,1.694,1.654,1.6207,1.5924,1.5621,1.5318,1.5024,1.477,1.4575,1.4448,1.4409,1.4467,1.4633,1.4897,1.52,1.5552,1.6002,1.654,1.7136,1.7781,1.8495,1.9247,2.0029,2.0831,2.1632,2.2424,2.3206,2.3871,2.4448,2.5093,2.5758,2.6393,2.6979,2.7498,2.7937,2.827,2.8514,2.8661,2.871,2.8661,2.8524,2.8348,2.8133,2.7889,2.7605,2.7273,2.6921,2.6549,2.6168,2.5777,2.5386,2.4985,2.4614,2.4233,2.3812,2.3372,2.2913,2.2434,2.1945,2.1466,2.1007,2.0557,2.0098,1.9648,1.9267,1.8925,1.8553,1.8152,1.7742,1.7331,1.6921,1.652,1.6129,1.5748,1.5376,1.4995,1.4624,1.4321,1.4057,1.3744,1.3412,1.3089,1.2776,1.2473,1.218,1.1896,1.1613,1.1339,1.1065,1.087,1.0704,1.0489,1.0254,1,0.97361,0.94624,0.92082,0.89834,0.87781,0.86217,0.85239,0.85044,0.85826,0.87586,0.90029,0.93451,0.98045,1.0381,1.1065,1.1848,1.2717,1.3656,1.4643,1.566,1.6559,1.7419,1.8387,1.9413,2.0479,2.1554,2.263,2.3675,2.4673,2.5621,2.65,2.7322,2.8055,2.8612,2.9042,2.9472,2.9844,3.0147,3.0362,3.0469,3.0469,3.0381,3.0225,3.002,2.9775,2.9482,2.915,2.8778,2.8377,2.7937,2.7468,2.6989,2.65,2.6002,2.5503,2.5015,2.4526,2.4066,2.3627,2.3167,2.2708,2.2248,2.1779,2.13,2.0802,2.0313,1.9834,1.9365,1.8915,1.8465,1.8084,1.7732,1.7341,1.6931,1.651,1.608,1.565,1.523,1.4819,1.4428,1.4037,1.3636,1.3304,1.303,1.2708,1.2375,1.2043,1.1711,1.1388,1.1065,1.0762,1.0489,1.0235,1.0039,0.99218,0.99218,1.001,1.0166,1.0411,1.0753,1.1183,1.1701,1.2307,1.2991,1.3724,1.4506,1.5337,1.609,1.6804,1.7605,1.8436,1.9286,2.0127,2.0938,2.1711,2.2454,2.3148,2.3783,2.436,2.4858,2.52,2.5435,2.565,2.5806,2.5894,2.5904,2.5836,2.5699,2.5503,2.5269,2.4995,2.4692,2.4379,2.4057,2.3685,2.3275,2.2845,2.2395,2.1945,2.1496,2.1056,2.0606,2.0156,1.9707,1.9257,1.8856,1.8495,1.8094,1.7683,1.7273,1.7067,1.6979,1.6735,1.6422,1.607,1.5689,1.5318,1.5015,1.4761,1.4477,1.4184,1.3891,1.3587,1.3275,1.2952,1.262,1.2287,1.1965,1.1662,1.1378,1.1173,1.0997,1.0782,1.0567,1.0342,1.0117,0.99218,0.97458,0.9609,0.95406,0.95503,0.96676,0.98631,1.0137,1.0499,1.0958,1.1486,1.2072,1.2727,1.346,1.4242,1.5044,1.5855,1.6676,1.7507,1.8231,1.8905,1.9638,2.0371,2.1095,2.1789,2.2444,2.306,2.3617,2.4115,2.4536,2.4878,2.5083,2.52,2.5279,2.5288,2.5239,2.5152,2.5024,2.4868,2.4702,2.4516,2.4321,2.4096,2.3851,2.3597,2.3333,2.304,2.2717,2.2375,2.2033,2.1691,2.1349,2.1007,2.0655,2.0293,1.9922,1.9589,1.9286,1.8964,1.8651,1.8338,1.8016,1.7703,1.739,1.7077,1.6745,1.6413,1.609,1.5777,1.5513,1.5288,1.5024,1.4741,1.4457,1.4174,1.39,1.3617,1.3353,1.3089,1.2825,1.2571,1.2375,1.2219,1.2033,1.1848,1.1672,1.1544,1.1476,1.1496,1.1613,1.1818,1.2121,1.2522,1.3021,1.3519,1.4047,1.4673,1.5357,1.609,1.6862,1.7654,1.8446,1.9247,2.0039,2.0821,2.1584,2.2219,2.2786,2.3402,2.4018,2.4614,2.5161,2.566,2.609,2.6442,2.6686,2.6823,2.6862,2.6823,2.6716,2.6569,2.6393,2.6197,2.5973,2.5728,2.5474,2.521,2.4927,2.4633,2.4311,2.3969,2.3636,2.3314,2.2962,2.259,2.2209,2.1818,2.1417,2.1007,2.0596,2.0196,1.9804,1.9413,1.9081,1.8778,1.8446,1.8084,1.7722,1.7361,1.6989,1.6628,1.6276,1.5943,1.5611,1.5279,1.4956,1.4702,1.4467,1.4184,1.3881,1.3578,1.3284,1.3011,1.2737,1.2483,1.2258,1.2053,1.1857,1.172,1.1652,1.1593,1.1564,1.1603,1.173,1.1955,1.2278,1.2688,1.3177,1.3744,1.4389,1.5083,1.5728,1.6354,1.7077,1.784,1.8631,1.9433,2.0225,2.1017,2.1779,2.2522,2.3226,2.3891,2.4418,2.4858,2.5318,2.5767,2.6158,2.6471,2.6706,2.6833,2.6872,2.6833,2.6716,2.6549,2.6344,2.6129,2.5894,2.563,2.5357,2.5064,2.2737,2.2366,2.1994,2.1632,2.1261,2.088,2.0489,2.0147,1.9814,1.9443,1.9062,1.868,1.8319,1.7957,1.7595,1.7263,1.6931,1.6608,1.6276,1.5992,1.6002,1.609,1.5982,1.5797,1.5611,1.5455,1.5376,1.5396,1.5523,1.5748,1.608,1.65,1.694,1.74,1.7937,1.8524,1.914,1.9785,2.043,2.1095,2.1769,2.2454,2.3118,2.3754,2.4262,2.4712,2.5181,2.5621,2.6002,2.6305,2.652,2.6628,2.6667,2.6637,2.654,2.6383,2.6168,2.5924,2.566,2.5367,2.5054,2.4721,2.4379,2.4018,2.3646,2.3255,2.2854,2.2454,2.2063,2.172,2.1398,2.1026,2.0635,2.0225,1.9814,1.9384,1.8944,1.8504,1.8074,1.7654,1.7243,1.6852,1.6549,1.6276,1.5963,1.564,1.5308,1.4976,1.4643,1.4311,1.3969,1.3646,1.3343,1.306,1.2845,1.2659,1.2424,1.217,1.1916,1.1652,1.1408,1.1173,1.0948,1.0723,1.0508,1.0293,1.0078,0.99218,0.98045,0.96285,0.94428,0.92473,0.9042,0.88368,0.86413,0.84555,0.82893,0.81525,0.80743,0.81036,0.82405,0.8436,0.87097,0.90714,0.95308,1.0088,1.0743,1.1496,1.2326,1.3245,1.4233,1.5279,1.6256,1.7185,1.8221,1.9306,2.0411,2.1505,2.2581,2.3607,2.4594,2.5533,2.6422,2.7263,2.7928,2.8465,2.9022,2.9541,2.998,3.0323,3.0567,3.0723,3.0802,3.0802,3.0733,3.0606,3.044,3.0235,3,2.9746,2.9492,2.9228,2.8944,2.8661,2.8358,2.8035,2.7693,2.7302,2.6901,2.652,2.6158,2.5758,2.5347,2.4936,2.4536,2.4125,2.3705,2.3284,2.2864,2.2454,2.2063,2.1681,2.1359,2.1065,2.0743,2.0411,2.0068,1.9717,1.9365,1.9022,1.869,1.8358,1.8025,1.7683,1.74,1.7136,1.6833,1.652,1.6217,1.5924,1.564,1.5376,1.5132,1.4897,1.4682,1.4506,1.437,1.4321,1.434,1.4418,1.4575,1.4819,1.5161,1.5621,1.6178,1.6823,1.7546,1.8358,1.9238,2.0039,2.0811,2.1691,2.262,2.3548,2.4467,2.5367,2.6246,2.7107,2.7928,2.871,2.9433,3.0088,3.0577,3.0938,3.129,3.1584,3.1789,3.1916,3.1965,3.1945,3.1867,3.172,3.1525,3.129,3.1026,3.0733,3.042,3.0078,2.9707,2.9306,2.8886,2.8456,2.8006,2.7566,2.7126,2.6676,2.6266,2.5875,2.5464,2.5044,2.4604,2.4145,2.3675,2.3206,2.2747,2.2297,2.1857,2.1417,2.0978,2.0616,2.0274,1.9892,1.9511,1.914,1.8768,1.8416,1.8172,1.7996,1.7761,1.7498,1.7234,1.7009,1.6804,1.6549,1.6276,1.6002,1.5728,1.5474,1.5249,1.5073,1.4966,1.4917,1.4946,1.5064,1.5239,1.5474,1.5787,1.6168,1.6618,1.7146,1.7752,1.8426,1.915,1.9892,2.0655,2.1427,2.2102,2.2727,2.3421,2.4145,2.4868,2.5572,2.6256,2.6921,2.7556,2.8143,2.8661,2.9101,2.9462,2.9687,2.9804,2.9892,2.9922,2.9883,2.9775,2.9619,2.9423,2.9198,2.8944,2.8671,2.8368,2.8065,2.7752,2.7419,2.7077,2.6716,2.6354,2.5992,2.5621,2.5239,2.4848,2.4457,2.4057,2.3656,2.3294,2.2952,2.259,2.2219,2.1848,2.1476,2.1105,2.0733,2.0371,2.001,1.9658,1.9306,1.9022,1.8768,1.8485,1.8192,1.7898,1.7605,1.7302,1.6989,1.6686,1.6373,1.6051,1.5738,1.5455,1.523,1.5054,1.4858,1.4663,1.4477,1.4311,1.4174,1.4076,1.4027,1.4047,1.4145,1.433,1.4575,1.4878,1.5269,1.5748,1.6305,1.6931,1.7605,1.8309,1.9032,1.9775,2.0518,2.1261,2.1994,2.263,2.3196,2.3832,2.4477,2.5112,2.5728,2.6285,2.6784,2.7224,2.7586,2.784,2.7996,2.8035,2.7996,2.7908,2.7781,2.7605,2.74,2.7175,2.6931,2.6667,2.6403,2.6109,2.5797,2.5464,2.5142,2.4809,2.4448,2.4066,2.3685,2.3314,2.2933,2.2542,2.216,2.1779,2.1408,2.1036,2.0714,2.042,2.0088,1.9746,1.9394,1.9042,1.868,1.8319,1.7967,1.7625,1.7302,1.6979,1.6667,1.6413,1.6188,1.5924,1.565,1.5376,1.5103,1.4829,1.4545,1.4272,1.3998,1.3734,1.348,1.3294,1.3148,1.2972,1.2796,1.2639,1.2512,1.2454,1.2473,1.2561,1.2717,1.2952,1.3275,1.3636,1.4047,1.4555,1.5132,1.5767,1.6461,1.7204,1.7977,1.8759,1.9541,2.0313,2.1075,2.1818,2.2444,2.2991,2.3578,2.4174,2.4741,2.5269,2.5738,2.6139,2.6452,2.6686,2.6843,2.694,2.696,2.6911,2.6823,2.6686,2.651,2.6305,2.6061,2.5806,2.5533,2.5249,2.4966,2.4692,2.4409,2.4145,2.3891,2.3597,2.3294,2.2981,2.2649,2.2317,2.1975,2.1613,2.1261,2.0909,2.0577,2.0293,2.0039,1.9756,1.9453,1.914,1.8827,1.8514,1.8192,1.7879,1.7586,1.7302,1.7028,1.6764,1.6559,1.5914,1.4995,1.4409,1.3988,1.3646,1.3333,1.304,1.2757,1.2483,1.2219,1.1975,1.1799,1.1681,1.1554,1.1457,1.1437,1.1496,1.1642,1.1896,1.2239,1.2659,1.3167,1.3763,1.4448,1.5103,1.5767,1.653,1.7361,1.8211,1.9091,1.998,2.087,2.1769,2.2659,2.3519,2.435,2.5024,2.5591,2.6188,2.6755,2.7273,2.7732,2.8113,2.8387,2.8553,2.8602,2.8573,2.8475,2.8328,2.8143,2.7928,2.7713,2.7488,2.7234,2.695,2.6628,2.6276,2.5904,2.5523,2.5132,2.4751,2.4399,2.4057,2.3675,2.3265,2.2845,2.2414,2.2004,2.1603,2.1212,2.0811,2.0411,2.001,1.9599,1.9247,1.8915,1.8534,1.8152,1.7771,1.739,1.6999,1.6608,1.6217,1.5846,1.5494,1.5181,1.4946,1.479,1.4653,1.4565,1.4545,1.4614,1.478,1.5044,1.5406,1.5836,1.6354,1.694,1.7576,1.8172,1.8749,1.9413,2.0117,2.0821,2.1535,2.2239,2.2933,2.3607,2.4242,2.4848,2.5425,2.5865,2.6197,2.653,2.6804,2.7009,2.7146,2.7185,2.7126,2.7009,2.6833,2.6618,2.6373,2.6109,2.5836,2.5552,2.523,2.4888,2.4526,2.4145,2.3754,2.3363,2.2972,2.2561,2.2151,2.173,2.1349,2.0987,2.0596,2.0176,1.9746,1.9316,1.8895,1.8485,1.8084,1.7693,1.7322,1.696,1.6598,1.6295,1.6012,1.5689,1.5347,1.5005,1.4673,1.434,1.4008,1.3695,1.3392,1.3099,1.2815,1.26,1.2424,1.2209,1.1975,1.172,1.1457,1.1212,1.0968,1.0733,1.0499,1.0274,1.0049,0.98827,0.97556,0.95992,0.94428,0.92766,0.91202,0.89834,0.88661,0.87879,0.87781,0.88465,0.90127,0.9306,0.96676,1.0098,1.0626,1.1241,1.1955,1.2747,1.3607,1.4526,1.5484,1.6461,1.7449,1.8436,1.9306,2.0117,2.1007,2.1926,2.2835,2.3715,2.4545,2.5318,2.6022,2.6657,2.7224,2.7683,2.8035,2.8231,2.8319,2.8368,2.8358,2.827,2.8113,2.7908,2.7664,2.739,2.7087,2.6764,2.6422,2.608,2.5758,2.5406,2.5024,2.4604,2.4174,2.3724,2.3255,2.2776,2.2297,2.1828,2.1378,2.0938,2.0557,2.0196,1.9795,1.9384,1.8964,1.8543,1.8133,1.7732,1.7351,1.697,1.6598,1.6217,1.5894,1.5611,1.5269,1.4907,1.4555,1.4213,1.3891,1.3568,1.3568,1.3724,1.3646,1.3451,1.3177,1.2942,1.2747,1.2512,1.2258,1.1994,1.176,1.1544,1.1378,1.1261,1.1212,1.1241,1.1369,1.1564,1.1848,1.2219,1.2669,1.3196,1.3803,1.4477,1.5191,1.5924,1.6686,1.7478,1.828,1.9091,1.9804,2.0469,2.1202,2.1955,2.2698,2.3421,2.4115,2.4761,2.5347,2.5855,2.6276,2.6598,2.6804,2.6911,2.697,2.697,2.6921,2.6813,2.6647,2.6442,2.6227,2.6002,2.5767,2.5523,2.5249,2.4966,2.4692,2.4379,2.4037,2.3685,2.3324,2.2952,2.2571,2.219,2.1799,2.1408,2.1026,2.0694,2.0401,2.0059,1.9687,1.9306,1.8935,1.8563,1.8211,1.7879,1.7556,1.7243,1.695,1.6657,1.6413,1.6207,1.5963,1.5689,1.5396,1.5122,1.4858,1.4604,1.437,1.4145,1.39,1.3666,1.3509,1.3382,1.3226,1.305,1.2874,1.2717,1.263,1.261,1.2649,1.2786,1.303,1.3372,1.3793,1.4252,1.4751,1.5357,1.6041,1.6794,1.7595,1.8456,1.9345,2.0254,2.1183,2.2111,2.303,2.3793,2.4477,2.522,2.5973,2.6706,2.74,2.8045,2.8622,2.912,2.9541,2.9863,3.0108,3.0225,3.0235,3.0196,3.0108,2.998,2.9814,2.9609,2.9365,2.9071,2.8749,2.8407,2.8045,2.7683,2.7361,2.7048,2.6716,2.6383,2.6031,2.567,2.5279,2.4868,2.4448,2.4018,2.3578,2.3138,2.2757,2.2405,2.2033,2.1652,2.1271,2.089,2.0508,2.0137,1.9765,1.9394,1.9032,1.8671,1.8309,1.8006,1.7742,1.7419,1.7087,1.6764,1.6452,1.6149,1.5865,1.5582,1.5308,1.5044,1.48,1.4624,1.4487,1.434,1.4203,1.4106,1.4076,1.4125,1.4282,1.4555,1.4936,1.5406,1.5963,1.6598,1.7204,1.7801,1.8495,1.9238,2.0029,2.086,2.172,2.259,2.347,2.434,2.5191,2.5992,2.6637,2.7185,2.7771,2.8348,2.8886,2.9355,2.9756,3.0078,1.6794,1.74,1.8104,1.8768,1.9443,2.0254,2.1144,2.2082,2.305,2.4047,2.5054,2.6051,2.7009,2.7928,2.8807,2.9511,3.0098,3.0733,3.1369,3.1945,3.2454,3.2874,3.3206,3.3431,3.3548,3.3578,3.3529,3.3421,3.3236,3.2991,3.2727,3.2434,3.2102,3.174,3.1359,3.0958,3.0528,3.0078,2.9619,2.915,2.871,2.828,2.7849,2.741,2.695,2.6461,2.5953,2.5435,2.4907,2.4389,2.3891,2.3402,2.2923,2.2502,2.2131,2.173,2.132,2.089,2.0459,2.002,1.957,1.911,1.8661,1.8231,1.783,1.7507,1.7234,1.6931,1.6911,1.7067,1.7028,1.6901,1.6735,1.6549,1.6354,1.6158,1.5973,1.5836,1.5738,1.565,1.5601,1.5601,1.566,1.5797,1.6002,1.6276,1.6608,1.6989,1.7429,1.7908,1.8358,1.8798,1.9316,1.9883,2.0479,2.1095,2.172,2.2336,2.2933,2.3509,2.4066,2.4604,2.5024,2.5386,2.5777,2.6158,2.65,2.6794,2.7019,2.7175,2.7273,2.7312,2.7302,2.7243,2.7146,2.7009,2.6833,2.6637,2.6413,2.6168,2.5904,2.563,2.5347,2.5064,2.477,2.4467,2.4154,2.3861,2.3568,2.3236,2.2884,2.2532,2.219,2.1848,2.1505,2.1163,2.0821,2.0489,2.0156,1.9824,1.9541,1.9286,1.9013,1.8729,1.8446,1.8162,1.7879,1.7595,1.7322,1.7058,1.6794,1.654,1.6334,1.6158,1.5953,1.5748,1.5533,1.5318,1.5093,1.4868,1.4643,1.4428,1.4233,1.4057,1.391,1.3822,1.3793,1.3783,1.3822,1.392,1.4086,1.4311,1.4604,1.4956,1.5367,1.5836,1.6354,1.6843,1.7331,1.7879,1.8475,1.9091,1.9707,2.0323,2.0938,2.1554,2.2151,2.2727,2.3275,2.3783,2.4184,2.4516,2.4848,2.5152,2.5396,2.5572,2.5689,2.5738,2.5718,2.565,2.5552,2.5425,2.5269,2.5103,2.4927,2.4721,2.4506,2.4272,2.4027,2.3783,2.3529,2.3265,2.2991,2.2708,2.2414,2.2141,2.1877,2.1584,2.1281,2.0978,2.0684,2.0401,2.0117,1.9824,1.9531,1.9238,1.8954,1.871,1.8495,1.827,1.8045,1.782,1.7595,1.7361,1.7116,1.6872,1.6628,1.6373,1.6109,1.5865,1.5679,1.5523,1.5337,1.5152,1.4956,1.477,1.4585,1.4399,1.4213,1.4047,1.391,1.3822,1.3803,1.3851,1.3949,1.4106,1.433,1.4633,1.4995,1.5406,1.5875,1.6393,1.696,1.7566,1.8192,1.8759,1.9296,1.9902,2.0538,2.1183,2.1828,2.2473,2.3089,2.3675,2.4233,2.4741,2.521,2.5572,2.5846,2.6129,2.6364,2.6549,2.6667,2.6725,2.6735,2.6696,2.6618,2.65,2.6364,2.6197,2.6022,2.5836,2.563,2.5415,2.5181,2.4927,2.4663,2.4379,2.4096,2.3803,2.35,2.3196,2.2913,2.2659,2.2385,2.2102,2.1828,2.1544,2.1261,2.0978,2.0684,2.0391,2.0088,1.9795,1.955,1.9326,1.9091,1.8866,1.8661,1.8485,1.8338,1.8338,1.8338,1.8338,1.8338,1.8338,1.8338,1.7576,1.7781,1.8074,1.8426,1.8817,1.9238,1.9687,2.0137,2.0557,2.0948,2.13,2.1593,2.1789,2.1887,2.1935,2.1935,2.1887,2.1789,2.1642,2.1466,2.1281,2.1085,2.087,2.0635,2.0391,2.0166,1.9941,1.9677,1.9394,1.9101,1.8807,1.8504,1.8201,1.7898,1.7595,1.7273,1.695,1.6686,1.6442,1.6149,1.5846,1.5533,1.523,1.4927,1.4624,1.4321,1.4027,1.3744,1.3451,1.3167,1.2962,1.2786,1.2571,1.2336,1.2102,1.1848,1.1584,1.1349,1.1134,1.0919,1.0714,1.0518,1.0391,1.0303,1.0166,1.002,0.98534,0.96774,0.94917,0.9306,0.913,0.89541,0.87977,0.86608,0.85337,0.84653,0.8436,0.83773,0.82893,0.81818,0.80645,0.79277,0.7781,0.76344,0.74878,0.73509,0.72239,0.7175,0.71652,0.71554,0.71848,0.72727,0.74389,0.77126,0.80841,0.8563,0.91593,0.98729,1.0674,1.1574,1.2444,1.3324,1.435,1.5484,1.6667,1.7859,1.9071,2.0274,2.1476,2.2659,2.3812,2.4927,2.5846,2.6657,2.7537,2.8407,2.9238,3.001,3.0704,3.129,3.176,3.2111,3.2336,3.2444,3.2463,3.2375,3.2219,3.2043,3.1848,3.1632,3.1369,3.1046,3.0674,3.0254,2.9785,2.9306,2.8817,2.8348,2.7898,2.7419,2.6921,2.6413,2.5894,2.5367,2.4829,2.4311,2.3803,2.3284,2.2776,2.2268,2.1818,2.1398,2.0948,2.0508,2.0059,1.9619,1.9169,1.8729,1.828,1.782,1.7351,1.6891,1.65,1.6149,1.5758,1.5367,1.4976,1.4594,1.4223,1.3871,1.3539,1.3216,1.2893,1.2581,1.2258,1.1994,1.176,1.1496,1.1241,1.1017,1.086,1.0782,1.0821,1.0978,1.1241,1.1584,1.2014,1.2473,1.2981,1.3587,1.4282,1.5034,1.5836,1.6676,1.7537,1.8407,1.9296,2.0176,2.1036,2.1769,2.2434,2.3148,2.3871,2.4555,2.5181,2.5748,2.6246,2.6667,2.6979,2.7195,2.7322,2.7341,2.7263,2.7126,2.694,2.6716,2.6471,2.6207,2.5924,2.5621,2.5308,2.4976,2.4624,2.4242,2.3881,2.3529,2.3128,2.2698,2.2258,2.1818,2.1388,2.0978,2.0577,2.0196,1.9804,1.9404,1.8983,1.8612,1.827,1.7889,1.7498,1.7116,1.6755,1.6413,1.607,1.5738,1.5396,1.5054,1.4712,1.4428,1.4184,1.392,1.3636,1.3763,1.4115,1.4174,1.4086,1.3939,1.3773,1.3597,1.3431,1.3265,1.3157,1.3079,1.3001,1.2952,1.2962,1.305,1.3216,1.346,1.3793,1.4203,1.4673,1.521,1.5728,1.6256,1.6872,1.7537,1.8231,1.8935,1.9658,2.0371,2.1085,2.1799,2.2493,2.3167,2.3803,2.4311,2.4751,2.521,2.567,2.609,2.6452,2.6755,2.6979,2.7126,2.7185,2.7175,2.7107,2.697,2.6794,2.6598,2.6383,2.6158,2.5914,2.565,2.5376,2.5093,2.48,2.4506,2.4194,2.3881,2.3587,2.3314,2.3011,2.2698,2.2366,2.2033,2.1691,2.1359,2.1036,2.0714,2.0381,2.0049,1.9756,1.9482,1.9189,1.8895,1.8602,1.8309,1.8016,1.7722,1.7429,1.7136,1.6862,1.6579,1.6295,1.6051,1.5846,1.5601,1.5347,1.5083,1.4829,1.4585,1.436,1.4154,1.3969,1.3803,1.3685,1.3646,1.3675,1.3773,1.3939,1.4174,1.4497,1.4897,1.5357,1.5885,1.6461,1.7067,1.7703,1.8358,1.8935,1.9472,2.0088,2.0733,2.1388,2.2043,2.2698,2.3333,2.3949,2.4536,2.5083,2.5582,2.5953,2.6237,2.651,2.6745,2.6901,2.6989,2.7009,2.697,2.6891,2.6764,2.6608,2.6432,2.6217,2.5982,2.5738,2.5474,2.5191,2.4888,2.4555,2.4213,2.3861,2.3509,2.3167,2.2815,2.2463,2.2141,2.1828,2.1505,2.1173,2.0841,2.0499,2.0156,1.9804,1.9443,1.9091,1.8749,1.8426,1.8123,1.7869,1.7634,1.737,1.7097,1.6813,1.652,1.6227,1.5934,1.566,1.5396,1.5142,1.4888,1.4702,1.4536,1.4321,1.4096,1.3871,1.3656,1.346,1.3284,1.3138,1.305,1.3021,1.306,1.3167,1.3333,1.3578,1.391,1.4311,1.479,1.5337,1.5934,1.6559,1.7214,1.7889,1.8563,1.9247,1.9834,2.0371,2.0958,2.1564,2.216,2.2757,2.3324,2.3861,2.437,2.4829,2.5239,2.5562,2.5758,2.5855,2.5914,2.5904,2.5846,2.5738,2.5591,2.5415,2.521,2.4985,2.4741,2.4477,2.4203,2.393,2.3666,2.3372,2.306,2.2727,2.2375,2.2014,2.1642,2.1271,2.0899,2.0538,2.0196,1.9902,1.9629,1.9326,1.9003,1.8671,1.8338,1.7996,1.7654,1.7312,1.6979,1.6657,1.6344,1.6041,1.5787,1.5572,1.5327,1.5064,1.48,1.4555,1.435,1.4184,1.4076,1.4047,1.35,1.2776,1.2581,1.2698,1.303,1.3509,1.4096,1.4761,1.5474,1.6227,1.6999,1.7761,1.8504,1.9228,1.9941,2.0538,2.1065,2.1652,2.2248,2.2796,2.3255,2.3607,2.3851,2.3988,2.4047,2.4047,2.3988,2.3871,2.3705,2.348,2.3226,2.2952,2.2659,2.2346,2.2023,2.1691,2.1359,2.1017,2.0665,2.0293,1.9941,1.9609,1.9218,1.8817,1.8407,1.7977,1.7556,1.7136,1.6716,1.6295,1.5894,1.5503,1.5181,1.4897,1.4575,1.4242,1.392,1.3607,1.3294,1.2981,1.2678,1.2385,1.2092,1.1799,1.1525,1.131,1.1124,1.0909,1.0684,1.0459,1.0244,1.002,0.98045,0.9609,0.94135,0.92082,0.89932,0.88563,0.87488,0.85924,0.84262,0.82405,0.80547,0.78788,0.77224,0.75758,0.74194,0.72727,0.71457,0.70674,0.7087,0.71945,0.73803,0.7654,0.80352,0.85239,0.91202,0.9824,1.0616,1.1476,1.2414,1.3441,1.4399,1.5337,1.6432,1.7615,1.8847,2.0117,2.1378,2.261,2.3812,2.4966,2.6061,2.7097,2.8074,2.8837,2.9482,3.0166,3.0811,3.1378,3.1828,3.2131,3.2307,3.2375,3.2336,3.2219,3.2053,3.1828,3.1554,3.1281,3.0997,3.0674,3.0323,2.9932,2.9521,2.9081,2.8612,2.8113,2.7605,2.7136,2.6686,2.6217,2.5709,2.5181,2.4633,2.4057,2.348,2.2913,2.2375,2.1867,2.1398,2.0948,2.0557,2.0205,1.9814,1.9404,1.8974,1.8534,1.8084,1.7634,1.7185,1.6755,1.6334,1.5924,1.5591,1.5288,1.4946,1.4585,1.4203,1.3832,1.3451,1.3079,1.2708,1.2366,1.2043,1.176,1.1544,1.1437,1.1417,1.1447,1.1554,1.1769,1.2102,1.2561,1.3128,1.3793,1.4545,1.5367,1.6246,1.7048,1.783,1.8719,1.9668,2.0635,2.1593,2.2551,2.348,2.4379,2.5239,2.6051,2.6813,2.7527,2.8065,2.8495,2.8925,2.9296,2.958,2.9756,2.9824,2.9795,2.9658,2.9453,2.9198,2.8905,2.8573,2.824,2.7879,2.7507,2.7116,2.6706,2.6266,2.5806,2.5327,2.4839,2.433,2.3822,2.3314,2.2854,2.2405,2.1926,2.1427,2.0938,2.0459,1.998,1.9501,1.9013,1.8543,1.8094,1.7634,1.7253,1.6901,1.652,1.6119,1.5728,1.5337,1.4946,1.4555,1.4154,1.3754,1.3353,1.2962,1.2581,1.2278,1.2023,1.173,1.1417,1.1662,1.2219,1.2395,1.2385,1.2307,1.2209,1.2131,1.2102,1.2141,1.2258,1.2434,1.2688,1.3021,1.3431,1.392,1.4487,1.5112,1.5787,1.6491,1.7224,1.7967,1.8622,1.9238,1.9922,2.0626,2.1329,2.2033,2.2708,2.3343,2.393,2.4457,2.4917,2.5308,2.5552,2.5709,2.5836,2.5914,2.5934,2.5885,2.5787,2.565,2.5484,2.5279,2.5054,2.48,2.4526,2.4252,2.3978,2.3675,2.3353,2.3011,2.2649,2.2258,2.1848,2.1427,2.0997,2.0577,2.0166,1.9814,1.9492,1.914,1.8778,1.8397,1.8016,1.7644,1.7273,1.6901,1.654,1.6188,1.5836,1.5503,1.5239,1.5005,1.4741,1.4477,1.4223,1.4008,1.3842,1.3715,1.3646,1.3646,1.3705,1.3822,1.3978,1.4184,1.4438,1.4721,1.5034,1.5367,1.5709,1.6051,1.6383,1.6706,1.6989,1.7214,1.737,1.7478,1.7546,1.7556,1.7537,1.7478,1.741,1.7341,1.7263,1.7175,1.7067,1.6931,1.6784,1.6667,1.6569,1.6442,1.6295,1.6119,1.5934,1.5738,1.5533,1.5327,1.5122,1.4927,1.4731,1.4575,1.4448,1.4301,1.4135,1.3939,1.3744,1.3548,1.3353,1.3157,1.2962,1.2786,1.262,1.2473,1.2385,1.2317,1.2219,1.2102,1.1984,1.1857,1.174,1.1623,1.1515,1.1417,1.132,1.1232,1.1183,1.1153,1.1075,1.0978,1.087,1.0743,1.0626,1.0518,1.0411,1.0323,1.0254,1.0186,1.0127,1.0108,1.0117,1.0088,1.0049,1,0.99511,0.98925,0.9824,0.97654,0.9697,0.96481,0.9609,0.96285,0.9697,0.97752,0.98925,1.0088,1.0381,1.0762,1.1241,1.1799,1.2454,1.3187,1.3988,1.4858,1.566,1.6716,1.7771,1.8553,1.9462,2.044,2.1447,2.2454,2.3451,2.4428,2.5367,2.6266,2.6989,2.7615,2.8289,2.8964,2.9599,3.0166,3.0665,3.1065,3.1369,3.1574,3.1691,3.174,3.173,3.1632,3.1466,3.129,3.1085,3.0841,3.0577,3.0293,2.999,2.9668,2.9316,2.8954,2.8573,2.8201,2.782,2.7429,2.7019,2.6598,2.6168,2.5728,2.5279,2.4819,2.437,2.393,2.35,2.3089,2.2737,2.2414,2.2072,2.1711,2.1359,2.0997,2.0626,2.0254,1.9892,1.9541,1.9198,1.8866,1.8573,1.8289,1.7977,1.7654,1.7331,1.7019,1.6716,1.6422,1.6129,1.5836,1.5552,1.5259,1.4985,1.4819,1.4712,1.4643,1.4624,1.4673,1.479,1.4985,1.5249,1.5572,1.5953,1.6403,1.6921,1.741,1.7898,1.8465,1.9091,1.9736,2.0401,2.1065,2.172,2.2366,2.2981,2.3578,2.4145,2.4682,2.5103,2.5455,2.5836,2.6197,2.652,2.6784,2.697,2.7077,2.7116,2.7087,2.6989,2.6843,2.6657,2.6452,2.6227,2.5982,2.5709,2.5415,2.5112,2.48,2.4487,2.4164,2.3832,2.35,2.3167,2.2845,2.2532,2.219,2.1828,2.1359,2.0938,2.0635,2.0303,1.9971,1.9638,1.9296,1.8954,1.8651,1.8387,1.8094,1.7791,1.7488,1.7185,1.6891,1.6608,1.6334,1.6061,1.5787,1.5523,1.5298,1.5103,1.4868,1.4624,1.4379,1.4135,1.39,1.3675,1.3451,1.3236,1.305,1.2903,1.2796,1.2766,1.2786,1.2835,1.2933,1.3109,1.3372,1.3705,1.4115,1.4594,1.5132,1.5699,1.6295,1.6843,1.7361,1.7937,1.8543,1.9159,1.9785,2.0411,2.1026,2.1632,2.2209,2.2766,2.3284,2.3763,2.4135,2.4418,2.4692,2.4917,2.5073,2.5142,2.5142,2.5073,2.4956,2.48,2.4614,2.4399,2.4164,2.392,2.3656,2.3382,2.3099,2.2805,2.2512,2.2209,2.1887,2.1554,2.1222,2.089,2.0557,2.0264,1.998,1.9677,1.9365,1.9042,1.871,1.8377,1.8045,1.7713,1.738,1.7048,1.6716,1.6442,1.6207,1.5934,1.566,1.5376,1.5093,1.4819,1.4555,1.4301,1.4037,1.3763,1.349,1.3226,1.303,1.2864,1.2659,1.2444,1.2229,1.2014,1.1808,1.1623,1.1457,1.1339,1.1271,1.1251,1.132,1.1447,1.1623,1.1867,1.218,1.2561,1.3001,1.3509,1.4233,1.4927,1.5445,1.6051,1.6706,1.7312,1.7889,1.8524,1.9179,1.9834,2.0479,2.1105,2.1711,2.2287,2.2825,2.3294,2.3685,2.3959,2.4145,2.4291,2.4379,2.4428,2.4428,2.4389,2.4321,2.4213,2.4076,2.391,2.3724,2.3519,2.3314,2.3118,2.2893,2.2659,2.2405,2.2141,2.1877,2.1603,2.132,2.1026,2.0733,2.043,2.0156,1.9902,1.9638,1.9365,1.9091,1.8798,1.8514,1.824,1.7967,1.7713,1.7458,1.7214,1.697,1.6764,1.6588,1.6383,1.6158,1.5924,1.5689,1.5445,1.521,1.4985,1.478,1.4594,1.4409,1.4262,1.4135,1.3978,1.3803,1.3627,1.3284,1.2864,1.262,1.2502,1.2493,1.26,1.2815,1.3128,1.349,1.392,1.4467,1.5103,1.5816,1.6598,1.7439,1.8299,1.9169,2.0059,2.0948,2.1848,2.263,2.3333,2.4096,2.4868,2.563,2.6344,2.7009,2.7605,2.8123,2.8573,2.8944,2.9228,2.9433,2.9511,2.9501,2.9462,2.9384,2.9267,2.9091,2.8886,2.8651,2.8377,2.8065,2.7722,2.7351,2.6989,2.6618,2.6217,2.5806,2.5376,2.4946,2.4516,2.4086,2.3646,2.3206,2.2757,2.2239,2.1799,2.1466,2.1065,2.0635,2.0205,1.9775,1.9355,1.8954,1.8573,1.8211,1.7859,1.7517,1.7185,1.6911,1.6686,1.6461,1.6276,1.6149,1.61,1.6129,1.6237,1.6413,1.6657,1.695,1.7283,1.7595,1.7908,1.826,1.8641,1.9042,1.9462,1.9863,2.0225,2.0528,2.0762,2.0919,2.1017,2.1046,2.1036,2.0997,2.0919,2.0811,2.0674,2.0508,2.0323,2.0108,1.9892,1.9668,1.9453,1.9238,1.9062,1.8886,1.8671,1.8426,1.8162,1.7869,1.7566,1.7263,1.696,1.6667,1.6373,1.609,1.5816,1.5611,1.5425,1.52,1.4956,1.4692,1.4418,1.4154,1.39,1.3646,1.3412,1.3196,1.3001,1.2864,1.2747,1.2581,1.2395,1.2199,1.2004,1.1808,1.1603,1.1408,1.1232,1.1056,1.089,1.0733,1.0635,1.0567,1.0459,1.0293,1.0137,1.001,0.98534,0.9697,0.95601,0.9433,0.93157,0.92082,0.91593,0.91398,0.90714,0.89736,0.88465,0.87195,0.86119,0.85044,0.84262,0.83969,0.84262,0.85142,0.86804,0.89345,0.92571,0.96676,1.0176,1.0772,1.1447,1.2209,1.3069,1.4018,1.5034,1.6393,1.7634,1.8397,1.9198,2.042,2.1584,2.2434,2.3392,2.4379,2.5357,2.6295,2.7185,2.8016,2.8768,2.9443,3.0029,3.0499,3.0792,3.0978,3.1134,3.1232,3.1241,3.1183,3.1065,3.089,3.0665,3.0411,3.0127,2.9814,2.9482,2.913,2.8759,2.827,2.7693,2.7292,2.6862,2.6305,2.5787,2.5415,2.5044,2.4555,2.4194,2.3783,2.3216,2.2698,2.2317,2.1896,2.1349,2.086,2.0391,1.9932,1.9541,1.9189,1.8807,1.8416,1.8025,1.7634,1.7253,1.6882,1.6598,1.6266,1.5826,1.5425,1.5054,1.4761,1.4516,1.4233,1.3939,1.3627,1.3294,1.2962,1.263,1.2317,1.2043,1.1818,1.1975,1.2375,1.261,1.2786,1.2981,1.3226,1.3548,1.3939,1.4399,1.4917,1.5494,1.6119,1.6794,1.7498,1.8133,1.8749,1.9433,2.0137,2.0841,2.1554,2.2248,2.2923,2.3558,2.4184,2.477,2.5298,2.5689,2.5973,2.6246,2.6461,2.6608,2.6676,2.6676,2.6628,2.654,2.6413,2.6256,2.608,2.5885,2.567,2.5435,2.5191,2.4936,2.4673,2.4389,2.4106,2.3812,2.3509,2.3196,2.2874,2.2542,2.2239,2.1955,2.1652,2.1329,2.1007,2.0694,2.0381,2.0068,1.9746,1.9423,1.911,1.8807,1.8553,1.8319,1.8055,1.7791,1.7527,1.7263,1.7009,1.6755,1.65,1.6237,1.5973,1.5718,1.5464,1.5259,1.5083,1.4888,1.4673,1.4467,1.4272,1.4096,1.3939,1.3812,1.3744,1.3734,1.3803,1.3939,1.4135,1.4399,1.4751,1.5181,1.5679,1.6256,1.6891,1.7586,1.8319,1.9081,1.9853,2.0626,2.129,2.1887,2.2561,2.3265,2.3969,2.4663,2.5318,2.5943,2.653,2.7067,2.7537,2.7937,2.8192,2.8348,2.8485,2.8563,2.8583,2.8543,2.8446,2.8299,2.8123,2.7908,2.7664,2.739,2.7116,2.6852,2.6569,2.6266,2.5943,2.5601,2.5249,2.4888,2.4516,2.4145,2.3773,2.3412,2.306,2.2737,2.2414,2.2053,2.1672,2.13,2.0929,2.0567,2.0215,1.9863,1.9511,1.9169,1.8817,1.8475,1.8182,1.7928,1.7644,1.7351,1.7058,1.6764,1.6471,1.6188,1.5904,1.5621,1.5337,1.5054,1.4839,1.4673,1.4487,1.4291,1.4115,1.3978,1.39,1.3891,1.3969,1.4125,1.437,1.4702,1.5122,1.5552,1.6012,1.6549,1.7146,1.7781,1.8446,1.914,1.9853,2.0587,2.1339,2.2092,2.2835,2.3441,2.3978,2.4555,2.5122,2.5679,2.6217,2.6716,2.7146,2.7498,2.7752,2.7908,2.7967,2.7957,2.7859,2.7713,2.7537,2.7351,2.7136,2.6921,2.6686,2.6432,2.6149,2.5836,2.5494,2.5132,2.478,2.4448,2.4086,2.3695,2.3314,2.2942,2.2571,2.2209,2.1848,2.1486,2.1124,2.0762,2.0401,2.0078,1.9775,1.9443,1.9091,1.8749,1.8407,1.8074,1.7761,1.7468,1.7175,1.6882,1.6598,1.6373,1.6178,1.5934,1.566,1.5376,1.5103,1.4829,1.4565,1.4301,1.4047,1.3803,1.3568,1.3402,1.3275,1.3138,1.3138,1.3138,1.3138,1.3138,1.3138,1.3138,1.174,1.2151,1.2698,1.3353,1.4008,1.4663,1.5425,1.6246,1.7116,1.8016,1.8935,1.9844,2.0733,2.1603,2.2444,2.3245,2.3881,2.4418,2.4985,2.5523,2.6012,2.6432,2.6784,2.7058,2.7224,2.7283,2.7243,2.7116,2.6901,2.6657,2.6383,2.608,2.5748,2.5376,2.4976,2.4565,2.4145,2.3705,2.3255,2.2796,2.2326,2.1896,2.1486,2.1036,2.0547,2.0049,1.955,1.9062,1.8583,1.8133,1.7703,1.7283,1.6872,1.6471,1.6129,1.5826,1.5464,1.5073,1.4673,1.4282,1.3891,1.3519,1.3148,1.2766,1.2375,1.1994,1.1691,1.1437,1.1134,1.0821,1.0499,1.0176,0.98631,0.95601,0.92669,0.89834,0.87292,0.85142,0.83578,0.82991,0.83089,0.83578,0.84751,0.86706,0.89638,0.93842,0.9912,1.0547,1.1271,1.2072,1.2933,1.3724,1.4487,1.5337,1.6227,1.7136,1.8055,1.8974,1.9883,2.0762,2.1603,2.2385,2.3109,2.3773,2.4272,2.4653,2.5024,2.5337,2.5572,2.5718,2.5787,2.5777,2.5709,2.5601,2.5435,2.523,2.5005,2.4761,2.4487,2.4213,2.392,2.3607,2.3294,2.2981,2.2649,2.2297,2.1935,2.1564,2.1183,2.0841,2.0518,2.0176,1.9804,1.9433,1.9062,1.87,1.8328,1.7947,1.7566,1.7185,1.6804,1.6491,1.6197,1.5875,1.5543,1.52,1.4858,1.4526,1.4194,1.3861,1.3568,1.3314,1.3118,1.2991,1.2952,1.2991,1.3118,1.3343,1.3656,1.4066,1.4565,1.5142,1.5797,1.65,1.7243,1.8016,1.8719,1.9384,2.0137,2.0929,2.1711,2.2483,2.3216,2.39,2.4536,2.5112,2.564,2.61,2.6471,2.6706,2.6833,2.6931,2.695,2.6901,2.6794,2.6637,2.6432,2.6188,2.5914,2.5621,2.5308,2.5005,2.4712,2.4389,2.4037,2.3666,2.3284,2.2893,2.2493,2.2082,2.1652,2.1232,2.0811,2.0391,2.002,1.9668,1.9277,1.8856,1.8426,1.7996,1.7595,1.7214,1.6843,1.6471,1.609,1.5709,1.5396,1.5112,1.477,1.4418,1.4066,1.3724,1.3402,1.3079,1.2757,1.2434,1.2121,1.1828,1.1603,1.1408,1.1163,1.0909,1.0655,1.0401,1.0156,0.9912,0.96676,0.9433,0.91887,0.89345,0.86901,0.85337,0.84164,0.82698,0.81329,0.8045,0.80254,0.81134,0.83089,0.86413,0.90811,0.96383,1.0293,1.1505,1.3021,1.4262,1.5425,1.6569,1.7742,1.8925,2.0127,2.132,2.2502,2.3666,2.479,2.5865,2.6745,2.7507,2.8348,2.9198,3,3.0733,3.1378,3.1896,3.2317,3.2639,3.2845,3.2933,3.2903,3.2786,3.2639,3.2444,3.2219,3.1945,3.1642,3.131,3.0938,3.0547,3.0137,2.9707,2.9257,2.8817,2.8387,2.7928,2.7429,2.6911,2.6383,2.5836,2.5279,2.4731,2.4203,2.3685,2.3187,2.2757,2.2366,2.1945,2.1515,2.1085,2.0655,2.0215,1.9765,1.9316,1.8876,1.8446,1.8016,1.7595,1.7243,1.6931,1.6569,1.6197,1.5826,1.5455,1.5083,1.4721,1.436,1.4018,1.3685,1.3353,1.3109,1.2913,1.2698,1.2502,1.2356,1.2287,1.2317,1.2473,1.2747,1.3128,1.3607,1.4174,1.4829,1.5464,1.6119,1.6882,1.7742,1.8661,1.9619,2.0596,2.1593,2.2581,2.3539,2.4457,2.5327,2.6041,2.6667,2.7341,2.7996,2.8602,2.912,2.9541,2.9863,3.0068,3.0166,3.0176,3.0117,3,2.9814,2.957,2.9277,2.8935,2.8553,2.8123,2.7674,2.7214,2.6745,2.6276,2.5797,2.5308,2.4868,2.4467,2.4037,2.3587,2.3128,2.2649,2.217,2.1681,2.1193,2.0723,2.0264,1.9814,1.9365,1.8983,1.8641,1.825,1.784,1.7429,1.7019,1.6608,1.6217,1.5836,1.5435,1.5024,1.4624,1.4301,1.4037,1.3734,1.3392,1.304,1.2698,1.2346,1.1994,1.1642,1.13,1.0987,1.0694,1.044,1.0303,1.0244,1.0205,1.0225,1.0332,1.0547,1.086,1.1271,1.1799,1.2444,1.3187,1.4008,1.479,1.5552,1.6413,1.7341,1.8309,1.9296,2.0293,2.1281,2.2239,2.3157,2.4047,2.4907,2.5709,2.6334,2.6833,2.7331,2.7781,2.8143,2.8407,2.8563,2.8612,2.8583,2.8485,2.8338,2.8143,2.7908,2.7674,2.7419,2.7126,2.6804,2.6471,2.6129,2.5767,2.5406,2.5024,2.4624,2.4213,2.3832,2.347,2.3079,2.2669,2.2219,2.173,2.1212,2.0665,2.0078,1.9482,1.8886,1.8309,1.7761,1.7322,1.694,1.654,1.6129,1.5738,1.5367,1.5034,1.4761,1.4555,1.4457,1.4467,1.4594,1.479,1.5044,1.5357,1.5738,1.6149,1.6579,1.7009,1.7429,1.784,1.824,1.8612,1.8954,1.9257,1.9492,1.9687,1.9873,2.002,2.0117,2.0176,1.9844,1.9316,1.9022,1.8847,1.8749,1.869,1.8661,1.8661,1.87,1.8788,1.8895,1.9022,1.915,1.9267,1.9374,1.9462,1.9531,1.956,1.956,1.9531,1.9462,1.9335,1.915,1.8905,1.8592,1.825,1.7879,1.7498,1.7107,1.6725,1.6344,1.6022,1.5728,1.5376,1.4995,1.4594,1.4184,1.3793,1.3421,1.3079,1.2747,1.2434,1.2121,1.1808,1.1574,1.1369,1.1114,1.0831,1.0528,1.0225,0.9912,0.95894,0.92864,0.90029,0.8739,0.84946,0.8348,0.82502,0.81329,0.80059,0.78886,0.7781,0.76735,0.7566,0.74585,0.73607,0.7263,0.7263,0.7263,0.7263,0.7263,0.7263,0.7263,0.7263,0.7175,0.73607,0.7654,0.80547,0.85533,0.91496,0.98534,1.0557,1.131,1.218,1.3157,1.4213,1.5327,1.6491,1.7683,1.8886,2.0078,2.1251,2.2395,2.3509,2.4438,2.5269,2.6178,2.7097,2.7986,2.8817,2.9599,3.0303,3.0909,3.1417,3.1838,3.2151,3.2307,3.2356,3.2375,3.2346,3.2258,3.2131,3.1955,3.174,3.1476,3.1173,3.0831,3.045,3.0039,2.9638,2.9238,2.8807,2.8377,2.7957,2.7527,2.7087,2.6647,2.6217,2.5797,2.5367,2.4927,2.4526,2.4125,2.3685,2.3216,2.2737,2.2268,2.1808,2.1359,2.0909,2.0459,2.001,1.956,1.911,1.8719,1.8368,1.7986,1.7615,1.7243,1.6882,1.651,1.6149,1.5787,1.5435,1.5093,1.4741,1.4438,1.4174,1.3871,1.3548,1.3236,1.2962,1.2727,1.2551,1.2454,1.2424,1.2473,1.262,1.2845,1.3138,1.3519,1.3978,1.4506,1.5083,1.5709,1.6393,1.7116,1.7869,1.8641,1.9413,2.0186,2.0841,2.1437,2.2092,2.2766,2.3431,2.4086,2.4712,2.5308,2.5846,2.6315,2.6686,2.695,2.7087,2.7126,2.7126,2.7077,2.6989,2.6882,2.6755,2.6598,2.6413,2.6188,2.5934,2.563,2.5298,2.4976,2.4653,2.4321,2.3969,2.3597,2.3216,2.2815,2.2395,2.1955,2.1496,2.1026,2.0577,2.0186,1.9844,1.9472,1.9091,1.87,1.8289,1.7869,1.7439,1.7009,1.6588,1.6188,1.5777,1.5376,1.5054,1.477,1.4448,1.4115,1.3773,1.3421,1.306,1.2698,1.2346,1.1994,1.1662,1.1329,1.1075,1.087,1.0626,1.0371,1.0147,0.99707,0.98631,0.98338,0.98729,1,1.0225,1.0567,1.1017,1.1975,1.3177,1.4076,1.4848,1.5582,1.6315,1.7058,1.7801,1.8534,1.9267,2.001,2.0762,2.1398,2.1975,2.261,2.3245,2.3861,2.4448,2.5005,2.5503,2.5953,2.6334,2.6637,2.6862,2.7019,2.7077,2.7077,2.7058,2.7009,2.6931,2.6833,2.6706,2.6559,2.6373,2.6168,2.5943,2.5699,2.5455,2.52,2.4936,2.4653,2.436,2.4066,2.3773,2.349,2.3206,2.2923,2.2639,2.2356,2.2063,2.1799,2.1544,2.1261,2.0968,2.0674,2.0381,2.0098,1.9814,1.9531,1.9257,1.8993,1.8729,1.8504,1.8299,1.8055,1.7801,1.7546,1.7292,1.7038,1.6794,1.6559,1.6334,1.6119,1.5904,1.5689,1.5543,1.5425,1.5308,1.522,1.5191,1.522,1.5327,1.5513,1.5777,1.61,1.6491,1.695,1.739,1.784,1.8377,1.8974,1.9599,2.0235,2.086,2.1486,2.2102,2.2708,2.3304,2.3891,2.4477,2.4946,2.5357,2.5806,2.6237,2.6628,2.696,2.7224,2.741,2.7537,2.7586,2.7586,2.7527,2.7419,2.7273,2.7097,2.6891,2.6657,2.9208,2.9756,3.0215,3.0587,3.087,3.1026,3.1085,3.1124,3.1114,3.1065,3.0968,3.0831,3.0645,3.043,3.0186,2.9912,2.9609,2.9286,2.8974,2.8651,2.8299,2.7918,2.7517,2.7107,2.6696,2.6276,2.5836,2.5386,2.4936,2.4477,2.4057,2.3656,2.3236,2.2805,2.2395,2.2004,2.1613,2.1212,2.0802,2.0391,1.998,1.958,1.9189,1.8866,1.8583,1.827,1.7967,1.7674,1.739,1.7107,1.6833,1.6559,1.6285,1.6012,1.5738,1.5533,1.5357,1.5161,1.4956,1.478,1.4653,1.4585,1.4575,1.4653,1.48,1.5034,1.5347,1.5758,1.6197,1.6676,1.7253,1.7898,1.8612,1.9374,2.0176,2.1017,2.1867,2.2747,2.3656,2.4575,2.5357,2.6051,2.6804,2.7566,2.8299,2.8974,2.957,3.0068,3.0469,3.0772,3.0978,3.1095,3.1124,3.1085,3.0997,3.088,3.0743,3.0577,3.0371,3.0137,2.9883,2.9599,2.9286,2.8944,2.8583,2.8211,2.784,2.7439,2.7009,2.6579,2.6149,2.5718,2.5308,2.4917,2.4526,2.4145,2.3773,2.3402,2.3079,2.2776,2.2454,2.2131,2.1818,2.1515,2.1222,2.0938,2.0665,2.0391,2.0117,1.9824,1.957,1.9335,1.9042,1.871,1.8368,1.8025,1.7693,1.7361,1.7038,1.6716,1.6413,1.6119,1.5836,1.564,1.5494,1.5337,1.523,1.5181,1.5191,1.5279,1.5474,1.5767,1.6158,1.6657,1.7243,1.782,1.8397,1.9062,1.9785,2.0528,2.1281,2.2033,2.2786,2.2913,2.2737,2.304,2.3568,2.4076,2.4536,2.5034,2.5503,2.5904,2.6227,2.6471,2.6628,2.6686,2.6667,2.6579,2.6413,2.6178,2.5924,2.565,2.5357,2.5054,2.4761,2.4467,2.4164,2.3851,2.3519,2.3157,2.2776,2.2375,2.2004,2.1642,2.1241,2.0831,2.0411,1.998,1.955,1.913,1.871,1.8289,1.7849,1.74,1.694,1.653,1.6139,1.5709,1.5269,1.4819,1.4379,1.3969,1.3558,1.3167,1.2786,1.2434,1.2131,1.1935,1.1799,1.1672,1.1584,1.1564,1.1623,1.1769,1.2004,1.2336,1.2766,1.3294,1.3891,1.4536,1.5142,1.5738,1.6393,1.7067,1.7742,1.8416,1.9062,1.9677,2.0244,2.0753,2.1183,2.1525,2.1769,2.1926,2.2033,2.2092,2.2102,2.2063,2.1965,2.1838,2.1691,2.1515,2.132,2.1105,2.088,2.0665,2.045,2.0196,1.9912,1.9609,1.9296,1.8983,1.868,1.8377,1.8065,1.7752,1.7429,1.7155,1.6921,1.6657,1.6373,1.608,1.5777,1.5464,1.5152,1.4839,1.4536,1.4223,1.391,1.3587,1.3333,1.3118,1.2874,1.262,1.2356,1.2102,1.1857,1.1613,1.1378,1.1153,1.0938,1.0723,1.0567,1.044,1.0264,1.0059,0.98534,0.96579,0.94624,0.92669,0.90714,0.88856,0.86999,0.85142,0.8348,0.82405,0.81525,0.80156,0.78592,0.77028,0.75562,0.74291,0.73412,0.73314,0.74096,0.76051,0.79277,0.83382,0.8827,0.9433,1.0137,1.0929,1.1799,1.2757,1.3793,1.4888,1.6031,1.7185,1.8338,1.9482,2.0469,2.1359,2.2326,2.3324,2.4301,2.5269,2.6217,2.7107,2.7918,2.8631,2.9228,2.9697,3,3.0166,3.0293,3.0352,3.0352,3.0283,3.0166,3.001,2.9814,2.958,2.9306,2.9003,2.8661,2.8299,2.7928,2.7517,2.7087,2.6667,2.6256,2.5836,2.5406,2.4985,2.4555,2.4115,2.3666,2.3255,2.2874,2.2473,2.2072,2.1662,2.1232,2.0811,2.0391,1.9961,1.9521,1.9081,1.8651,1.824,1.7898,1.7586,1.7243,1.6891,1.651,1.6129,1.5758,1.5386,1.5034,1.4692,1.434,1.3998,1.3734,1.35,1.3226,1.2933,1.2649,1.2385,1.216,1.1984,1.1867,1.1828,1.1887,1.2063,1.2317,1.2659,1.3109,1.3656,1.4311,1.5054,1.5846,1.6696,1.7586,1.8504,1.9423,2.0332,2.1232,2.2004,2.2688,2.3529,2.4418,2.52,2.5885,2.65,2.7058,2.7537,2.7937,2.8231,2.8407,2.8465,2.8426,2.8338,2.8201,2.8025,2.782,2.7586,2.7331,2.7067,2.6784,2.6471,2.6149,2.5806,2.5474,2.5152,2.48,2.4418,2.4018,2.3597,2.3157,2.2717,2.2278,2.1848,2.1417,2.0978,2.0596,2.0235,1.9824,1.9394,1.8954,1.8514,1.8084,1.7683,1.7322,1.697,1.6628,1.6276,1.5934,1.565,1.5396,1.5093,1.477,1.4448,1.4135,1.3832,1.3539,1.3245,1.2942,1.2639,1.2336,1.2121,1.1935,1.1711,1.1496,1.129,1.1124,1.1007,1.0978,1.1036,1.1183,1.1417,1.176,1.219,1.2649,1.3157,1.3763,1.4457,1.522,1.6022,1.6852,1.7703,1.8534,1.9355,2.0166,2.0968,2.1652,2.2278,2.2942,2.3607,2.4242,2.4839,2.5386,2.5855,2.6237,2.652,2.6706,2.6804,2.6833,2.6794,2.6706,2.6588,2.6452,2.6295,2.6129,2.5943,2.5738,2.5503,2.5249,2.4995,2.4731,2.4477,2.4223,2.3959,2.3685,2.3392,2.3089,2.2776,2.2454,2.2131,2.1789,2.1437,2.1085,2.0733,2.042,2.0117,1.9756,1.9365,1.8964,1.8563,1.8182,1.782,1.7468,1.7126,1.6794,1.6471,1.6217,1.5992,1.5728,1.5445,1.5161,1.4888,1.4604,1.4321,1.4027,1.3734,1.3441,1.3157,1.2884,1.2688,1.2542,1.2405,1.2307,1.2287,1.2356,1.2532,1.2825,1.3216,1.3705,1.4291,1.4946,1.5582,1.6227,1.697,1.7781,1.8612,1.9472,2.0332,2.1202,2.2063,2.2923,2.3763,2.4575,2.5347,2.5963,2.6471,2.6999,2.7498,2.7947,2.8328,2.8641,2.8886,2.9071,2.9208,2.9277,2.9286,2.9218,2.9091,2.8935,2.8749,2.8534,2.8289,2.8035,2.7752,2.7439,2.7097,2.6725,2.6344,2.5982,2.564,2.5288,2.4927,2.4555,2.4184,2.3812,2.3441,2.3069,2.2698,2.2317,2.1935,2.1564,2.1232,2.0919,2.0577,2.0235,1.9883,1.9531,1.9189,1.8856,1.8514,1.8162,1.781,1.7468,1.7185,1.6921,1.6618,1.6315,1.6022,1.5718,1.5415,1.5132,1.4858,1.4614,1.4409,1.4252,1.4154,1.4135,1.4203,1.435,1.4585,1.4907,1.5327,1.5816,1.6393,1.7048,1.7771,1.8553,1.9355,2.0059,2.0723,2.1466,2.2248,2.305,2.3851,2.4663,2.5455,2.6227,2.7087,2.7967,2.869,2.9286,2.9687,2.9951,3.0186,3.0362,3.045,3.0459,3.0391,3.0254,3.0068,2.9853,2.9599,2.9326,2.9032,2.8719,2.8387,2.8016,2.7615,2.7185,2.6755,2.6315,2.5855,2.5406,2.4956,2.4506,2.4047,2.3627,2.3226,2.2776,2.2317,2.1867,2.1408,2.0929,2.0459,2,1.955,1.9091,1.8641,1.826,1.7918,1.7527,1.7126,1.6706,1.6285,1.5855,1.5435,1.5044,1.4682,1.437,1.4106,1.39,1.3793,1.3763,1.3793,1.391,1.4115,1.4409,1.479,1.5259,1.5806,1.6432,1.7107,1.783,1.8485,1.911,1.9804,2.0528,2.1261,2.1984,2.2688,2.3372,2.4037,2.4653,2.522,2.5709,2.6109,2.6364,2.651,2.6618,2.6657,2.6637,2.6559,2.6422,2.6256,2.6031,2.5767,2.5484,2.5171,2.4878,2.4604,2.4311,2.4018,2.3715,2.3382,2.304,2.2669,2.2278,2.1877,2.1496,2.1144,2.0802,2.0489,2.0205,1.9873,1.9511,1.913,1.8729,1.8319,1.7918,1.7527,1.7155,1.6784,1.6413,1.6109,1.5836,1.5503,1.5132,1.4741,1.4379,1.4037,1.3724,1.349,1.3343,1.3275,1.3275,1.3333,1.3431,1.3548,1.3666,1.3793,1.392,1.4037,1.4135,1.4203,1.4252,1.4262,1.4223,1.4154,1.4096,1.4047,1.3969,1.3891,1.3842,1.3832,1.39,1.4047,1.4291,1.4633,1.5103,1.5699,1.6422,1.7146,1.7918,1.8866,1.9932,2.1075,2.2258,2.348,2.4712,2.5943,2.7185,2.8407,2.9599,3.0577,3.1408,3.2287,3.3148,3.3939,3.4653,3.5279,3.5806,3.6217,3.651,3.6667,3.6706,3.6598,3.6393,3.6149,3.5846,3.5484,3.5083,3.4653,3.4203,3.3734,3.3245,3.2737,3.2199,3.1632,3.1075,3.0528,2.9941,2.9335,2.8719,2.8123,2.7537,2.695,2.6364,2.5777,2.52,2.4643,2.4154,2.3705,2.3226,2.2717,2.2199,2.1681,2.1173,2.0665,2.0137,1.9619,1.911,1.8622,1.8152,1.7771,1.7458,1.7116,1.6774,1.6442,1.6109,1.5787,1.5494,1.521,1.4936,1.4673,1.4428,1.4262,1.4154,1.4037,1.3959,1.3939,1.3998,1.4145,1.4379,1.4721,1.5161,1.5689,1.6295,1.697,1.7595,1.8221,1.8944,1.9726,2.0528,2.1359,2.219,2.2991,2.3763,2.4497,2.52,2.5875,2.6413,2.6862,2.7331,2.6373,2.4653,2.3871,2.3509,2.3343,2.3226,2.3109,2.2972,2.2805,2.262,2.2405,2.217,2.1906,2.1623,2.131,2.0978,2.0626,2.0254,1.9863,1.9462,1.9042,1.8612,1.8231,1.7879,1.7478,1.7067,1.6637,1.6197,1.5767,1.5337,1.4917,1.4506,1.4115,1.3734,1.3363,1.305,1.2766,1.2434,1.2082,1.173,1.1378,1.1017,1.0645,1.0293,0.99511,0.96285,0.9306,0.90714,0.88661,0.86217,0.83578,0.80841,0.78104,0.75269,0.72532,0.69892,0.67351,0.64907,0.62854,0.61388,0.60899,0.61095,0.61584,0.62659,0.64614,0.67449,0.71065,0.75464,0.80645,0.8651,0.9306,1.001,1.0665,1.131,1.2023,1.2766,1.3519,1.4262,1.4985,1.5679,1.6334,1.697,1.7586,1.8152,1.8671,1.9062,1.9374,1.9658,1.9883,2.0049,2.0156,2.0196,2.0186,2.0137,2.0049,1.9922,1.9765,1.9599,1.9413,1.9179,1.8925,1.8661,1.8387,1.8104,1.7791,1.7468,1.7136,1.6813,1.6481,1.6139,1.5836,1.5572,1.5288,1.4995,1.4702,1.4418,1.4135,1.3842,1.3529,1.3226,1.2913,1.263,1.2414,1.2239,1.2023,1.1799,1.1564,1.132,1.1075,1.0831,1.0587,1.0352,1.0117,0.98925,0.97263,0.95797,0.94037,0.9218,0.90225,0.88172,0.86217,0.8436,0.826,0.81036,0.79765,0.78886,0.7869,0.79277,0.80645,0.826,0.85435,0.89247,0.93744,0.98925,1.0469,1.1105,1.1789,1.2502,1.3255,1.3939,1.4585,1.5298,1.6041,1.6794,1.7537,1.825,1.8935,1.958,2.0196,2.0753,2.1241,2.1652,2.1935,2.2131,2.2307,2.2444,2.2532,2.2561,2.2542,2.2473,2.2366,2.2209,2.2023,2.1808,2.1584,2.1349,2.1085,2.0802,2.0518,2.0235,1.9951,1.9658,1.9365,1.9062,1.8749,1.8436,1.8123,1.784,1.7566,1.7263,1.694,1.6618,1.6305,1.5982,1.566,1.5327,1.4995,1.4663,1.434,1.4076,1.3842,1.3587,1.3324,1.3069,1.2835,1.2649,1.2542,1.2502,1.2551,1.2688,1.2903,1.3187,1.35,1.3851,1.4291,1.48,1.5357,1.5963,1.6598,1.7253,1.7908,1.8534,1.915,1.9746,2.0235,2.0665,2.1124,2.1574,2.1975,2.2307,2.2571,2.2747,2.2845,2.2864,2.2835,2.2757,2.2649,2.2512,2.2346,2.217,2.1984,2.1789,2.1574,2.1339,2.1095,2.0841,2.216,2.4233,2.5083,2.5337,2.5288,2.5044,2.4712,2.435,2.3988,2.3627,2.3275,2.2913,2.2542,2.218,2.1818,2.1466,2.1153,2.086,2.0528,2.0176,1.9844,1.9521,1.9198,1.8876,1.8563,1.825,1.7918,1.7595,1.7331,1.7116,1.6852,1.6579,1.6305,1.6041,1.5787,1.5552,1.5318,1.5083,1.4858,1.4663,1.4467,1.433,1.4233,1.4096,1.3939,1.3783,1.3607,1.3412,1.3216,1.3021,1.2845,1.2688,1.2561,1.2522,1.2542,1.2571,1.2659,1.2835,1.3099,1.346,1.392,1.4477,1.5112,1.5826,1.6608,1.7458,1.824,1.9013,1.9892,2.0821,2.176,2.2698,2.3617,2.4506,2.5347,2.6168,2.695,2.7674,2.8231,2.869,2.9159,2.957,2.9912,3.0166,3.0323,3.0391,3.0391,3.0352,3.0254,3.0108,2.9892,2.9648,2.9374,2.9062,2.871,2.8338,2.7937,2.7537,2.7116,2.6686,2.6256,2.5836,2.5406,2.5015,2.4643,2.4223,2.3773,2.3324,2.2874,2.2434,2.2004,2.1593,2.1183,2.0762,2.0332,1.9961,1.9609,1.9208,1.8798,1.8407,1.8045,1.7683,1.7322,1.6989,1.6657,1.6325,1.5992,1.566,1.5406,1.5171,1.4878,1.4545,1.4223,1.391,1.3607,1.3324,1.303,1.2737,1.2444,1.216,1.1975,1.1857,1.174,1.1662,1.1632,1.1681,1.1818,1.2043,1.2375,1.2805,1.3314,1.39,1.4565,1.521,1.5846,1.6549,1.7292,1.8074,1.8886,1.9726,2.0557,2.1359,2.2131,2.2874,2.3568,2.4135,2.4624,2.5112,2.5562,2.5943,2.6256,2.6471,2.6598,2.6647,2.6647,2.6588,2.6491,2.6364,2.6217,2.6041,2.5836,2.5591,2.5318,2.5024,2.4721,2.4409,2.4106,2.3803,2.35,2.3187,2.2903,2.263,2.2336,2.2033,2.172,2.1388,2.1065,2.0743,2.042,2.0108,1.9795,1.9482,1.9159,1.8886,1.8651,1.8377,1.8094,1.781,1.7537,1.7263,1.697,1.6676,1.6383,1.61,1.5846,1.567,1.5533,1.5357,1.5142,1.4907,1.4673,1.4428,1.4194,1.3959,1.3744,1.3548,1.3402,1.3304,1.3304,1.3372,1.35,1.3715,1.4047,1.4477,1.4976,1.5572,1.6246,1.6989,1.7781,1.8612,1.9365,2.0068,2.087,2.172,2.261,2.3509,2.4409,2.5308,2.6188,2.7028,2.782,2.8524,2.914,2.9599,2.9932,3.0244,3.0342,3.0274,3.0244,3.0196,3.0117,2.999,2.9844,2.9687,2.9521,2.9316,2.9091,2.8837,2.8543,2.8211,2.7859,2.7478,2.7097,2.6725,2.6354,2.6002,2.564,2.5249,2.4888,2.4526,2.4125,2.3705,2.3265,2.2835,2.2405,2.1984,2.1584,2.1202,2.0811,2.042,2.0078,1.9756,1.9404,1.9042,1.8671,1.8299,1.7928,1.7576,1.7243,1.6911,1.6579,1.6246,1.5934,1.5679,1.5455,1.5191,1.4897,1.4614,1.435,1.4125,1.3959,1.3861,1.3842,1.393,1.4115,1.4379,1.4712,1.5142,1.566,1.6266,1.697,1.7752,1.8612,1.9521,2.0469,2.1447,2.2424,2.3392,2.4203,2.4907,2.5679,2.6471,2.7243,2.7996,2.8719,2.9384,2.9961,3.045,3.085,3.1153,3.131,3.1369,3.1388,3.1359,3.1281,3.1153,3.0968,3.0743,3.0489,3.0186,2.9853,2.9501,2.915,2.8807,2.8426,2.8025,2.7615,2.7185,2.6745,2.6285,2.5826,2.5367,2.4927,2.4487,2.4037,2.3627,2.3236,2.2796,2.2336,2.1887,2.1447,2.1017,2.0596,2.0196,1.9814,1.9433,1.9062,1.8759,1.8475,1.8152,1.7781,1.741,1.7038,1.6667,1.6315,1.5963,1.563,1.5298,1.4966,1.4653,1.4418,1.4223,1.3998,1.3783,1.3607,1.349,1.3441,1.348,1.3627,1.3891,1.4252,1.4712,1.5191,1.5709,1.6354,1.7097,1.7918,1.8788,1.9697,2.0635,2.1574,2.2502,2.3431,2.434,2.522,2.5943,2.6569,2.7253,2.7908,2.8504,2.9032,2.9472,2.9824,3.0078,3.0225,3.0264,3.0205,3.0059,2.9844,2.9589,2.9306,2.9003,2.869,2.8358,2.7996,2.7605,2.7195,2.6774,2.6334,2.5875,2.5445,2.5024,2.4575,2.4106,2.3636,2.3167,2.2698,2.2239,2.1779,2.1329,2.088,2.044,2.0049,1.9687,1.9277,1.8827,1.8368,1.7908,1.7449,1.6999,1.654,1.608,1.5621,1.5171,1.4741,1.4399,1.4106,1.3783,1.346,1.3157,1.2884,1.2678,1.2561,1.2532,1.26,1.2786,1.3069,1.3392,1.3763,1.4213,1.4731,1.5308,1.5943,1.6628,1.7351,1.8104,1.8866,1.9619,2.0352,2.1046,2.1623,2.2131,2.2659,2.3177,2.3646,2.4047,2.4379,2.4614,2.4751,2.479,2.4751,2.4643,2.4506,2.434,2.4135,2.393,2.3695,2.3431,2.3148,2.2854,2.2542,2.2209,2.1378,2.0283,1.955,1.9042,1.8631,1.8211,1.7791,1.738,1.6979,1.6588,1.6197,1.5826,1.5464,1.5093,1.4712,1.4389,1.4106,1.3793,1.346,1.3138,1.2845,1.2561,1.2307,1.2092,1.1906,1.173,1.1544,1.1339,1.1183,1.1056,1.089,1.0714,1.0528,1.0342,1.0176,1.002,0.98534,0.96872,0.94917,0.92766,0.91007,0.89541,0.87488,0.85142,0.82698,0.80547,0.7869,0.76931,0.75269,0.73998,0.73216,0.73021,0.73803,0.7566,0.78495,0.82307,0.87292,0.93353,1.0049,1.085,1.175,1.2727,1.3763,1.4868,1.6002,1.7009,1.7937,1.8964,2.0039,2.1134,2.2229,2.3294,2.4321,2.5298,2.6227,2.7067,2.782,2.8377,2.8778,2.915,2.9472,2.9726,2.9902,3.001,3.0049,3.001,2.9892,2.9707,2.9453,2.9159,2.8856,2.8553,2.824,2.7918,2.7566,2.7175,2.6745,2.6285,2.5816,2.5347,2.4868,2.4379,2.3939,2.3529,2.3089,2.2649,2.2209,2.175,2.13,2.086,2.042,1.998,1.956,1.914,1.87,1.8319,1.7977,1.7595,1.7204,1.6804,1.6403,1.6022,1.563,1.5239,1.4858,1.4477,1.4086,1.3754,1.346,1.3128,1.2776,1.2424,1.2102,1.1799,1.1505,1.1251,1.1075,1.0997,1.1026,1.1163,1.1378,1.1662,1.2043,1.2542,1.3128,1.3803,1.4565,1.5406,1.6305,1.7243,1.8221,1.9208,2.0059,2.0841,2.1701,2.2581,2.3451,2.4301,2.5112,2.5885,2.6608,2.7243,2.7781,2.8221,2.8563,2.8759,2.8856,2.8935,2.8974,2.8954,2.8876,2.8729,2.8514,2.825,2.7957,2.7625,2.7283,2.694,2.6598,2.6237,2.5855,2.5445,2.5015,2.4575,2.4135,2.3695,2.3255,2.2805,2.2366,2.1916,2.1505,2.1114,2.0674,2.0205,1.9707,1.9198,1.869,1.8192,1.7683,1.7165,1.6657,1.6139,1.5679,1.5269,1.48,1.4321,1.3832,1.3343,1.2845,1.2346,1.1848,1.1369,1.0899,1.044,1,0.96579,0.93744,0.9042,0.87097,0.83871,0.81036,0.78983,0.78006,0.78104,0.79277,0.81525,0.84848,0.88759,0.93353,0.99022,1.0587,1.1359,1.2199,1.3089,1.4018,1.4985,1.5973,1.696,1.7928,1.8876,1.9677,2.0381,2.1134,2.1877,2.2571,2.3196,2.3754,2.4242,2.4633,2.4917,2.5093,2.5161,2.5142,2.5044,2.4907,2.4741,2.4702,2.4731,2.4643,2.4487,2.4272,2.4008,2.3724,2.3421,2.3109,2.2825,2.2551,2.2258,2.1945,2.1632,2.132,2.1007,2.0694,2.0401,2.0098,1.9785,1.9472,1.9198,1.8935,1.8651,1.8338,1.8035,1.7752,1.7468,1.7185,1.6901,1.6618,1.6325,1.6022,1.5767,1.5533,1.5259,1.4976,1.4692,1.4418,1.4164,1.393,1.3715,1.3509,1.3333,1.3177,1.306,1.3001,1.3001,1.304,1.3128,1.3284,1.3539,1.3871,1.4262,1.4712,1.52,1.5718,1.6256,1.6745,1.7204,1.7703,1.8201,1.868,1.911,1.9482,1.9795,2.0039,2.0225,2.0352,2.043,2.0479,2.0499,2.0489,2.0469,2.045,2.042,2.0381,2.0332,2.0264,2.0166,2.0029,1.9853,1.9648,1.9453,1.9257,1.9013,1.8739,1.8456,1.8172,1.7879,1.7605,1.7341,1.7097,1.6882,1.6686,1.651,1.6364,1.6246,1.6109,1.5973,1.5816,1.564,1.5435,1.52,1.4936,1.4633,1.4311,1.3959,1.3666,1.3412,1.3099,1.2766,1.2424,1.2082,1.174,1.1417,1.1114,1.086,1.0674,1.0587,1.0577,1.0665,1.086,1.1134,1.1476,1.1896,1.2405,1.2972,1.3597,1.4252,1.4936,1.565,1.6373,1.7019,1.7615,1.826,1.8895,1.9521,2.0137,2.0733,2.131,2.1867,2.2395,2.2884,2.3343,2.3744,2.4027,2.4242,2.4448,2.4614,2.4741,2.4829,2.4897,2.4966,2.5015,2.5054,2.5073,2.5083,2.5064,2.5015,2.4956,2.4868,2.4731,2.4536,2.4291,2.4018,2.3744,2.346,2.3177,2.2884,2.2581,2.2307,2.2063,2.1799,2.1525,2.1261,2.1007,2.0753,2.0489,2.0215,1.9922,1.9619,1.9306,1.9022,1.8739,1.8397,1.8006,1.7605,1.7185,1.6755,1.6325,1.5894,1.5464,1.5054,1.4663,1.4282,1.3969,1.3705,1.3392,1.306,1.2737,1.2405,1.2053,1.1701,1.1349,1.1017,1.0694,1.0401,1.0196,1.0039,0.98338,0.96188,0.93939,0.91789,0.89834,0.8827,0.87195,0.86901,0.87586,0.89443,0.92473,0.96188,1.0078,1.0655,1.132,1.2063,1.2884,1.3754,1.4653,1.5591,1.6559,1.7566,1.8592,1.9492,2.0323,2.1251,2.2219,2.3177,2.4106,2.4985,2.5797,2.654,2.7204,2.7781,2.826,2.8641,2.8876,2.9003,2.911,2.9179,2.9208,2.9189,2.914,2.9062,2.8964,2.8856,2.8925,2.9062,2.9022,2.8886,2.868,2.8426,2.8143,2.783,2.7488,2.7146,2.6804,2.6452,2.61,2.5738,2.5386,2.5044,2.4673,2.4272,2.3861,2.346,2.3089,2.2727,2.2385,2.2053,2.173,2.1427,2.1124,2.085,2.0596,2.0313,2.001,1.9697,1.9384,1.9062,1.8749,1.8436,1.8113,1.7781,1.7429,1.7136,1.6872,1.6579,1.6285,1.6002,1.5738,1.5503,1.5318,1.5171,1.5064,1.5015,1.5044,1.5152,1.5308,1.5533,1.5846,1.6237,1.6696,1.7214,1.7791,1.8426,1.911,1.9834,2.0587,2.1349,2.2014,2.262,2.3304,2.3998,2.4682,2.5679,2.6285,2.6833,2.7517,2.7869,2.8133,2.8319,2.8407,2.8416,2.8397,2.8348,2.826,2.8143,2.7986,2.7801,2.7595,2.737,2.7136,2.6901,2.6667,2.6432,2.6168,2.5885,2.5582,2.5249,2.4897,2.4516,2.4106,2.3685,2.3255,2.2835,2.2414,2.2043,2.1701,2.131,2.0704,2.0293,1.9902,1.9316,1.8935,1.8563,1.8201,1.7859,1.7586,1.7361,1.7126,1.6882,1.6637,1.6383,1.6129,1.5885,1.563,1.5396,1.5161,1.4829,1.4653,1.4526,1.434,1.4184,1.4037,1.392,1.3812,1.3832,1.3939,1.4291,1.4663,1.5073,1.5523,1.607,1.6706,1.74,1.8133,1.8895,1.9677,2.0479,2.1281,2.2092,2.2893,2.3675,2.4321,2.4888,2.5503,2.6119,2.6706,2.7253,2.7732,2.8143,2.8465,2.871,2.8866,2.8944,2.8925,2.8837,2.8729,2.8592,2.8426,2.824,2.8025,2.7761,2.7458,2.7126,2.6774,2.6403,2.6041,2.5718,2.5415,2.5093,2.4761,2.4409,2.4047,2.3656,2.3245,2.2825,2.2405,2.1975,2.1554,2.1183,2.0841,2.0469,2.0068,1.9638,1.9189,1.8729,1.827,1.782,1.738,1.696,1.6569,1.6188,1.5875,1.5601,1.5279,1.4946,1.4614,1.4282,1.3959,1.3656,1.3382,1.3128,1.2893,1.2659,1.2493,1.2375,1.2229,1.2102,1.2023,1.2004,1.2063,1.2199,1.2414,1.2717,1.3099,1.3548,1.4018,1.4526,1.5142,1.5846,1.6618,1.7429,1.827,1.913,1.998,2.0811,2.1613,2.2395,2.3148,2.3763,2.4291,2.4839,2.5367,2.5836,2.6246,2.6579,2.6843,2.7028,2.7146,2.7204,2.7224,2.7195,2.7116,2.7028,2.6901,2.6735,2.6588,2.6403,2.6129,2.5816,2.5494,2.5161,2.4839,2.4497,2.4174,2.3871,2.3548,2.3216,2.2893,2.2551,2.2199,2.1848,2.1496,2.1144,2.0792,2.042,2.0108,1.9824,1.9501,1.9179,1.8847,1.8495,1.8143,1.7791,1.7439,1.7097,1.6745,1.6393,1.6041,1.5748,1.5494,1.52,1.4897,1.4585,1.4272,1.3978,1.3685,1.3392,1.3118,1.2854,1.259,1.2395,1.2248,1.2092,1.1975,1.1916,1.1935,1.2063,1.2297,1.2649,1.3109,1.3675,1.434,1.5064,1.5767,1.6461,1.7253,1.8104,1.9003,1.9922,2.086,2.1799,2.2717,2.3587,2.4418,2.521,2.5846,2.6383,2.695,2.7478,2.7947,2.8309,2.8573,2.8739,2.8807,2.8798,2.8739,2.8641,2.8504,2.8328,2.8123,2.7898,2.7664,2.741,2.7146,2.6862,2.654,2.6188,2.5797,2.5376,2.4946,2.4545,2.4164,2.3773,2.3372,2.2981,2.2571,2.2151,2.172,2.1281,2.0831,2.0362,1.9883,1.9413,1.9022,1.8671,1.828,1.7879,1.7478,1.7077,1.6657,1.6237,1.5816,1.5425,1.5073,1.4741,1.4506,1.435,1.4233,1.4174,1.4194,1.4321,1.4545,1.4858,1.5279,1.5806,1.6442,1.7165,1.7957,1.87,1.9423,2.0264,2.1163,2.2092,2.306,2.4047,2.5024,2.5973,2.6872,2.7693,2.8426,2.8964,2.9374,2.9785,3.0156,3.0479,3.0762,3.0997,3.1183,3.13,3.1339,3.131,3.1193,3.0997,3.0733,3.0411,3.002,2.955,2.9032,2.8485,2.7918,2.7331,2.6725,2.6109,2.5484,2.4839,2.4242,2.3685,2.3089,2.2454,2.1808,2.1163,2.0508,1.9853,1.9228,1.8622,1.8025,1.7468,1.6921,1.6461,1.607,1.564,1.5191,1.4731,1.4262,1.3803,1.3363,1.2962,1.26,1.2297,1.2033,1.1857,1.172,1.1535,1.1329,1.1124,1.0919,1.0714,1.0518,1.0323,1.0137,0.99707,0.98045,0.97067,0.96383,0.95308,0.93939,0.92571,0.91496,0.90811,0.90811,0.91887,0.94233,0.97849,1.0264,1.086,1.1496,1.2199,1.304,1.3988,1.5024,1.6139,1.7302,1.8485,1.9687,2.0909,2.2111,2.3284,2.4272,2.5152,2.6109,2.7058,2.7967,2.8827,2.9629,3.0371,3.1046,3.1632,3.2102,3.2434,3.2659,3.2727,3.2688,3.2639,3.2571,3.2463,3.2317,3.2141,3.1916,3.1632,3.129,3.0909,2.9883,2.8573,2.7732,2.7087,2.654,2.6041,2.5572,2.5132,2.4712,2.4291,2.3881,2.348,2.3069,2.2659,2.2297,2.1945,2.1564,2.1173,2.0782,2.0401,2.0029,1.9658,1.9306,1.8983,1.8671,1.8348,1.8074,1.782,1.7517,1.7195,1.6862,1.654,1.6227,1.5934,1.564,1.5357,1.5064,1.4751,1.4428,1.4164,1.3949,1.3695,1.346,1.3275,1.3157,1.3109,1.3148,1.3284,1.3509,1.3812,1.4184,1.4575,1.4985,1.5484,1.6061,1.6706,1.739,1.8094,1.8817,1.955,2.0283,2.1007,2.1711,2.2395,2.2972,2.348,2.4027,2.4585,2.5112,2.5572,2.5953,2.6237,2.6413,2.6481,2.6471,2.6383,2.6217,2.6022,2.5777,2.5494,2.5181,2.4839,2.4487,2.4125,2.3754,2.3382,2.3001,2.262,2.2258,2.1945,2.1662,2.1359,2.1056,2.0762,2.0469,2.0176,1.9902,1.9658,1.9423,1.9208,1.9013,1.8847,1.87,1.8534,1.8358,1.8172,1.7967,1.7761,1.7556,1.7361,1.7155,1.694,1.6725,1.651,1.6334,1.6178,1.5982,1.5758,1.5533,1.5308,1.5083,1.4868,1.4653,1.4428,1.4194,1.3969,1.3812,1.3685,1.3548,1.3441,1.3382,1.3392,1.349,1.3666,1.3939,1.4291,1.4721,1.522,1.5787,1.6325,1.6862,1.7468,1.8123,1.8807,1.9511,2.0225,2.0938,2.1642,2.2326,2.2981,2.3607,2.4115,2.4536,2.4966,2.5357,2.5679,2.5943,2.6139,2.6256,2.6315,2.6325,2.6276,2.6168,2.6012,2.5826,2.5621,2.5396,2.5171,2.4927,2.4643,2.434,2.4018,2.3675,2.3333,2.2981,2.263,2.2317,2.2023,2.1701,2.1359,2.0987,2.0616,2.0254,1.9902,1.9541,1.9101,1.871,1.8436,1.8182,1.7937,1.7644,1.7322,1.6999,1.6676,1.6354,1.6041,1.5738,1.5445,1.5152,1.4868,1.4594,1.4379,1.4203,1.3988,1.3744,1.349,1.3226,1.2962,1.2708,1.2454,1.2199,1.1955,1.174,1.1613,1.1554,1.1496,1.1476,1.1505,1.1613,1.1799,1.2072,1.2434,1.2893,1.3431,1.4037,1.4702,1.5327,1.5943,1.6637,1.737,1.8113,1.8847,1.958,2.0303,2.1007,2.1681,2.2307,2.2893,2.3372,2.3763,2.4164,2.4536,2.4839,2.5083,2.5269,2.5396,2.5464,2.5464,2.5425,2.5347,2.523,2.5093,2.4946,2.479,2.4614,2.4428,2.4653,2.5064,2.5112,2.4966,2.4721,2.4418,2.4076,2.3754,2.3441,2.3109,2.2766,2.2414,2.2063,2.1701,2.1339,2.0968,2.0596,2.0205,1.9824,1.9462,1.9159,1.8895,1.8602,1.828,1.7967,1.7654,1.7322,1.6979,1.6637,1.6305,1.5963,1.5621,1.5357,1.5103,1.48,1.4487,1.4174,1.3881,1.3597,1.3353,1.3148,1.2991,1.2893,1.2884,1.2972,1.3157,1.3421,1.3793,1.4282,1.4878,1.5572,1.6334,1.7165,1.8055,1.8993,1.9961,2.0968,2.2111,2.3069,2.3812,2.4702,2.566,2.6618,2.7546,2.8436,2.9277,3.0049,3.0743,3.1359,3.1896,3.2258,3.2493,3.2708,3.2874,3.2981,3.3011,3.2981,3.2903,3.2766,3.2561,3.2307,3.2023,3.1711,3.1378,3.1046,3.0694,3.0332,2.9961,2.958,2.9179,2.8768,2.8338,2.7889,2.7419,2.694,2.6491,2.6041,2.5572,2.5093,2.4614,2.4125,2.3627,2.3138,2.2649,2.216,2.1662,2.1173,2.0753,2.0371,1.9961,1.9541,1.913,1.8749,1.8407,1.8113,1.7859,1.7674,1.7576,1.7566,1.7644,1.7791,1.8016,1.8377,1.8847,1.9404,2.0039,2.0714,2.1427,2.216,2.2913,2.3675,2.4448,2.5103,2.5689,2.6354,2.7038,2.7703,2.8328,2.8895,2.9394,2.9804,3.0117,3.0323,3.042,3.0391,3.0274,3.0137,2.9971,2.9765,2.9531,2.9267,2.8993,2.868,2.8338,2.7986,2.7615,2.7234,2.6862,2.65,2.61,2.567,2.521,2.4751,2.4291,2.3851,2.3402,2.2942,2.2483,2.2014,2.1603,2.1212,2.0782,2.0323,1.9853,1.9365,1.8876,1.8368,1.7859,1.7351,1.6862,1.6295,1.5816,1.5543,1.5259,1.4917,1.4448,1.4008,1.3685,1.3333,1.2972,1.262,1.2278,1.1857,1.1486,1.129,1.1085,1.0714,1.0264,0.99511,0.97165,0.93646,0.89638,0.86999,0.8436,0.81232,0.7869,0.76931,0.76051,0.7566,0.75367,0.75855,0.77517,0.80254,0.84262,0.89443,0.95699,1.0313,1.1144,1.1945,1.2786,1.3763,1.4819,1.5943,1.7097,1.824,1.9384,2.0499,2.1584,2.2639,2.3646,2.4594,2.5376,2.6041,2.6745,2.7429,2.8035,2.8553,2.8964,2.9277,2.9472,2.957,2.958,2.9501,2.9355,2.9169,2.8954,2.8719,2.8456,2.8172,2.7869,2.7527,2.7155,2.6764,2.6373,2.5973,2.522,2.435,2.3763,2.3284,2.2854,2.2444,2.2072,2.172,2.1369,2.1017,2.0674,2.0323,1.998,1.9687,1.9413,1.9091,1.8759,1.8426,1.8094,1.7771,1.7458,1.7165,1.6862,1.6559,1.6266,1.5973,1.5738,1.5533,1.5298,1.5054,1.4809,1.4565,1.4321,1.4066,1.3822,1.3597,1.3382,1.3196,1.3089,1.303,1.2972,1.2942,1.2952,1.3021,1.3148,1.3353,1.3646,1.4027,1.4487,1.5024,1.563,1.6217,1.6823,1.7537,1.8309,1.9101,1.9902,2.0694,2.1476,2.2239,2.2972,2.3666,2.4321,2.4848,2.5308,2.5806,2.6295,2.6735,2.7107,2.738,2.7576,2.7693,2.7732,2.7713,2.7654,2.7566,2.7439,2.7263,2.7067,2.6843,2.6608,2.6344,2.6061,2.5767,2.5464,2.5161,2.4839,2.4497,2.4184,2.3891,2.3587,2.3265,2.2942,2.261,2.2287,2.1965,2.1652,2.1339,2.1026,2.0714,2.0401,2.0117,1.9853,1.955,1.9228,1.8905,1.8583,1.826,1.7947,1.7634,1.7312,1.6999,1.6686,1.6442,1.6227,1.5982,1.5718,1.5455,1.5191,1.4936,1.4692,1.4467,1.4272,1.4106,1.3988,1.3949,1.3988,1.4086,1.4252,1.4497,1.4819,1.523,1.5718,1.6276,1.6911,1.7605,1.8338,1.9091,1.9765,2.0391,2.1095,2.1828,2.2581,2.3324,2.4047,2.4741,2.5415,2.6051,2.6637,2.7175,2.7576,2.7879,2.8172,2.8416,2.8592,2.868,2.87,2.8641,2.8524,2.8368,2.8172,2.7937,2.7683,2.7419,2.7146,2.6862,2.6559,2.6246,2.5924,2.5601,2.5269,2.4927,2.4585,2.4242,2.39,2.3587,2.3275,2.2923,2.2542,2.2151,2.176,2.1369,2.0997,2.0635,2.0283,1.9932,1.9589,1.9247,1.8944,1.8661,1.8338,1.7996,1.7644,1.7292,1.696,1.6647,1.6344,1.6051,1.5767,1.5484,1.5259,1.5044,1.479,1.4536,1.4291,1.4057,1.3832,1.3636,1.349,1.3402,1.3382,1.3431,1.3568,1.3763,1.4027,1.437,1.478,1.5279,1.5855,1.65,1.7195,1.7898,1.8612,1.9335,2.0059,2.0694,2.1271,2.1906,2.2551,2.3196,2.3812,2.4409,2.4956,2.5455,2.5894,2.6256,2.6549,2.6755,2.6862,2.6872,2.6843,2.6764,2.6647,2.6491,2.6285,2.6051,2.5797,2.5523,2.5239,2.4927,2.4624,2.4321,2.3988,2.3636,2.3284,2.2933,2.2444,2.1848,2.132,2.0821,2.0323,1.9834,1.9355,1.8925,1.8524,1.8084,1.7625,1.7165,1.6706,1.6256,1.5826,1.5396,1.4946,1.4506,1.4066,1.3715,1.3402,1.304,1.2649,1.2239,1.1818,1.1408,1.1007,1.0616,1.0235,0.98631,0.95112,0.91691,0.89247,0.8739,0.85142,0.82796,0.80645,0.7869,0.77224,0.7654,0.76833,0.78201,0.80645,0.84066,0.88074,0.92864,0.98827,1.0577,1.1349,1.2199,1.3099,1.4027,1.4985,1.5953,1.6921,1.7879,1.8837,1.9658,2.0401,2.1193,2.1975,2.2737,2.3441,2.4066,2.4624,2.5093,2.5455,2.5718,2.5894,2.5953,2.5934,2.5885,2.5797,2.567,2.5523,2.5357,2.5161,2.4927,2.4663,2.436,2.4018,2.3685,2.3353,2.2991,2.262,2.2258,2.1896,2.1544,2.1183,2.0811,2.044,2.0049,1.9638,1.9228,1.8876,1.8563,1.8211,1.784,1.7468,1.7087,1.6706,1.6334,1.5953,1.5562,1.5191,1.4829,1.4545,1.4301,1.4037,1.3803,1.3627,1.3529,1.3509,1.3597,1.3803,1.4125,1.4555,1.5073,1.567,1.6237,1.6813,1.7498,1.824,1.9022,1.9824,2.0626,2.1398,2.2151,2.2874,2.3568,2.4233,2.4751,2.5181,2.5611,2.5982,2.6256,2.6442,2.653,2.654,2.65,2.6413,2.6276,2.61,2.5885,2.564,2.5386,2.5083,2.4751,2.4409,2.4057,2.3685,2.3304,2.2913,2.2493,2.2043,2.1584,2.1173,2.0792,2.0391,1.998,1.956,1.913,1.869,1.826,1.784,1.7439,1.7038,1.6647,1.6276,1.5963,1.5679,1.5357,1.5015,1.4653,1.4291,1.393,1.3587,1.3284,1.2981,1.2688,1.2395,1.218,1.1984,1.174,1.1476,1.1212,1.0958,1.0684,1.042,1.0156,0.98827,0.96188,0.93744,0.91496,0.90029,0.88954,0.87488,0.85728,0.83871,0.82014,0.80156,0.78397,0.76735,0.75464,0.7478,0.75171,0.76735,0.79472,0.83284,0.8827,0.94428,1.0147,1.0958,1.1848,1.2796,1.3812,1.4888,1.6012,1.7155,1.8172,1.912,2.0196,2.1329,2.2483,2.3617,2.4712,2.5758,2.6745,2.7654,2.8456,2.9159,2.9668,3.0039,3.0401,3.0694,3.0909,3.1026,3.1046,3.0978,3.0821,3.0616,3.0371,3.0088,2.9775,2.9453,2.911,2.8739,2.8348,2.7937,2.7488,2.7019,2.654,2.6061,2.5591,2.5112,2.4614,2.4154,2.3744,2.3314,2.2884,2.2463,2.2033,2.1603,2.1173,2.0753,2.0332,1.9922,1.9531,1.9159,1.8847,1.8563,1.825,1.7918,1.7566,1.7214,1.6862,1.65,1.6129,1.5767,1.5415,1.5073,1.479,1.4545,1.4262,1.3969,1.3675,1.3382,1.3099,1.2815,1.2561,1.2356,1.219,1.2092,1.2063,1.2131,1.2287,1.2512,1.2825,1.3216,1.3685,1.4223,1.4819,1.5484,1.6188,1.694,1.7713,1.8397,1.9022,1.9726,2.0459,2.1183,2.1887,2.2561,2.3216,2.3842,2.4409,2.4927,2.5386,2.5699,2.5914,2.6109,2.6246,2.6295,2.6266,2.6178,2.6051,2.5894,2.5718,2.5513,2.5279,2.5015,2.4741,2.4467,2.4154,2.3812,2.346,2.3099,2.2727,2.2326,2.1926,2.1535,2.1153,2.0772,2.044,2.0127,1.9785,1.9423,1.9071,1.8719,1.8377,1.8045,1.7713,1.741,1.7107,1.6813,1.6549,1.6344,1.6168,1.5973,1.5777,1.5562,1.5318,1.5064,1.48,1.4526,1.4262,1.3998,1.3744,1.3548,1.3392,1.3187,1.2942,1.2688,1.2444,1.2199,1.1945,1.1701,1.1476,1.1261,1.1056,1.087,1.0753,1.0655,1.0518,1.0342,1.0137,0.9912,0.9697,0.94917,0.9306,0.91398,0.89834,0.88368,0.87586,0.86999,0.86022,0.84848,0.8348,0.82209,0.81134,0.80352,0.79765,0.79277,0.7869,0.78201,0.77615,0.77615,0.77908,0.7781,0.77419,0.76931,0.76344,0.75758,0.75171,0.74585,0.73803,0.73118,0.72532,0.7263,0.72923,0.72825,0.7263,0.72434,0.72239,0.72141,0.72043,0.71945,0.71945,0.71945,0.71945,0.71945,0.72336,0.73021,0.73412,0.73607,0.73705,0.73803,0.73998,0.74194,0.74291,0.74291,0.74291,0.74291,0.74878,0.75758,0.76246,0.7654,0.76931,0.77419,0.7781,0.78104,0.78299,0.78397,0.78397,0.78495,0.78788,0.7957,0.80645,0.8172,0.83284,0.85533,0.88465,0.9218,0.96774,1.0235,1.088,1.1603,1.2414,1.3206,1.4008,1.4956,1.6002,1.7116,1.828,1.9462,2.0655,2.1828,2.2972,2.4096,2.5191,2.6237,2.7087,2.782,2.8602,2.9374,3.0098,3.0753,3.132,3.1799,3.218,3.2473,3.2678,3.2796,3.2796,3.2737,3.2678,3.261,3.2522,3.2395,3.2248,3.2072,3.1887,3.1662,3.1417,3.1163,3.087,3.0547,3.0205,2.9853,2.9492,2.914,2.8778,2.7957,2.694,2.4194,2.5054,2.5748,2.6334,2.694,2.7517,2.8035,2.8485,2.8817,2.9022,2.912,2.912,2.9052,2.8935,2.8768,2.8553,2.8328,2.8074,2.7801,2.7507,2.7175,2.6813,2.6422,2.6012,2.5591,2.5171,2.4731,2.4321,2.3939,2.3529,2.3089,2.263,2.2151,2.1672,2.1222,2.0782,2.0352,1.9932,1.9501,1.913,1.8778,1.8377,1.7967,1.7537,1.7126,1.6745,1.6393,1.6041,1.5679,1.5318,1.4956,1.4604,1.4321,1.4076,1.3793,1.348,1.3157,1.2825,1.2493,1.216,1.1838,1.1525,1.1222,1.0929,1.0723,1.0567,1.0381,1.0196,1.0049,0.99609,0.99413,1.001,1.0186,1.0459,1.0831,1.129,1.1828,1.2385,1.2962,1.3627,1.437,1.5171,1.6012,1.6882,1.7761,1.8631,1.9492,2.0332,2.1124,2.1789,2.2366,2.2981,2.3587,2.4154,2.4653,2.5073,2.5415,2.5679,2.5865,2.5973,2.6022,2.6012,2.5943,2.5846,2.5718,2.5572,2.5406,2.523,2.5034,2.4819,2.4585,2.4321,2.4047,2.3754,2.348,2.3216,2.2913,2.2737,2.262,2.2414,2.2151,2.1867,2.1584,2.13,2.1017,2.0714,2.0411,2.0156,1.9912,1.9648,1.9374,1.9101,1.8817,1.8524,1.8221,1.7918,1.7625,1.7351,1.7077,1.6852,1.6657,1.6432,1.6197,1.5963,1.5718,1.5484,1.5259,1.5064,1.4868,1.4663,1.4477,1.433,1.4242,1.4223,1.4252,1.435,1.4555,1.4868,1.5298,1.5816,1.6413,1.7077,1.783,1.8651,1.9404,2.0147,2.1017,2.1965,2.2942,2.392,2.4868,2.5767,2.6637,2.7488,2.8309,2.9101,2.9853,3.045,3.0929,3.1427,3.1896,3.2297,3.26,3.2796,3.2903,3.2923,3.2864,3.2747,3.2561,3.2326,3.2063,3.1799,3.1515,3.1222,3.0899,3.0538,3.0137,2.9717,2.9277,2.8827,2.8377,2.7937,2.7517,2.7107,2.6676,2.6246,2.5826,2.5406,2.4976,2.4536,2.4086,2.3646,2.3206,2.2776,2.2385,2.2023,2.1623,2.1222,2.0811,2.0391,1.9971,1.956,1.9159,1.8759,1.8377,1.7996,1.7605,1.7283,1.6999,1.6676,1.6354,1.6041,1.5718,1.5406,1.5112,1.4839,1.4624,1.4487,1.4438,1.4487,1.4643,1.4878,1.52,1.563,1.6168,1.6794,1.7507,1.828,1.9091,1.9941,2.0831,2.1613,2.2336,2.3157,2.4047,2.4956,2.5865,2.6735,2.7576,2.8377,2.911,2.9775,3.0371,3.085,3.1153,3.1329,3.1476,3.1574,3.1613,3.1584,3.1496,3.1349,3.1153,3.0929,3.0665,3.0371,3.0068,2.9746,2.9404,2.9032,2.8651,2.828,2.7908,2.7517,2.7116,2.6706,2.6276,2.5826,2.5357,2.4936,2.4545,2.4135,2.3715,2.3275,2.2835,2.2405,2.1984,2.1574,2.1163,2.0762,2.0371,2.0039,1.9726,1.9365,1.8974,1.8592,1.824,1.7889,1.7537,1.7185,1.6843,1.6491,1.6119,1.5748,1.5445,1.5171,1.4848,1.4516,1.4194,1.3881,1.3578,1.3304,1.3099,1.2981,1.2972,1.3069,1.3265,1.3548,1.3949,1.4457,1.5064,1.5748,1.6471,1.7234,1.8045,1.8886,1.9746,2.0616,2.1466,2.219,2.2854,2.3587,2.434,2.5093,2.5816,2.65,2.7116,2.7654,2.8113,2.8475,2.8719,2.8837,2.8837,2.8778,2.8651,2.8456,2.8211,2.7947,2.7664,2.7361,2.7038,2.6696,2.6325,2.5924,2.5543,2.5161,2.4751,2.4321,2.3891,2.347,2.306,2.2649,2.2209,2.1017,1.9453,1.8426,1.7732,1.7195,1.6676,1.6178,1.5699,1.5259,1.4848,1.4438,1.4027,1.3627,1.3236,1.2854,1.2483,1.2199,1.1955,1.1652,1.132,1.0978,1.0616,1.0225,0.9824,0.9433,0.90518,0.86999,0.83871,0.81623,0.79765,0.77615,0.75562,0.73509,0.71554,0.70088,0.69306,0.69306,0.6999,0.71457,0.74096,0.77908,0.82307,0.8739,0.93548,1.0049,1.0811,1.1632,1.2483,1.3363,1.4272,1.5191,1.6109,1.7019,1.7801,1.8495,1.9228,1.9961,2.0645,2.129,2.1877,2.2385,2.2825,2.3206,2.35,2.3715,2.3871,2.3939,2.393,2.3871,2.3773,2.3646,2.349,2.3284,2.3069,2.2845,2.262,2.2366,2.2092,2.1828,2.1564,2.1241,2.088,2.0499,2.0108,1.9726,1.9345,1.8983,1.8651,1.8319,1.7986,1.7664,1.739,1.7136,1.6843,1.652,1.6188,1.5846,1.5494,1.5152,1.48,1.4457,1.4115,1.3783,1.3509,1.3294,1.305,1.2786,1.2522,1.2248,1.1975,1.1701,1.1437,1.1153,1.088,1.0626,1.044,1.0293,1.0137,1.001,0.99511,0.99804,1.0098,1.0303,1.0606,1.1007,1.1515,1.2121,1.2815,1.349,1.4164,1.4946,1.5787,1.6667,1.7566,1.8465,1.9365,2.0274,2.1193,2.2121,2.3021,2.3754,2.4379,2.5044,2.5679,2.6256,2.6735,2.7136,2.7449,2.7683,2.783,2.7879,2.7869,2.7791,2.7644,2.7439,2.7195,2.6931,2.6637,2.6325,2.6002,2.565,2.5298,2.4946,2.4585,2.4203,2.3832,2.346,2.305,2.262,2.219,2.1769,2.1349,2.0929,2.0518,2.0108,1.9687,1.9257,1.8827,1.8465,1.8123,1.7742,1.737,1.6989,1.6608,1.6217,1.5826,1.5445,1.5064,1.4692,1.4321,1.3998,1.3705,1.3363,1.3021,1.2678,1.2326,1.2004,1.1701,1.1427,1.1173,1.0958,1.0782,1.0655,1.0616,1.0665,1.0792,1.1017,1.1339,1.175,1.2258,1.2874,1.3587,1.436,1.5181,1.6041,1.6813,1.7546,1.8377,1.9247,2.0147,2.1046,2.1926,2.2786,2.3607,2.4379,2.5122,2.5816,2.6452,2.6921,2.7273,2.7615,2.7879,2.8055,2.8123,2.8104,2.8016,2.7869,2.7693,2.7468,2.7214,2.694,2.6637,2.6325,2.6002,2.565,2.5279,2.4888,2.4467,2.4027,2.3578,2.3128,2.2669,2.2219,2.1828,2.1457,2.1056,2.1222,2.1672,2.1681,2.1466,2.1144,2.0782,2.0411,2.0039,1.9658,1.9335,1.9032,1.868,1.8328,1.7977,1.7615,1.7263,1.6931,1.6598,1.6276,1.5953,1.563,1.5298,1.5044,1.4839,1.4585,1.4301,1.4018,1.3734,1.346,1.3206,1.2991,1.2796,1.2659,1.261,1.2669,1.2815,1.305,1.3392,1.3842,1.437,1.4976,1.563,1.6334,1.7067,1.782,1.8612,1.9433,2.0137,2.0782,2.1496,2.2229,2.2942,2.3627,2.4262,2.4848,2.5376,2.5846,2.6246,2.6569,2.6774,2.6882,2.695,2.695,2.6891,2.6774,2.6598,2.6373,2.6119,2.5836,2.5533,2.521,2.4868,2.4545,2.4223,2.3861,2.348,2.3089,2.2698,2.2307,2.1906,2.1486,2.1056,2.0606,2.0156,1.9775,1.9423,1.9022,1.8602,1.8182,1.7761,1.7351,1.695,1.6549,1.6168,1.5787,1.5406,1.5112,1.4848,1.4526,1.4184,1.3842,1.3519,1.3236,1.3001,1.2845,1.2786,1.2835,1.2991,1.3245,1.3548,1.391,1.434,1.4819,1.5337,1.5894,1.6471,1.7058,1.7654,1.826,1.8866,1.9453,1.9941,2.0371,2.0811,2.1222,2.1564,2.1838,2.2014,2.2102,2.2092,2.2023,2.1916,2.1789,2.1642,2.1496,2.1339,2.1153,2.0948,2.0723,2.0469,2.0215,1.9951,1.9677,1.9394,1.911,1.8807,1.8543,1.8299,1.8016,1.7722,1.7439,1.7146,1.6862,1.6588,1.6315,1.6041,1.5797,1.5562,1.5337,1.5161,1.5005,1.48,1.4565,1.433,1.4096,1.3871,1.3646,1.3431,1.3236,1.306,1.2884,1.2757,1.2659,1.2522,1.2356,1.2199,1.2053,1.1926,1.1818,1.172,1.1632,1.1544,1.1447,1.1349,1.13,1.1271,1.1183,1.1065,1.0948,1.0821,1.0694,1.0567,1.044,1.0303,1.0176,1.0068,1.0029,1.0039,1.0059,1.0137,1.0303,1.0567,1.0938,1.1437,1.2033,1.2717,1.35,1.437,1.5308,1.6168,1.7009,1.7967,1.8993,2.0059,2.1134,2.2219,2.3284,2.4321,2.5337,2.6315,2.7253,2.8016,2.8651,2.9326,2.9971,3.0567,3.1085,3.1505,3.1838,3.2082,3.2229,3.2278,3.2258,3.218,3.2023,3.1828,3.1623,3.1398,3.1144,3.086,3.0567,3.0254,2.9922,2.957,2.9198,2.8817,2.8436,2.8055,2.7644,2.7204,2.6764,2.6325,2.5894,2.5455,2.5015,2.4565,2.3783,2.2845,2.2199,2.174,2.1369,2.0997,2.0626,2.0264,1.9912,1.957,1.9238,1.8915,1.8602,1.8289,1.7967,1.7683,1.7429,1.7146,1.6852,1.6549,1.6256,1.5982,1.5728,1.5494,1.5259,1.5034,1.4829,1.4633,1.4497,1.4389,1.4282,1.4223,1.4233,1.434,1.4555,1.4868,1.5269,1.5748,1.6295,1.6891,1.7439,1.7977,1.8592,1.9267,1.998,2.0714,2.1457,2.219,2.2903,2.3578,2.4223,2.4858,2.5376,2.5826,2.6315,2.6804,2.7243,2.7586,2.784,2.8006,2.8084,2.8084,2.8016,2.7879,2.7693,2.7468,2.7214,2.6931,2.6628,2.6315,2.5992,2.565,2.5298,2.4927,2.4536,2.4125,2.3695,2.3294,2.2913,2.2512,2.2102,2.1681,2.1251,2.0831,2.0401,1.998,1.957,1.9169,1.8768,1.8377,1.8035,1.7722,1.738,1.7019,1.6657,1.6285,1.5914,1.5552,1.521,1.4868,1.4526,1.4184,1.391,1.3685,1.3402,1.3089,1.2786,1.2473,1.218,1.1906,1.1642,1.1388,1.1134,1.0909,1.0723,1.8025,1.8631,1.9247,1.9873,2.0508,2.1124,2.174,2.2346,2.2845,2.3284,2.3763,2.4262,2.4741,2.5191,2.5582,2.5904,2.6149,2.6305,2.6393,2.6413,2.6383,2.6295,2.6178,2.6041,2.5875,2.5689,2.5474,2.5249,2.5005,2.4751,2.4497,2.4223,2.3939,2.3666,2.3392,2.3109,2.2815,2.2522,2.2219,2.1916,2.1613,2.132,2.1026,2.0733,2.045,2.0205,1.999,1.9756,1.9531,1.9306,1.9081,1.8856,1.8622,1.8377,1.8133,1.7898,1.7664,1.7439,1.7263,1.7107,1.6931,1.6735,1.654,1.6334,1.6129,1.5914,1.5718,1.5543,1.5376,1.5239,1.5152,1.5103,1.5054,1.5034,1.5064,1.5142,1.5288,1.5494,1.5777,1.6149,1.6588,1.7097,1.7674,1.8201,1.8719,1.9326,1.999,2.0674,2.1369,2.2053,2.2727,2.3402,2.4066,2.4702,2.5308,2.5787,2.6188,2.6628,2.7067,2.7478,2.783,2.8104,2.8309,2.8436,2.8485,2.8426,2.8338,2.8201,2.7937,2.7732,2.7517,2.7283,2.7028,2.6764,2.65,2.6237,2.5982,2.5709,2.5425,2.5152,2.4731,2.4438,2.4135,2.3666,2.3353,2.304,2.2717,2.2395,2.2072,2.175,2.1427,2.1144,2.088,2.0606,2.0342,2.0078,1.9218,1.8055,1.7283,1.6716,1.6266,1.5846,1.5435,1.5103,1.48,1.4467,1.4135,1.3803,1.346,1.3138,1.2835,1.2561,1.2336,1.217,1.2092,1.2102,1.218,1.2326,1.2571,1.2923,1.3363,1.3891,1.4497,1.5161,1.5885,1.6676,1.7498,1.8358,1.911,1.9814,2.0626,2.1486,2.2356,2.3206,2.4037,2.4829,2.5572,2.6256,2.6891,2.7478,2.7986,2.8328,2.8543,2.8729,2.8847,2.8886,2.8827,2.869,2.8475,2.8211,2.7908,2.7586,2.7243,2.6891,2.653,2.6168,2.5797,2.5406,2.5024,2.4624,2.4203,2.3763,2.3314,2.2845,2.2366,2.1887,2.1457,2.1046,2.0587,2.0137,1.9697,1.9267,1.8847,1.8426,1.8006,1.7586,1.7146,1.6706,1.6334,1.5992,1.5621,1.5249,1.4868,1.4487,1.4115,1.3744,1.3372,1.3021,1.2678,1.2346,1.2014,1.173,1.1486,1.1222,1.0968,1.0714,1.0479,1.0303,1.0205,1.0176,1.0225,1.0362,1.0606,1.0909,1.1281,1.1769,1.2336,1.3001,1.3754,1.4565,1.5415,1.6285,1.7165,1.8045,1.8905,1.9746,2.0459,2.1075,2.174,2.2414,2.3079,2.3715,2.4291,2.4809,2.5249,2.5591,2.5806,2.5904,2.5894,2.5787,2.563,2.5415,2.5171,2.4907,2.4604,2.4282,2.3939,2.3597,2.3245,2.2874,2.2522,2.218,2.1799,2.1388,2.0948,2.0489,2.002,1.956,1.911,1.8671,1.824,1.7801,1.7351,1.696,1.6608,1.6227,1.5826,1.5425,1.5024,1.4604,1.4154,1.3705,1.3265,1.2835,1.2434,1.2111,1.1818,1.1466,1.1105,1.0743,1.0381,1.002,0.96481,0.92766,0.8915,0.85728,0.82698,0.80059,0.78495,0.7781,0.77517,0.78006,0.79374,0.81525,0.84653,0.88759,0.93744,0.99707,1.0635,1.1339,1.2004,1.2649,1.3363,1.4096,1.4829,1.5552,1.6256,1.694,1.7605,1.824,1.8827,1.9355,1.9795,2.0098,2.0303,2.0459,2.0538,2.0547,2.0489,2.0381,2.0225,2.002,1.9775,1.9501,1.9198,1.8905,1.8602,1.827,1.7928,1.7586,1.7253,1.6901,1.6549,1.6188,1.5806,1.5406,1.4985,1.4555,1.4203,1.3881,1.3509,1.3128,1.2747,1.2375,1.2033,1.1701,1.1378,1.1056,1.0733,1.042,1.0186,0.99804,0.97263,0.94721,0.9218,0.89638,0.87097,0.84555,0.82209,0.79863,0.77615,0.75464,0.80352,0.89247,0.93157,0.93939,0.93353,0.92082,0.90518,0.88856,0.86999,0.85239,0.83675,0.82307,0.81232,0.80938,0.81329,0.81818,0.82698,0.8436,0.86804,0.90225,0.94721,1.002,1.0665,1.1388,1.218,1.3021,1.3803,1.4545,1.5376,1.6246,1.7136,1.8035,1.8935,1.9814,2.0674,2.1505,2.2287,2.303,2.3636,2.4145,2.4682,2.5191,2.566,2.6061,2.6383,2.6598,2.6725,2.6755,2.6696,2.6569,2.6403,2.6197,2.5973,2.5728,2.5474,2.521,2.4946,2.4692,2.4438,2.4154,2.3851,2.3529,2.3196,2.2884,2.2561,2.2199,2.1828,2.1457,2.1095,2.0753,2.042,2.0088,1.9756,1.9413,1.9052,1.868,1.8358,1.8055,1.7732,1.7419,1.7116,1.6813,1.654,1.6295,1.6061,1.5846,1.567,1.5543,1.5484,1.5484,1.5543,1.5689,1.5924,1.6237,1.6628,1.7087,1.7595,1.8133,1.869,1.9267,1.9853,2.0362,2.0841,2.1378,2.1935,2.2473,2.2991,2.347,2.39,2.4262,2.4555,2.478,2.4917,2.4946,2.4897,2.4809,2.4682,2.4536,2.436,2.4154,2.392,2.3675,2.3402,2.3109,2.2796,2.2493,2.2199,2.1887,2.1554,2.1222,2.089,2.0557,2.0215,1.9883,1.956,1.9228,1.8886,1.8534,1.8231,1.7937,1.7605,1.7263,1.6921,1.6559,1.6207,1.5865,1.5543,1.5239,1.4936,1.4643,1.4409,1.4194,1.393,1.3646,1.3333,1.3021,1.2737,1.2463,1.2199,1.1965,1.176,1.1574,1.1378,1.1222,1.1085,1.0919,1.0733,1.0538,1.0332,1.0127,0.99218,0.97165,0.94917,0.92669,0.90225,0.88465,0.86999,0.85044,0.82991,0.81134,0.79668,0.7869,0.78397,0.78983,0.8045,0.826,0.8563,0.90714,0.95699,0.99804,1.0538,1.1212,1.1975,1.2796,1.3656,1.4536,1.5425,1.6305,1.7185,1.8035,1.8749,1.9394,2.0078,2.0753,2.1417,2.2043,2.262,2.3138,2.3607,2.3998,2.4311,2.4526,2.4643,2.4663,2.4614,2.4536,2.4418,2.4252,2.4057,2.3842,2.3607,2.3353,2.3079,2.2796,2.2493,2.2199,2.1916,2.1613,2.1281,2.0929,2.0547,2.0166,1.9785,1.9404,1.9032,1.868,1.8338,1.7977,1.7664,1.738,1.7067,1.6735,1.6403,1.6061,1.5718,1.5386,1.5073,1.477,1.4428,1.4125,1.3959,1.3793,1.3578,1.3333,1.306,1.2766,1.3069,1.3675,1.3822,1.3754,1.3597,1.3402,1.3196,1.306,1.2952,1.2796,1.2639,1.2493,1.2366,1.2278,1.2248,1.2278,1.2385,1.2581,1.2845,1.3148,1.3519,1.3988,1.4555,1.52,1.5914,1.6696,1.7537,1.8407,1.9286,2.0156,2.1017,2.1838,2.2522,2.3148,2.3842,2.4545,2.5239,2.5894,2.65,2.7038,2.7498,2.7879,2.8172,2.8358,2.8436,2.8446,2.8426,2.8368,2.827,2.8152,2.8006,2.784,2.7644,2.7429,2.7195,2.696,2.6706,2.6461,2.6217,2.5885,2.5582,2.5347,2.5054,2.4741,2.4418,2.4096,2.3773,2.346,2.3157,2.2893,2.263,2.2326,2.1975,2.1613,2.1251,2.0909,2.0587,2.0293,2.001,1.9726,1.9433,1.9198,1.8993,1.8739,1.8465,1.8201,1.7947,1.7683,1.741,1.7146,1.6872,1.6588,1.6295,1.6002,1.5787,1.5611,1.5425,1.5279,1.521,1.521,1.5288,1.5455,1.5699,1.6051,1.6481,1.6999,1.7517,1.8074,1.8739,1.9472,2.0235,2.1026,2.1828,2.2639,2.346,2.4311,2.5142,2.5934,2.6686,2.7458,2.8074,2.8534,2.9052,2.958,3.0059,3.0459,3.0762,3.0978,3.1114,3.1173,3.1163,3.1085,3.0958,3.0802,3.0626,3.0352,3.0088,2.9873,2.9599,2.9306,2.8993,2.8661,2.8319,2.7967,2.7625,2.7292,2.6931,2.6559,2.6168,2.5748,2.5337,2.4927,2.4526,2.4135,2.3754,2.3372,2.305,2.2757,2.2424,2.2063,2.1711,2.1388,2.1017,2.0694,2.0479,2.0283,2.0147,2.0098,2.0108,2.0137,2.0293,2.0499,2.0655,2.087,2.1183,2.1535,2.1818,2.2063,2.2287,2.2473,2.26,2.2688,2.2757,2.2776,2.2757,2.2727,2.2639,2.2493,2.2326,2.219,2.2023,2.1799,2.1564,2.1359,2.1173,2.0978,2.0772,2.0557,2.0342,2.0127,1.9912,1.9687,1.9453,1.9218,1.8964,1.8749,1.8553,1.8319,1.8084,1.784,1.7595,1.7361,1.7136,1.6911,1.6696,1.6481,1.6266,1.607,1.5924,1.5797,1.5621,1.5415,1.521,1.5005,1.4809,1.4624,1.4467,1.4321,1.4184,1.4037,1.393,1.3842,1.3715,1.3558,1.3412,1.3265,1.3118,1.2962,1.2815,1.2659,1.2512,1.2375,1.2248,1.218,1.2131,1.2023,1.1887,1.173,1.1564,1.1408,1.1251,1.1095,1.0938,1.0782,1.0635,1.045,1.0235,1.0049,0.98827,0.97361,0.96188,0.95503,0.95601,0.96676,0.98925,1.0215,1.0635,1.1144,1.1691,1.2287,1.3001,1.3803,1.4682,1.564,1.6647,1.7683,1.8729,1.9785,2.086,2.1945,2.2884,2.3724,2.4653,2.5591,2.652,2.7419,2.828,2.9091,2.9824,3.0469,3.1007,3.1417,3.172,3.1867,3.1906,3.1926,3.1896,3.1818,3.1701,3.1535,3.1339,3.1105,3.0831,3.0508,3.0176,2.9834,2.9492,2.913,2.8759,2.8387,2.8006,2.7615,2.7224,2.6833,2.6432,2.6022,2.5601,2.521,2.4848,2.4467,2.4076,2.3685,2.3304,2.2923,2.2532,2.2131,2.173,2.1329,2.0929,2.0547,2.0225,1.9922,1.9589,1.9257,1.8915,1.8583,1.8289,1.8006,1.7732,1.7468,1.7224,1.6989,1.6804,1.6647,1.6461,1.6266,1.607,1.5865,1.5679,1.5533,1.5435,1.5396,1.7224,1.7048,1.6901,1.6804,1.6755,1.6774,1.6872,1.7048,1.7322,1.7674,1.8094,1.8514,1.8964,1.9501,2.0098,2.0733,2.1388,2.2072,2.2776,2.349,2.4194,2.4878,2.5533,2.6061,2.652,2.7028,2.7537,2.8025,2.8475,2.8886,2.9238,2.9521,2.9736,2.9873,2.9941,2.9951,2.9902,2.9804,2.9707,2.9589,2.9433,2.9247,2.9042,2.8807,2.8543,2.828,2.8006,2.7722,2.7439,2.7165,2.6891,2.6598,2.6305,2.6012,2.5709,2.5396,2.5073,2.4741,2.4409,2.4096,2.3803,2.3529,2.3275,2.3021,2.2757,2.2493,2.2229,2.1965,2.1681,2.1388,2.1095,2.0802,2.0528,2.0293,2.0068,1.9824,1.957,1.9316,1.9052,1.8778,1.8495,1.824,1.7996,1.7771,1.7576,1.7419,1.7322,1.7273,1.7253,1.7292,1.741,1.7605,1.7889,1.825,1.869,1.9189,1.9746,2.0342,2.088,2.1398,2.2004,2.2649,2.3314,2.3988,2.4673,2.5347,2.6002,2.6637,2.7243,2.781,2.8338,2.8719,2.9003,2.9306,2.957,2.9765,2.9883,2.9932,2.9922,2.9873,2.9785,2.9658,2.9492,2.9286,2.9062,2.8817,2.8543,2.826,2.7967,2.7674,2.738,2.7087,2.6784,2.6481,2.6168,2.5855,2.5562,2.5279,2.4966,2.4643,2.4321,2.3998,2.3666,2.3333,2.2991,2.2649,2.2297,2.1945,2.1642,2.1349,2.1036,2.0704,2.0362,2.002,1.9668,1.9316,1.8964,1.8622,1.828,1.7937,1.7586,1.7302,1.7038,1.6745,1.6442,1.6139,1.5836,1.5562,1.5308,1.5073,1.4868,1.4702,1.4594,1.4555,1.4585,1.4673,1.4858,1.5132,1.5484,1.5914,1.6413,1.696,1.6725,1.6149,1.6285,1.6774,1.7331,1.7918,1.8631,1.9404,2.0186,2.0968,2.173,2.2473,2.3167,2.3803,2.436,2.4839,2.5181,2.5425,2.565,2.5816,2.5914,2.5943,2.5924,2.5836,2.5699,2.5503,2.5269,2.5024,2.4761,2.4487,2.4194,2.391,2.3627,2.3343,2.304,2.2727,2.2405,2.2053,2.1681,2.13,2.088,2.0489,2.0108,1.9687,1.9257,1.8847,1.8456,1.8065,1.7674,1.7292,1.6911,1.65,1.607,1.5689,1.5347,1.4966,1.4575,1.4223,1.391,1.3656,1.346,1.3324,1.3255,1.3284,1.3392,1.3607,1.3871,1.4203,1.4643,1.5161,1.5738,1.6354,1.7009,1.7693,1.8377,1.9052,1.9707,2.0332,2.085,2.13,2.1789,2.2268,2.2708,2.3099,2.3431,2.3675,2.3851,2.3949,2.3978,2.3939,2.3851,2.3715,2.3529,2.3333,2.3118,2.2884,2.2639,2.2375,2.2102,2.1828,2.1544,2.1232,2.0899,2.0587,2.0293,1.9971,1.9638,1.9286,1.8925,1.8553,1.8172,1.7791,1.741,1.7038,1.6676,1.6325,1.6022,1.5758,1.5464,1.5142,1.4819,1.4516,1.4213,1.391,1.3627,1.3363,1.3099,1.2825,1.261,1.2414,1.218,1.1945,1.172,1.1505,1.131,1.1114,1.0909,1.0694,1.0479,1.0264,1.0049,0.98827,0.97458,0.95699,0.93646,0.91398,0.8915,0.87097,0.85044,0.83089,0.81427,0.79765,0.78299,0.77615,0.77419,0.77322,0.77615,0.78788,0.81036,0.84555,0.8915,0.94917,1.0176,1.0948,1.1799,1.2717,1.3578,1.4428,1.5415,1.6481,1.7586,1.871,1.9834,2.0948,2.2023,2.3069,2.4066,2.5015,2.5777,2.6422,2.7116,2.7781,2.8377,2.8895,2.9316,2.9638,2.9863,3,3.0068,3.0068,2.999,2.9824,2.9609,2.9365,2.9101,2.8807,2.8495,2.8152,2.781,2.7458,2.7107,2.6745,2.6373,2.6012,2.564,2.5249,2.4829,2.4389,2.393,2.347,2.3011,2.2571,2.2131,2.1711,2.131,2.0919,2.0557,2.0215,1.9844,1.9453,1.9052,1.8641,1.8221,1.7791,1.737,1.696,1.6569,1.6178,1.5846,1.5543,1.521,1.4858,1.4516,1.4174,1.3842,1.3519,1.3216,1.2942,1.2688,1.2454,1.2248,1.2102,1.2004,1.1935,1.1916,1.1965,1.2121,1.2385,1.2747,1.3187,1.3715,1.4311,1.4976,1.5591,1.6188,1.6891,1.7928,1.9091,2.002,2.0811,2.1525,2.218,2.2796,2.3372,2.391,2.433,2.4663,2.4995,2.5298,2.5543,2.5709,2.5806,2.5826,2.5767,2.564,2.5455,2.522,2.4956,2.4692,2.4418,2.4145,2.3851,2.3539,2.3206,2.2854,2.2493,2.2111,2.1711,2.13,2.0899,2.0547,2.0215,1.9844,1.9443,1.9042,1.8651,1.827,1.7908,1.7546,1.7175,1.6804,1.6432,1.6061,1.5758,1.5484,1.5171,1.4839,1.4506,1.4174,1.3871,1.3578,1.3275,1.2972,1.2669,1.2366,1.2121,1.1916,1.1681,1.1447,1.1232,1.1007,1.0772,1.0518,1.0244,0.99804,0.97458,0.9521,0.93353,0.92375,0.92278,0.92669,0.93744,0.95797,0.98729,1.0244,1.0694,1.1222,1.1818,1.2473,1.3187,1.3851,1.4497,1.521,1.5953,1.6686,1.7429,1.8162,1.8876,1.955,2.0205,2.0811,2.1369,2.1867,2.2248,2.2561,2.2854,2.3118,2.3333,2.349,2.3568,2.3587,2.3548,2.346,2.3343,2.3196,2.305,2.2893,2.2717,2.2512,2.2278,2.2014,2.173,2.1447,2.1173,2.0899,2.0626,2.0371,2.0108,1.9863,1.9638,1.9394,1.912,1.8847,1.8573,1.828,1.7977,1.7674,1.737,1.7077,1.6794,1.6549,1.6344,1.6109,1.5855,1.5591,1.5318,1.5044,1.477,1.4506,1.4242,1.3988,1.3715,1.3441,1.3226,1.303,1.2805,1.2571,1.2346,1.2121,1.1896,1.1711,1.1544,1.1417,1.1349,1.1359,1.1457,1.1613,1.1838,1.2141,1.2522,1.2981,1.3509,1.4096,1.4731,1.5396,1.609,1.6794,1.7498,1.8123,1.87,1.9345,2.001,2.0684,2.1339,2.1984,2.259,2.3157,2.3675,2.4135,2.4526,2.479,2.4956,2.5073,2.5132,2.5142,2.5093,2.4995,2.4858,2.4702,2.4506,2.4291,2.4057,2.3812,2.3558,2.3314,2.304,2.2757,2.2454,2.2141,2.1818,2.1496,2.1173,2.0841,2.0508,2.0176,1.9873,1.9599,1.9306,1.9022,1.8739,1.8446,1.8143,1.784,1.7537,1.7243,1.696,1.6667,1.6422,1.6197,1.5943,1.567,1.5386,1.5103,1.4819,1.4526,1.4223,1.3939,1.3666,1.3392,1.3118,1.2893,1.2717,1.2522,1.2346,1.2199,1.2092,1.2033,1.2033,1.2102,1.2248,1.2473,1.2776,1.3109,1.349,1.3959,1.4497,1.5093,1.5748,1.6432,1.7126,1.783,1.8543,2.001,2.1906,2.3284,2.4272,2.5054,2.5846,2.6608,2.7322,2.7986,2.8573,2.9062,2.9453,2.9736,2.9912,2.998,2.9941,2.9814,2.9648,2.9453,2.9228,2.8983,2.8719,2.8436,2.8143,2.783,2.7498,2.7126,2.6725,2.6334,2.5943,2.5513,2.5083,2.4653,2.4223,2.3803,2.3402,2.2991,2.2571,2.2141,2.1691,2.13,2.0929,2.0528,2.0117,1.9717,1.9326,1.8935,1.8543,1.8172,1.7801,1.7419,1.7048,1.6696,1.6422,1.6188,1.5904,1.5611,1.5318,1.5005,1.4692,1.437,1.4037,1.3695,1.3363,1.303,1.2786,1.259,1.2375,1.217,1.2023,1.1945,1.1955,1.2053,1.2239,1.2512,1.2874,1.3324,1.3871,1.4428,1.5034,1.5758,1.6569,1.741,1.828,1.915,2,2.085,2.1672,2.2473,2.3245,2.3881,2.4438,2.5034,2.563,2.6178,2.6657,2.7038,2.7302,2.7458,2.7517,2.7498,2.7429,2.7331,2.7195,2.7028,2.6843,2.6628,2.6393,2.6119,2.5816,2.5503,2.5181,2.4848,2.4506,2.4145,2.3803,2.348,2.3099,2.2688,2.2278,2.1867,2.1466,2.1085,2.0704,2.0332,1.9951,1.956,1.9169,1.8827,1.8524,1.8192,1.7849,1.7507,1.7165,1.6833,1.651,1.6207,1.5885,1.5552,1.522,1.4956,1.4731,1.4457,1.4174,1.3891,1.3607,1.3333,1.3069,1.2825,1.2581,1.2336,1.2102,1.1867,1.1701,1.1584,1.1466,1.1408,1.1437,1.1564,1.1808,1.216,1.261,1.3148,1.3763,1.4448,1.5103,1.5777,1.6569,1.7419,1.8319,1.9228,2.0127,2.0997,2.1848,2.2669,2.3451,2.4203,2.4927,2.5513,2.6002,2.651,2.6979,2.74,2.7742,2.7996,2.8172,2.827,2.8309,2.8299,2.824,2.8123,2.7967,2.7781,2.7576,2.7351,2.7087,2.6804,2.651,2.6217,2.5924,2.564,2.5357,2.5083,2.4809,2.4497,2.4154,2.3783,2.3402,2.3021,2.262,2.2209,2.1799,2.1388,2.0958,2.0547,2.0205,1.9902,1.9589,1.9277,1.8954,1.8641,1.8338,1.8025,1.7713,1.7419,1.7155,1.694,1.6813,1.6755,1.6755,1.6833,1.6999,1.7234,1.7556,1.7967,1.8456,1.9022,1.9638,2.0303,2.0997,2.1623,2.2229,2.2913,2.3627,2.433,2.5034,2.5718,2.6373,2.6979,2.7527,2.7996,2.8387,2.8651,2.8817,2.8954,2.9042,2.9032,2.8944,2.8807,2.8602,2.8368,2.8123,2.7849,2.7566,2.7283,2.7009,2.6725,2.6413,2.607,2.5699,2.5298,2.4888,2.4487,2.4076,2.3646,2.3206,2.2776,2.2395,2.2033,2.1623,2.1202,2.0782,2.0362,1.9951,1.955,1.9159,1.8788,1.8426,1.8065,1.7722,1.7439,1.7185,1.6882,1.6569,1.6246,1.5924,1.563,1.5367,1.5122,1.4897,1.4682,1.4457,1.4301,1.4164,1.3978,1.3744,2.0391,2.0205,2.0029,1.9814,1.958,1.9335,1.9071,1.8798,1.8514,1.8211,1.7908,1.7615,1.7322,1.7019,1.6755,1.651,1.6237,1.5934,1.5611,1.5279,1.4946,1.4506,1.3988,1.3529,1.3109,1.2717,1.2405,1.2111,1.176,1.1388,1.1026,1.0684,1.0342,1.001,0.96872,0.93646,0.9042,0.87097,0.83578,0.80938,0.7869,0.75855,0.73021,0.70283,0.67644,0.65103,0.62561,0.6002,0.57674,0.55425,0.53177,0.51808,0.50831,0.49365,0.47703,0.46041,0.44184,0.42033,0.39785,0.37634,0.35484,0.33627,0.3216,0.31281,0.31769,0.33333,0.35288,0.38123,0.42229,0.47605,0.5435,0.62366,0.71554,0.81818,0.92864,1.044,1.1486,1.2483,1.3578,1.4721,1.5894,1.7077,1.825,1.9394,2.0499,2.1574,2.259,2.3548,2.433,2.4985,2.566,2.6305,2.6862,2.7302,2.7634,2.7869,2.8016,2.8084,2.8084,2.8035,2.7918,2.7742,2.7527,2.7283,2.7009,2.6696,2.6354,2.6002,2.564,2.5259,2.4858,2.4438,2.4008,2.3617,2.3245,2.2854,2.2434,2.2014,2.1584,2.1153,2.0743,2.0323,1.9883,1.9443,1.9013,1.8612,1.828,1.7967,1.7615,1.7263,1.6901,1.654,1.6178,1.5806,1.5435,1.5064,1.4692,1.433,1.4037,1.3793,1.3509,1.3206,1.2903,1.262,1.2326,1.2043,1.176,1.1476,1.1183,1.0909,1.0665,1.0518,1.045,1.043,1.0479,1.0635,1.0899,1.1281,1.176,1.2336,1.3011,1.3763,1.4594,1.5367,1.6129,1.6999,1.7928,1.8895,1.9863,2.0821,2.1789,2.2727,2.3656,2.4565,2.5425,2.6207,2.6813,2.7302,2.7781,2.8182,2.8485,2.869,2.8798,2.8817,2.8768,2.8671,2.8524,2.8338,2.8104,2.783,2.7517,2.7155,2.6764,2.6354,2.5934,2.5513,2.5112,2.4731,2.436,2.3978,2.3578,2.3196,2.2805,2.2346,2.1857,2.1369,2.0899,2.0479,2.0098,1.9746,1.9394,1.9032,1.8671,1.8348,1.8016,1.7625,1.7214,1.6784,1.6364,1.5963,1.5572,1.5191,1.4809,1.4438,1.4086,1.3763,1.3529,1.3353,1.3177,1.2991,1.2786,1.259,1.2405,1.2239,1.2111,1.2053,1.2063,1.217,1.2356,1.259,1.2893,1.3275,1.3724,1.4233,1.4819,1.5464,1.6158,1.6901,1.7664,1.8446,1.9247,1.9941,2.0587,2.13,2.2033,2.2796,2.3568,2.4321,2.5054,2.5748,2.6393,2.6979,2.7488,2.7849,2.8094,2.8299,2.8436,2.8475,2.8426,2.8319,2.8152,2.7908,2.7625,2.7312,2.696,2.6598,2.6256,2.6393,2.6764,2.6794,2.6657,2.6422,2.6139,2.5816,2.5455,2.5064,2.4653,2.4233,2.3861,2.3519,2.3148,2.2766,2.2385,2.2014,2.1642,2.1271,2.0899,2.0538,2.0176,1.9824,1.9541,1.9306,1.9052,1.8798,1.8573,1.8397,1.8289,1.825,1.827,1.8338,1.8456,1.8612,1.8807,1.9013,1.9218,1.9453,1.9697,1.9932,2.0147,2.0332,2.0489,2.0606,2.0684,2.0704,2.0674,2.0616,2.0528,2.0371,2.0196,2.001,1.9814,1.9619,1.9433,1.9257,1.9071,1.8876,1.8661,1.8456,1.8289,1.8143,1.7957,1.7742,1.7527,1.7302,1.7058,1.6813,1.6579,1.6344,1.61,1.5855,1.5679,1.5533,1.5347,1.5152,1.4976,1.48,1.4614,1.4418,1.4233,1.4057,1.3881,1.3715,1.3548,1.3421,1.3324,1.3206,1.3069,1.2933,1.2796,1.2649,1.2502,1.2366,1.2239,1.2131,1.2053,1.2033,1.2033,1.1984,1.1906,1.1808,1.1711,1.1632,1.1564,1.1505,1.1476,1.1447,1.1417,1.1388,1.1408,1.1437,1.1427,1.1398,1.1369,1.1339,1.131,1.1281,1.1251,1.1222,1.1193,1.1183,1.1232,1.131,1.1378,1.1476,1.1632,1.1857,1.217,1.2571,1.3079,1.3705,1.4438,1.5269,1.6178,1.7038,1.7889,1.8856,1.9902,2.1007,2.2131,2.3275,2.4438,2.5582,2.6716,2.782,2.8895,2.9775,3.0538,3.1369,3.2229,3.3069,3.3861,3.4594,3.5249,3.5806,3.6266,3.6608,3.6833,3.696,3.695,3.6852,3.6745,3.6618,3.6471,3.6285,3.608,3.5836,3.5562,3.5249,3.4907,3.4545,3.4174,3.3783,3.3392,3.2991,3.2571,3.2151,3.1711,3.1271,3.0831,3.0371,2.9922,2.9482,2.9052,2.8651,2.828,2.7898,2.7507,2.7107,2.6706,2.6315,2.5934,2.5552,2.5181,2.4809,2.4438,2.4096,2.3773,2.3431,2.306,2.2678,2.2317,2.1984,2.1662,2.1349,2.1056,2.0762,2.0489,2.0225,2.001,1.9814,1.9599,1.9404,1.9267,1.9189,1.9189,1.9267,1.9433,1.9707,2.0068,2.0508,2.0958,2.1437,2.2014,2.2649,2.3343,2.4086,2.4848,2.564,2.6442,2.7253,2.8055,2.8847,2.9609,3.0235,3.0762,3.1349,3.1945,3.2512,3.3021,3.347,3.3842,3.4125,3.4311,3.4399,3.4389,3.4272,3.4086,3.3891,3.3675,3.3441,3.3187,3.2913,3.262,3.0831,2.8299,2.6872,2.5992,2.5406,2.4956,2.4555,2.4184,2.3832,2.348,2.3128,2.2776,2.2424,2.2072,2.174,2.1427,2.1124,2.085,2.0587,2.0303,2.001,1.9717,1.9423,1.912,1.8817,1.8524,1.8231,1.7928,1.7625,1.737,1.7136,1.6882,1.6618,1.6354,1.607,1.5787,1.5503,1.522,1.4956,1.4702,1.4477,1.4272,1.4125,1.4018,1.392,1.3861,1.3842,1.3891,1.3998,1.4174,1.4438,1.477,1.5161,1.5601,1.6031,1.6461,1.696,1.7488,1.8045,1.8622,1.9208,1.9795,2.0381,2.0948,2.1496,2.2043,2.2571,2.3001,2.3363,2.3744,2.4115,2.4457,2.4741,2.4956,2.5103,2.5181,2.5191,2.5122,2.4995,2.4839,2.4643,2.4438,2.4213,2.3969,2.3715,2.3451,2.3167,2.2864,2.2551,2.2239,2.1926,2.1613,2.1329,2.1056,2.0753,2.043,2.0098,1.9765,1.9433,1.911,1.8788,1.8475,1.8152,1.784,1.7576,1.7331,1.7048,1.6755,1.6461,1.6168,1.5885,1.5601,1.5318,1.5044,1.478,1.4526,1.4272,1.4086,1.393,1.3734,1.3529,1.3304,1.3079,1.2854,1.263,1.2424,1.2239,1.2063,1.1906,1.1818,1.1789,1.1779,1.1808,1.1896,1.2053,1.2287,1.259,1.2962,1.3392,1.3881,1.4428,1.5015,1.5552,1.607,1.6657,1.7283,1.7928,1.8583,1.9247,1.9902,2.0538,2.1153,2.174,2.2287,2.2717,2.3069,2.3412,2.3734,2.4008,2.4203,2.434,2.4418,2.4457,2.4457,2.4409,2.433,2.4223,2.4086,2.392,2.3734,2.3539,2.3324,2.3109,2.2893,2.2669,2.2434,2.2199,2.1955,2.1701,2.1466,2.1251,2.1026,2.0782,2.0528,2.0264,1.999,1.9707,1.9423,1.915,1.8886,1.8631,1.8387,1.8172,1.7986,1.7771,1.7546,1.7312,1.7067,1.6823,1.6579,1.6344,1.6119,1.5904,1.5689,1.5513,1.5357,1.5161,1.4956,1.4741,1.4536,1.434,1.4164,1.3998,1.3861,1.3773,1.3754,1.3812,1.393,1.4106,1.436,1.4682,1.5054,1.5484,1.5963,1.6491,1.7058,1.7654,1.827,1.8895,1.9453,1.9961,2.0518,2.1075,2.1642,2.2209,2.2757,2.3294,2.3812,2.4301,2.4751,2.5132,2.5376,2.5533,2.565,2.5709,2.5709,2.566,2.5591,2.5494,2.5376,2.523,2.5064,2.4868,2.4653,2.4428,2.4203,2.4731,2.5611,2.5846,2.5748,2.5494,2.5152,2.478,2.4379,2.3969,2.3539,2.3148,2.2766,2.2356,2.1935,2.1515,2.1075,2.0635,2.0205,1.9785,1.9384,1.8974,1.8573,1.8182,1.7849,1.7556,1.7243,1.6921,1.6618,1.6354,1.6139,1.5992,1.5934,1.5982,1.6129,1.6383,1.6686,1.7038,1.7488,1.7986,1.8534,1.912,1.9726,2.0362,2.1017,2.1672,2.2317,2.2952,2.3568,2.4076,2.4516,2.5015,2.5513,2.5982,2.6393,2.6706,2.6921,2.7028,2.7038,2.695,2.6804,2.6618,2.6403,2.6168,2.5924,2.565,2.5357,2.5044,2.4731,2.4409,2.4086,2.3754,2.3412,2.305,2.2708,2.2366,2.1984,2.1574,2.1134,2.0684,2.0215,1.9746,1.9296,1.8876,1.8475,1.8094,1.7771,1.7488,1.7185,1.6852,1.65,1.6139,1.5758,1.5367,1.4956,1.4536,1.4125,1.3715,1.3314,1.2991,1.2717,1.2395,1.2063,1.173,1.1408,1.1085,1.0772,1.0459,1.0166,0.99022,0.96481,0.94721,0.93451,0.91496,0.89247,0.86706,0.83871,0.81036,0.78299,0.75562,0.72923,0.70674,0.68719,0.67351,0.67058,0.67449,0.68035,0.69208,0.71065,0.73803,0.77517,0.82209,0.87879,0.94624,1.0235,1.1085,1.1896,1.2688,1.3578,1.4526,1.5503,1.6491,1.7468,1.8436,1.9384,2.0293,2.1173,2.2014,2.2805,2.3451,2.3998,2.4565,2.5093,2.5552,2.5924,2.6197,2.6383,2.6481,2.6491,2.6432,2.6315,2.6139,2.5924,2.5689,2.5425,2.5142,2.4839,2.4506,2.4154,2.3773,2.3382,2.2981,2.2571,2.2151,2.1769,2.1417,2.1036,2.0635,2.0225,1.9814,1.9423,1.9052,1.869,1.8319,1.7957,1.7586,1.7263,1.696,1.6618,1.6285,1.5963,1.566,1.5386,1.5112,1.4858,1.4604,1.435,1.4076,1.3851,1.3656,1.3421,1.3177,1.2942,1.2708,1.2463,1.2219,1.1984,1.176,1.1544,1.1349,1.1173,1.1065,1.1007,1.0968,1.0958,1.1017,1.1163,1.1388,1.1691,1.2102,1.259,1.3167,1.3812,1.4438,1.5073,1.5797,1.6569,1.7361,1.8162,1.8974,1.9804,2.0645,2.1486,2.2307,2.3089,2.3822,2.4409,2.4897,2.5415,2.5904,2.6325,2.6657,2.6891,2.7038,2.7107,2.7097,2.7028,2.6911,2.6764,2.6588,2.6383,2.6158,2.5914,2.565,2.5357,2.5044,2.4702,2.5073,2.5797,2.5973,2.5855,2.564,2.5357,2.5015,2.4643,2.4262,2.3871,2.348,2.3089,2.2688,2.2297,2.1896,2.1486,2.1134,2.0811,2.0459,2.0098,1.9726,1.9355,1.8993,1.8631,1.827,1.7898,1.7537,1.7195,1.6882,1.6647,1.6471,1.6266,1.609,1.5953,1.5875,1.5846,1.5865,1.5934,1.6041,1.6188,1.6364,1.6549,1.6735,1.6911,1.7087,1.7263,1.7429,1.7566,1.7654,1.7683,1.7683,1.7664,1.7625,1.7566,1.7537,1.7507,1.7429,1.7331,1.7224,1.7116,1.6999,1.6891,1.6784,1.6676,1.6549,1.6413,1.6315,1.6237,1.6109,1.5953,1.5787,1.5621,1.5455,1.5298,1.5161,1.5034,1.4897,1.4761,1.4614,1.4526,1.4457,1.435,1.4223,1.4096,1.3988,1.39,1.3832,1.3763,1.3695,1.3636,1.3597,1.3607,1.3646,1.3656,1.3666,1.3666,1.3685,1.3754,1.3881,1.4066,1.434,1.4692,1.5132,1.564,1.6139,1.6647,1.7234,1.7889,1.8602,1.9365,2.0156,2.0978,2.1808,2.263,2.3431,2.4203,2.4848,2.5406,2.5992,2.6549,2.7058,2.7498,2.7889,2.8201,2.8446,2.8612,2.871,2.8749,2.8739,2.868,2.8612,2.8543,2.8475,2.8397,2.8309,2.8201,2.8084,2.7957,2.7801,2.7625,2.7429,2.7224,2.7009,2.6784,2.654,2.6276,2.6002,2.5709,2.5406,2.5112,2.4819,2.4526,2.4233,2.3959,2.3715,2.35,2.3255,2.2991,2.2708,2.2424,2.2121,2.1808,2.1505,2.1202,2.0919,2.0665,2.0469,2.0303,2.0088,1.9863,1.9619,1.9355,1.9081,1.8798,1.8524,1.827,1.8035,1.7801,1.7625,1.7478,1.7292,1.7097,1.6901,1.6706,1.65,1.6295,1.61,1.5914,1.5738,1.5562,1.5386,1.5259,1.5152,1.5005,1.4839,1.4663,1.4487,1.4301,1.4135,1.3978,1.3803,1.3627,1.346,1.3363,1.3304,1.3226,1.3167,1.3138,1.3167,1.3255,1.3431,1.3695,1.4057,1.4516,1.5083,1.5748,1.6422,1.7136,1.7986,1.8935,1.9941,2.0958,2.1975,2.3001,2.4037,2.5064,2.608,2.7087,2.7937,2.869,2.9531,3.0401,3.1261,3.2072,3.2835,3.3519,3.4115,3.4614,3.5005,3.5288,3.5474,3.5523,3.5464,3.5367,3.523,3.5054,3.4839,3.4585,3.4311,3.4008,3.3675,3.3324,3.2942,3.2551,3.217,3.176,3.0049,2.7703,2.6315,2.5396,2.4721,2.4184,2.3705,2.3265,2.2845,2.2434,2.2063,2.1711,2.1339,2.0958,2.0567,2.0166,1.9765,1.9355,1.8954,1.8573,1.8192,1.782,1.7517,1.7234,1.6921,1.6588,1.6256,1.5924,1.5601,1.5279,1.4956,1.4633,1.4301,1.3978,1.3666,1.3431,1.3226,1.2981,1.2717,1.2473,1.2248,1.2063,1.1916,1.1828,1.1818,1.1906,1.2082,1.2317,1.261,1.2981,1.3431,1.3949,1.4545,1.52,1.5904,1.6647,1.7419,1.8201,1.8993,1.9775,2.044,2.1046,2.173,2.2444,2.3157,2.3861,2.4536,2.5161,2.5718,2.6197,2.6608,2.6931,2.7136,2.7253,2.7361,2.7419,2.7419,2.7351,2.7224,2.7058,2.6843,2.6608,2.6354,2.608,2.5797,2.5503,2.522,2.4907,2.4585,2.4252,2.391,2.3548,2.3177,2.2796,2.2414,2.2023,2.1642,2.131,2.0987,2.0645,2.0293,1.9932,1.9589,1.9247,1.8895,1.8543,1.8192,1.782,1.7458,1.7087,1.6784,1.651,1.6217,1.5924,1.564,1.5367,1.5112,1.4858,1.4594,1.4321,1.4057,1.3793,1.3587,1.3412,1.3216,1.303,1.2874,1.2757,1.2688,1.2688,1.2786,1.2972,1.3255,1.3627,1.4018,1.4448,1.4976,1.5562,1.6207,1.6891,1.7605,1.8328,1.9081,1.9844,2.0606,2.1378,2.216,2.2825,2.3431,2.4096,2.477,2.5415,2.6031,2.6588,2.7077,2.7488,2.782,2.8074,2.8221,2.824,2.8172,2.8065,2.7918,2.7742,2.7527,2.7292,2.7038,2.6755,2.6452,2.6129,2.5806,2.5474,2.5142,2.4819,2.4477,2.4115,2.3754,2.3382,2.3001,2.262,2.2248,2.1877,2.1505,2.1114,2.0762,2.044,2.0088,1.9726,1.9374,1.9022,1.8671,1.8319,1.7977,1.7634,1.7302,1.697,1.6628,1.6344,1.609,1.5806,1.5503,1.52,1.4927,1.4653,1.4389,1.4145,1.3891,1.3636,1.3382,1.3196,1.306,1.2913,1.2786,1.2717,1.2708,1.2766,1.2903,1.3118,1.3412,1.3783,1.4223,1.4751,1.5279,1.5816,1.6432,1.7097,1.781,1.8553,1.9296,2.0039,2.0782,2.1515,2.2219,2.2874,2.3402,2.3861,2.436,2.4839,2.5279,2.566,2.5973,2.6188,2.6315,2.6354,2.6315,2.6197,2.6022,2.5806,2.5562,2.5288,2.4985,2.4663,2.4321,2.3959,2.3597,2.3236,2.2972,2.2737,2.2395,2.2033,2.1662,2.1232,2.0762,2.0254,1.9736,1.9218,1.871,1.8201,1.7703,1.7204,1.6696,1.6197,1.5787,1.5415,1.5005,1.4575,1.4154,1.3734,1.3333,1.2942,1.2542,1.2131,1.172,1.132,1.1007,1.0753,1.045,1.0127,0.97849,0.94428,0.91105,0.87879,0.84751,0.81916,0.79472,0.77126,0.74976,0.73803,0.73412,0.73118,0.73509,0.74878,0.77322,0.80938,0.85728,0.91593,0.9824,1.0567,1.1369,1.2121,1.2874,1.3715,1.4614,1.5552,1.651,1.7468,1.8426,1.9374,2.0293,2.1173,2.2014,2.2805,2.3431,2.3939,2.4457,2.4936,2.5347,2.5679,2.5924,2.607,2.6129,2.6109,2.6031,2.5904,2.5738,2.5543,2.5337,2.5103,2.4819,2.4516,2.4184,2.3832,2.346,2.3079,2.2698,2.2297,2.1887,2.1515,2.1163,2.0792,2.0391,1.998,1.955,1.911,1.8671,1.824,1.782,1.741,1.7009,1.6676,1.6373,1.6041,1.5718,1.5396,1.5083,1.478,1.4467,1.4145,1.3812,1.347,1.3138,1.2893,1.2678,1.2424,1.216,1.1887,1.1613,1.1339,1.1085,1.086,1.0665,1.0499,1.0391,1.0381,1.0479,1.0665,1.0938,1.13,1.174,1.2287,1.2933,1.3656,1.4457,1.5337,1.6256,1.7204,1.8035,1.8807,1.9658,2.0528,2.1398,2.2248,2.3089,2.393,2.477,2.5582,2.6325,2.7009,2.7625,2.8055,2.8358,2.8631,2.8837,2.8944,2.8954,2.8886,2.8739,2.8534,2.828,2.7986,2.7674,2.7351,2.7019,2.6676,2.6315,2.5943,2.5562,2.5152,2.4721,2.4282,2.3822,2.3363,2.2884,2.2395,2.1945,2.1525,2.1075,2.0616,2.0166,1.9736,1.9306,1.8876,1.8436,1.8016,1.7605,1.7195,1.6862,1.6549,1.6207,1.5865,1.5533,1.5249,1.5034,1.4897,1.4839,1.4868,1.5015,1.5259,1.5591,1.5953,1.6354,1.6852,1.7419,1.8035,1.8671,1.9316,1.9971,2.0616,2.1232,2.1808,2.2356,2.2786,2.3128,2.347,2.3763,2.3998,2.4164,2.4252,2.4262,2.4213,2.4115,2.3978,2.3803,2.3597,2.3392,2.3177,2.2923,2.2649,2.2336,2.1994,2.1623,2.1241,2.085,2.0469,2.0098,1.9717,1.9374,1.9052,1.87,1.8319,1.7918,1.7517,1.7116,1.6706,1.6285,1.5875,1.5464,1.5064,1.4673,1.435,1.4066,1.3754,1.4018,1.4594,1.4751,1.4702,1.4545,1.434,1.4096,1.3822,1.3539,1.3324,1.3138,1.2923,1.2708,1.2493,1.2287,1.2082,1.1887,1.1691,1.1496,1.1281,1.1056,1.0841,1.0694,1.0587,1.043,1.0254,1.0059,0.98729,0.9697,0.95308,0.93744,0.92375,0.91202,0.90127,0.89932,0.90323,0.91007,0.92375,0.94526,0.97556,1.0156,1.0665,1.1271,1.1965,1.2757,1.3617,1.4516,1.5347,1.6129,1.6989,1.7889,1.8798,1.9707,2.0606,2.1476,2.2317,2.3128,2.3891,2.4624,2.521,2.5689,2.6178,2.6608,2.696,2.7224,2.739,2.7458,2.7458,2.738,2.7253,2.7077,2.6872,2.6657,2.6422,2.6178,2.5924,2.564,2.5347,2.5024,2.4673,2.4321,2.3969,2.3607,2.3236,2.2893,2.2571,2.2219,2.1848,2.1466,2.1075,2.0665,2.0264,1.9863,1.9482,1.911,1.8759,1.8456,1.8192,1.7898,1.7586,1.7273,1.697,1.6657,1.6344,1.6031,1.5709,1.5396,1.5103,1.4809,1.4575,1.4379,1.4145,1.3881,1.3617,1.3353,1.3089,1.2835,1.2571,1.2317,1.2053,1.1808,1.1652,1.1564,1.1496,1.1476,1.1525,1.1652,1.1857,1.2131,1.2483,1.2913,1.3412,1.3988,1.4643,1.5269,1.5894,1.6618,1.739,1.8182,1.8974,1.9765,2.0528,2.1261,2.1984,2.2688,2.3353,2.3891,2.435,2.4819,2.5259,2.563,2.5943,2.6188,2.6364,2.6481,2.654,2.653,2.6461,2.6325,2.6149,2.5953,2.5728,2.5494,2.5259,2.5005,2.4741,2.4457,2.4154,2.3832,2.3509,2.3177,2.2864,2.2571,2.2248,2.1916,2.1584,2.1261,2.0938,2.0626,2.0323,2.0029,1.9726,1.9413,1.9101,1.8827,1.8573,1.828,2.654,2.6442,2.6285,2.609,2.5855,2.5582,2.5279,2.4966,2.4653,2.433,2.4018,2.3705,2.3363,2.3001,2.263,2.2268,2.1906,2.1525,2.1124,2.0704,2.0274,1.9824,1.9374,1.8993,1.8661,1.8319,1.7977,1.7634,1.7283,1.6911,1.6549,1.6188,1.5826,1.5474,1.5132,1.4848,1.4604,1.433,1.4047,1.3744,1.3421,1.3099,1.2796,1.2502,1.2229,1.1975,1.1711,1.1466,1.13,1.1153,1.0948,1.0714,1.0479,1.0244,1.002,0.97947,0.95699,0.93646,0.91887,0.90518,0.90323,0.91007,0.9218,0.9433,0.97556,1.0166,1.0684,1.131,1.2033,1.2854,1.3763,1.4761,1.5699,1.6598,1.7615,1.868,1.9775,2.088,2.1984,2.3089,2.4164,2.521,2.6217,2.7185,2.8094,2.8798,2.9365,2.9951,3.0499,3.0968,3.1329,3.1574,3.1691,3.1701,3.1623,3.1466,3.1251,3.0978,3.0665,3.0332,2.9971,2.9589,2.9189,2.8768,2.8348,2.7928,2.7488,2.7038,2.6569,2.608,2.5601,2.5152,2.4673,2.4184,2.3685,2.3177,2.2669,2.217,2.1691,2.1232,2.0772,2.0303,1.9892,1.9501,1.9081,1.8661,1.824,1.781,1.737,1.6931,1.6491,1.607,1.5679,1.5327,1.4985,1.4702,1.4545,1.4418,1.4203,1.3939,1.3646,1.3343,1.306,1.2796,1.2561,1.2385,1.2278,1.2258,1.2317,1.2434,1.263,1.2913,1.3275,1.3734,1.4282,1.4897,1.5582,1.6325,1.7107,1.7918,1.8641,1.9316,2.0049,2.0802,2.1535,2.2239,2.2933,2.3617,2.4272,2.4888,2.5464,2.5982,2.6344,2.6588,2.6794,2.6931,2.6989,2.695,2.6843,2.6676,2.6461,2.6207,2.5934,2.5621,2.5279,2.4936,2.4594,2.4213,2.3812,2.3402,2.2991,2.259,2.219,2.1779,2.1359,2.0919,2.0469,2.0059,1.9668,1.9247,1.8807,1.8377,1.7977,1.7576,1.7175,1.6774,1.6364,1.5943,1.5533,1.5132,1.48,1.4516,1.4203,1.3871,1.3539,1.3216,1.2893,1.2571,1.2248,1.1935,1.1623,1.131,1.1065,1.086,1.0616,1.0352,1.0078,0.98143,0.95894,0.94037,0.92766,0.9218,0.92473,0.93646,0.95797,0.98631,1.0215,1.0655,1.1173,1.176,1.2424,1.3138,1.39,1.4712,1.5543,1.6393,1.7243,1.7986,1.8671,1.9423,2.0176,2.0899,2.1593,2.2248,2.2854,2.3402,2.3871,2.4272,2.4585,2.48,2.4888,2.4888,2.4829,2.4712,2.4555,2.437,2.4164,2.3949,2.3705,2.3441,2.3157,2.2845,2.2551,2.2248,2.1906,2.1554,2.1183,2.0802,2.042,2.0039,1.9658,1.9296,1.8944,1.8592,1.824,1.7928,1.7634,1.7292,1.6931,1.6569,1.6227,1.5894,1.5582,1.5269,1.4946,1.4633,1.4311,1.4037,1.3793,1.35,1.3196,1.2884,1.259,1.2317,1.2082,1.1867,1.1691,1.1544,1.1457,1.1457,1.1554,1.172,1.1975,1.2307,1.2717,1.3216,1.3783,1.4399,1.5064,1.5777,1.653,1.7302,1.7977,1.8602,1.9286,1.999,2.0684,2.1359,2.2014,2.262,2.3196,2.3724,2.4184,2.4565,2.4809,2.4946,2.5034,2.5054,2.5024,2.4956,2.4839,2.4692,2.4506,2.4291,2.4047,2.3763,2.3451,2.3138,2.2835,2.2512,2.219,2.1867,2.1544,2.1222,2.089,2.0528,2.0156,1.9795,1.9433,1.913,1.8847,1.8543,1.8231,1.7908,1.7556,1.7195,1.6823,1.6461,1.6119,1.5806,1.5503,1.521,1.4966,1.4741,1.4477,1.4184,1.3891,1.3587,1.3294,1.3001,1.2717,1.2454,1.2199,1.1965,1.1818,1.173,1.1672,1.1691,1.1789,1.1975,1.2268,1.2659,1.349,1.4594,1.5533,1.6413,1.7283,1.8055,1.8788,1.9609,2.0499,2.1417,2.2346,2.3275,2.4174,2.5044,2.5875,2.6676,2.7429,2.8016,2.8495,2.8974,2.9404,2.9765,3.002,3.0186,3.0254,3.0225,3.0108,2.9941,2.9736,2.9472,2.9179,2.8856,2.8504,2.8123,2.7713,2.7283,2.6843,2.6413,2.5992,2.5552,2.5093,2.4604,2.4164,2.3763,2.3333,2.2893,2.2444,2.1994,2.1535,2.1095,2.0655,2.0215,1.9785,1.9355,1.8925,1.8553,1.8231,1.7889,1.7527,1.7175,1.6813,1.6452,1.61,1.5758,1.5406,1.5044,1.4682,1.4399,1.4184,1.393,1.3646,1.3363,1.3079,1.2786,1.2502,1.2229,1.1955,1.1681,1.1427,1.1183,1.1017,1.089,1.0704,1.0508,1.0332,1.0176,1.0068,1.002,1.0039,1.0137,1.0323,1.0616,1.0978,1.1417,1.1975,1.263,1.3363,1.4174,1.5054,1.5992,1.696,1.7957,1.8964,1.999,2.1007,2.1877,2.2659,2.3509,2.4389,2.5279,2.6139,2.696,2.7722,2.8416,2.9032,2.955,2.9951,3.0176,3.0274,3.0313,3.0283,3.0196,3.0029,2.9814,2.955,2.9228,2.8856,2.8446,2.8035,2.7634,2.7243,2.6823,2.6393,2.5943,2.5484,2.5005,2.4526,2.4047,2.3548,2.305,2.2561,2.2082,2.1652,2.1241,2.0802,2.0352,1.9902,1.9453,1.9003,1.8573,1.8152,1.7742,1.7331,1.694,1.6618,1.6344,1.6022,1.566,1.5288,1.4917,1.4555,1.4203,1.3851,1.3509,1.3187,1.2854,1.2532,1.2297,1.2102,1.1857,1.1593,1.1329,1.1095,1.089,1.0733,1.0645,1.0645,1.0753,1.0948,1.1222,1.1564,1.2014,1.2551,1.3167,1.3851,1.4604,1.5406,1.6256,1.7136,1.8025,1.8915,1.9785,2.0538,2.1222,2.1965,2.2717,2.3451,2.4154,2.4819,2.5425,2.5963,2.6422,2.6774,2.7028,2.7165,2.7195,2.7165,2.7067,2.6931,2.6755,2.6549,2.6305,2.6031,2.5728,2.5396,2.5044,2.4682,2.433,2.3988,2.3607,2.3226,2.2845,2.2463,2.2082,2.1691,2.1281,2.085,2.043,2.001,1.9638,1.9296,1.8925,1.8534,1.8162,1.7801,1.7458,1.7136,1.6804,1.6471,1.6149,1.5826,1.5503,1.5269,1.5064,1.4809,1.4545,1.4272,1.3998,1.3715,1.3441,1.3177,1.2923,1.2659,1.2405,1.2229,1.2102,1.1955,1.1828,1.173,1.1672,1.1681,1.1769,1.1935,1.2209,1.26,1.3109,1.3705,1.4301,1.4927,1.567,1.6491,1.7361,1.826,1.9189,2.0127,2.1085,2.2043,2.2991,2.39,2.4653,2.5327,2.6061,2.6794,2.7488,2.8123,2.868,2.914,2.9511,2.9765,2.9922,2.998,2.9961,2.9863,2.9707,2.9531,2.9335,2.912,2.8876,2.8602,2.8299,2.7957,2.7586,2.7204,2.6823,2.6471,2.6129,2.5787,2.5435,2.5064,2.4682,2.4262,2.3832,2.3382,2.2942,2.2522,2.2121,2.172,2.1369,2.1046,2.0694,2.0323,1.9941,1.955,1.9159,1.8788,1.8426,1.8074,1.7732,1.738,1.7087,1.6813,1.6491,1.6178,1.5865,1.5543,1.522,1.4907,1.4594,1.4311,1.4057,1.3832,1.3646,1.3539,1.3509,1.3519,1.3607,1.3783,1.4057,1.4428,1.4888,1.5445,1.609,1.6804,1.7586,1.8309,1.9003,1.9804,2.0665,2.1544,2.2414,2.3284,2.4154,2.5024,2.5875,2.6686,2.7449,2.8045,2.8524,2.9013,2.9462,2.9844,3.0127,3.0313,3.0411,3.0411,3.0342,3.0215,3.0029,2.9795,2.9531,2.9247,2.8925,2.8583,2.8221,2.784,2.7449,2.7038,2.6618,2.6188,2.5758,2.5327,2.4927,2.4555,2.4154,2.3763,2.3363,2.2942,2.2512,2.2063,2.1613,2.1163,2.0733,2.0313,1.9902,1.955,1.9238,1.8895,1.8543,1.8182,1.781,1.7439,1.7067,1.6696,1.6334,1.5992,1.565,1.5367,1.5132,1.4858,1.4565,1.4282,1.3998,1.3724,1.348,1.3265,1.3089,1.2952,1.2874,1.2864,1.2942,1.3099,1.3343,1.3685,1.4115,1.4643,1.5259,1.5943,1.6706,1.7527,1.8397,1.9296,2.0088,2.0831,2.1652,2.2502,2.3343,2.4174,2.4966,2.5728,2.6452,2.7136,2.7781,2.8358,2.8856,2.9179,2.9374,2.9521,2.958,2.9531,2.9394,2.9208,2.8964,2.869,2.8387,2.8055,2.7703,2.7361,2.7009,2.6628,2.6227,2.5816,2.5396,2.4956,2.4506,2.4027,2.3529,2.303,2.2532,2.2043,2.1623,2.1251,2.085,2.043,2.001,1.957,1.913,1.869,1.826,1.782,1.738,1.695,1.6588,1.6266,1.5904,1.5533,1.5171,1.48,1.4448,1.4125,1.3832,1.3587,1.3412,1.3314,1.3314,1.3412,1.3597,1.3871,1.4233,1.4682,1.52,1.5777,1.6413,1.6774,1.7019,1.7537,1.8192,1.8807,1.9404,2.0068,2.0753,2.1437,2.2102,2.2727,2.3314,2.3822,2.4233,2.4536,2.4731,2.4829,2.4829,2.4761,2.4653,2.4506,2.433,2.4115,2.3871,2.3597,2.3284,2.2942,2.2581,2.2199,2.1848,2.1525,2.1173,2.0792,2.0391,1.999,1.958,1.9159,1.8729,1.8289,1.7849,1.74,1.695,1.6588,1.6256,1.5894,1.5513,1.5142,1.477,1.4399,1.4027,1.3666,1.3304,1.2952,1.262,1.2356,1.2131,1.1857,1.1574,1.1271,1.0978,1.0704,1.044,1.0196,0.99707,0.97654,0.95601,0.93646,0.92278,0.913,0.89834,0.8827,0.86804,0.85239,0.83675,0.82014,0.80156,0.78299,0.76735,0.75269,0.74585,0.74487,0.74389,0.74878,0.76051,0.78006,0.81134,0.85337,0.90714,0.97263,1.0479,1.1329,1.217,1.304,1.4057,1.5152,1.6305,1.7468,1.8631,1.9804,2.0958,2.2082,2.3187,2.4282,2.5347,2.6217,2.697,2.7771,2.8563,2.9306,2.9971,3.0528,3.0987,3.132,3.1505,3.1593,3.1593,3.1496,3.1339,3.1163,3.0968,3.0753,3.0499,3.0205,2.9873,2.9511,2.912,2.871,2.828,2.782,2.737,2.6921,2.6442,2.5934,2.5425,2.4917,2.4418,2.3939,2.346,2.2972,2.2502,2.2043,2.1642,2.1261,2.085,2.043,2.001,1.957,1.913,1.868,1.825,1.784,1.7439,1.7067,1.6706,1.6403,1.6139,1.5836,1.5513,1.5171,1.4829,1.4477,1.4125,1.3783,1.3441,1.3118,1.2815,1.259,1.2444,1.2336,1.2297,1.2346,1.2493,1.2737,1.3079,1.3509,1.4027,1.4624,1.5318,1.61,1.6833,1.7537,1.8348,1.9238,2.0156,2.1095,2.2053,2.3011,2.3949,2.4858,2.5728,2.6549,2.7185,2.7713,2.827,2.8778,2.9218,2.957,2.9814,2.9961,3.001,2.9961,2.9844,2.9668,2.9433,2.915,2.8827,2.8485,2.8123,2.7732,2.7312,2.6872,2.6413,2.5953,2.5494,2.5044,2.4594,2.4184,2.3793,2.3353,2.2884,2.2405,2.1935,2.1476,2.1007,2.0528,2.0049,1.958,1.911,1.8641,1.825,1.7908,1.7537,1.7165,1.6794,1.6422,1.6041,1.565,1.5269,1.4888,1.4526,1.4164,1.3881,1.3636,1.3343,1.3021,1.2717,1.2405,1.2102,1.1808,1.1535,1.129,1.1095,1.0958,1.0909,1.0968,1.1105,1.1789,1.2776,1.346,1.4037,1.4594,1.5181,1.5826,1.652,1.7243,1.7996,1.8651,1.9257,1.9951,2.0684,2.1427,2.219,2.2952,2.3685,2.4389,2.5054,2.566,2.6197,2.6657,2.6979,2.7195,2.738,2.7488,2.7517,2.7498,2.7439,2.7331,2.7175,2.6979,2.6745,2.6471,2.6188,2.5894,2.5572,2.522,2.4858,2.4497,2.4115,2.3724,2.3314,2.2884,2.2444,2.2004,2.1574,2.1212,2.087,2.0489,2.0088,1.9697,1.9316,1.8944,1.8583,1.8221,1.7859,1.7507,1.7155,1.6852,1.6579,1.6266,1.5943,1.5611,1.5298,1.4985,1.4682,1.4379,1.4086,1.3793,1.3519,1.3304,1.3128,1.2913,1.2688,1.2444,1.2199,1.1965,1.174,1.1535,1.1378,1.1281,1.1261,1.132,1.1457,1.1672,1.1955,1.2297,1.2717,1.3206,1.3754,1.436,1.5015,1.5709,1.6452,1.7224,1.7908,1.8524,1.9198,1.9883,2.0547,2.1193,2.1799,2.2366,2.2913,2.3431,2.393,2.437,2.4731,2.4956,2.5073,2.5132,2.5122,2.5054,2.4946,2.48,2.4614,2.4389,2.4145,2.3881,2.3597,2.3324,2.305,2.2757,2.2444,2.2111,2.176,2.1398,2.1046,2.0694,2.0352,2.001,1.9668,1.9326,1.9032,1.8759,1.8456,1.8123,1.7781,1.7439,1.7097,1.6745,1.6403,1.607,1.5748,1.5435,1.5191,1.4985,1.4741,1.4487,1.4242,1.3988,1.3724,1.3451,1.3187,1.2933,1.2678,1.2424,1.218,1.2004,1.1857,1.1672,1.1476,1.129,1.1124,1.1007,1.0948,1.0968,1.1075,1.1281,1.1564,1.1877,1.2248,1.2708,1.3265,1.39,1.4585,1.5327,1.6109,1.6911,1.7742,1.8583,1.9413,2.0235,2.0929,2.1554,2.2248,2.2952,2.3646,2.4301,2.4927,2.5503,2.6012,2.6422,2.6735,2.696,2.7067,2.7087,2.7048,2.697,2.6862,2.6725,2.6569,2.6393,2.6207,2.6002,2.5787,2.5552,2.5288,2.5024,2.4741,2.4428,2.4096,2.3744,2.3382,2.3011,2.2649,2.2297,2.1945,2.1603,2.1271,2.0987,2.0723,2.042,2.0108,1.9785,1.9453,1.911,1.8778,1.8446,1.8133,1.783,1.7527,1.7224,1.697,1.6745,1.6491,1.6246,1.6031,1.5865,1.5758,1.5728,1.5787,1.5924,1.6129,1.6413,1.6706,1.7058,1.7498,1.8016,1.8583,1.9189,1.9824,2.0469,2.1124,2.2141,2.3372,2.4389,2.5288,2.5982,2.6559,2.7175,2.7781,2.8338,2.8817,2.9208,2.9501,2.9677,2.9746,2.9726,2.9629,2.9472,2.9267,2.9032,2.8759,2.8465,2.8172,2.7859,2.7537,2.7195,2.6843,2.6471,2.607,2.5679,2.5288,2.4848,2.4379,2.391,2.3441,2.2991,2.2542,2.2092,2.1652,2.1202,2.0762,2.0332,1.9961,1.9619,1.9247,1.8866,1.8495,1.8133,1.7771,1.741,1.7048,1.6686,1.6325,1.5943,1.5621,1.5347,1.5034,1.4721,1.4409,1.4115,1.3832,1.3568,1.3304,1.305,1.2796,1.2542,1.2307,1.2141,1.1994,1.1789,1.1564,1.1339,1.1124,1.0929,1.0743,1.0577,1.045,1.0371,1.0371,1.0459,1.0635,1.089,1.1241,1.1691,1.2258,1.2933,1.3705,1.4565,1.5484,1.6452,1.7449,1.8475,1.9394,2.0274,2.1281,2.2346,2.3412,2.4457,2.5455,2.6422,2.7351,2.8231,2.9052,2.9804,3.0381,3.0831,3.1271,3.1623,3.1867,3.2004,3.2043,3.2004,3.1887,3.172,3.1505,3.1251,3.0948,3.0616,3.0254,2.9853,2.9423,2.8983,2.8534,2.8074,2.7615,2.7165,2.6706,2.6246,2.5758,2.5298,2.4868,2.4409,2.393,2.3441,2.2942,2.2444,2.1945,2.1437,2.0909,2.0371,1.9844,1.9326,1.8886,1.8504,1.8113,1.7713,1.7322,1.6921,1.652,1.6129,1.5738,1.5357,1.4976,1.4604,1.4311,1.4066,1.3763,1.3451,1.3138,1.2825,1.2542,1.2278,1.2014,1.1779,1.1564,1.1388,1.129,1.129,1.1398,1.1603,1.1916,1.2326,1.2825,1.3402,1.4057,1.479,1.5572,1.6403,1.7283,1.8084,1.8837,1.9677,2.0547,2.1398,2.2229,2.303,2.3803,2.4536,2.523,2.5875,2.6461,2.6979,2.7351,2.7615,2.783,2.7977,2.8035,2.8006,2.7918,2.7761,2.7546,2.7302,2.7038,2.6755,2.6471,2.6178,2.5865,2.5533,2.5171,2.479,2.4379,2.3969,2.3558,2.3138,2.2708,2.2268,2.1808,2.1408,2.1026,2.0616,2.0196,1.9765,1.9345,1.8944,1.8543,1.8162,1.7791,1.7419,1.7048,1.6735,1.6461,1.6149,1.5816,1.5455,1.5083,1.4731,1.4389,1.4066,1.3754,1.3451,1.3148,1.2845,1.262,1.2444,1.2239,1.2033,1.1818,1.1593,1.1378,1.1193,1.1065,1.1007,1.1036,1.1163,1.1398,1.172,1.2151,1.2551,1.2952,1.3509,1.4184,1.4936,1.5748,1.6608,1.7507,1.8416,1.9208,1.9932,2.0733,2.1564,2.2375,2.3177,2.3959,2.4721,2.5435,2.61,2.6696,2.7204,2.7625,2.7889,2.8025,2.8123,2.8172,2.8172,2.8104,2.7986,2.7849,2.7693,2.7498,2.7273,2.7009,2.6725,2.6432,2.6109,2.5767,2.5425,2.5064,2.4692,2.4301,2.39,2.349,2.3089,2.2698,2.2287,2.1916,2.1574,2.1202,2.0831,2.045,2.0068,1.9687,1.9326,1.8983,1.8661,1.8348,1.8055,1.784,1.7674,1.7517,1.74,1.7341,1.7361,1.7449,1.7615,1.783,1.8094,1.8387,1.869,1.8993,1.9267,1.9501,1.9746,1.999,2.0205,2.0381,2.0518,2.0587,2.0606,2.0567,2.0479,2.0342,2.0196,2.0049,1.9883,1.9707,1.9521,1.9335,1.915,1.8954,1.8759,1.8543,1.8309,1.8074,1.782,1.7586,1.738,1.7146,1.6901,1.6657,1.6413,1.6168,1.5914,1.565,1.5396,1.5142,1.4878,1.4673,1.4506,1.4301,1.4066,1.3832,1.3597,1.3372,1.3157,1.2952,1.2757,1.2561,1.2366,1.217,1.2014,1.1896,1.1769,1.1632,1.1486,1.1339,1.1202,1.1056,1.089,1.0723,1.0547,1.0381,1.0283,1.0225,1.0147,1.0049,0.99609,0.98534,0.97263,0.95992,0.94624,0.93157,0.91887,0.90811,0.89932,0.89638,0.89736,0.89541,0.8915,0.88563,0.87781,0.86804,0.85728,0.84751,0.84066,0.83675,0.83871,0.84946,0.86706,0.89247,0.92766,0.97361,1.0283,1.0938,1.1701,1.2551,1.348,1.4487,1.5552,1.6657,1.7654,1.8602,1.9668,2.0792,2.1935,2.306,2.4154,2.521,2.6227,2.7204,2.8133,2.9003,2.9687,3.0254,3.085,3.1417,3.1887,3.2239,3.2473,3.259,3.259,3.2493,3.2336,3.2131,3.1906,3.1642,3.1359,3.1056,3.0733,3.0381,3.001,2.9609,2.9189,2.8739,2.827,2.7781,2.7302,2.6862,2.6442,2.6012,2.5562,2.5103,2.4653,2.4194,2.3724,2.3255,2.2796,2.2336,2.1896,2.1496,2.1124,2.0723,2.0313,1.9892,1.9472,1.9042,1.8631,1.826,1.7898,1.7546,1.7214,1.6891,1.6618,1.6364,1.6061,1.5748,1.5435,1.5112,1.479,1.4467,1.4135,1.3803,1.347,1.3157,1.2913,1.2737,1.2571,1.2454,1.2424,1.2493,1.2649,1.2903,1.3255,1.3705,1.436,1.5112,1.5787,1.6373,1.6921,1.7527,1.8172,1.8837,1.9521,2.0205,2.089,2.1554,2.2199,2.2825,2.3421,2.39,2.4311,2.4751,2.5171,2.5552,2.5865,2.6109,2.6266,2.6344,2.6344,2.6276,2.6158,2.6002,2.5797,2.5582,2.5357,2.5112,2.4848,2.4585,2.4301,2.3998,2.3666,2.3324,2.2972,2.262,2.2307,2.2023,2.173,2.1417,2.1095,2.0772,2.045,2.0137,1.9824,1.9531,1.9238,1.8964,1.869,1.8446,1.8221,1.7977,1.7703,1.7439,1.7185,1.6931,1.6676,1.6432,1.6188,1.5943,1.5709,1.5513,1.5347,1.5161,1.4966,1.4761,1.4555,1.435,1.4154,1.3959,1.3793,1.3656,1.3548,1.349,1.349,1.3529,1.3597,1.3724,1.3939,1.4252,1.4643,1.5122,1.567,1.6276,1.6931,1.7615,1.8231,1.8807,1.9462,2.0166,2.088,2.1584,2.2278,2.2962,2.3636,2.4311,2.4956,2.5572,2.6129,2.6549,2.6882,2.7204,2.7478,2.7693,2.784,2.7908,2.7898,2.782,2.7683,2.7517,2.7322,2.7116,2.6901,2.6676,2.6442,2.6178,2.5894,2.5582,2.5259,2.4936,2.4614,2.4291,2.3959,2.3627,2.3324,2.3021,2.2688,2.2336,2.1975,2.1623,2.1271,2.0929,2.0596,2.0264,1.9941,1.9638,1.9374,1.913,1.8866,1.8583,1.8299,1.8016,1.7722,1.7419,1.7116,1.6823,1.6559,1.6295,1.6041,1.5846,1.5679,1.5474,1.5249,1.5024,1.4809,1.4614,1.4448,1.434,1.4291,1.4301,1.4379,1.4506,1.4702,1.4966,1.5308,1.5728,1.6217,1.6764,1.737,1.8025,1.87,1.9394,2.0088,2.0782,2.1378,2.1926,2.2522,2.3138,2.3754,2.436,2.4946,2.5494,2.6002,2.6442,2.6813,2.7126,2.7322,2.7429,2.7498,2.7517,2.7478,2.739,2.7253,2.7087,2.6901,2.6676,2.6422,2.6149,2.5865,2.5582,2.5269,2.4946,2.4614,2.4272,2.393,2.3587,2.3236,2.2884,2.2532,2.217,2.1808,2.1486,2.1193,2.088,2.0557,2.0225,1.9883,1.955,1.9218,1.8905,1.8592,1.8289,1.7996,1.7752,1.7527,1.7263,1.6979,1.6686,1.6383,1.607,1.5767,1.5464,1.5171,1.4888,1.4624,1.437,1.4174,1.3998,1.3783,1.3558,1.3333,1.3138,1.2981,1.2903,1.2903,1.2981,1.3148,1.3392,1.3666,1.3988,1.4399,1.4878,1.4985,1.4976,1.5406,1.607,1.6872,1.7722,1.8602,1.9501,2.0391,2.1124,2.1789,2.2522,2.3265,2.4008,2.4712,2.5367,2.5953,2.6442,2.6804,2.7048,2.7185,2.7204,2.7126,2.6979,2.6804,2.6598,2.6364,2.6109,2.5826,2.5513,2.5161,2.477,2.436,2.3939,2.3558,2.3187,2.2786,2.2356,2.1906,2.1437,2.0958,2.0479,2,1.9531,1.9062,1.8612,1.8231,1.7898,1.7517,1.7107,1.6667,1.6207,1.5748,1.5288,1.4848,1.4418,1.4008,1.3607,1.3216,1.2903,1.2639,1.2346,1.2072,1.1857,1.1701,1.1623,1.1652,1.1799,1.2053,1.2405,1.2845,1.3304,1.3793,1.436,1.4985,1.566,1.6364,1.7077,1.7801,1.8524,1.9238,1.9922,2.0587,2.1222,2.172,2.2121,2.2522,2.2884,2.3177,2.3402,2.3529,2.3568,2.3529,2.3421,2.3236,2.3011,2.2786,2.2551,2.2278,2.1994,2.1701,2.1388,2.1075,2.0743,2.0391,2.0029,1.9677,1.9335,1.9003,1.8719,1.8456,1.8162,1.7849,1.7507,1.7155,1.6784,1.6422,1.607,1.5718,1.5386,1.5073,1.4839,1.4643,1.4409,1.4164,1.391,1.3636,1.3372,1.3118,1.2864,1.262,1.2385,1.217,1.1965,1.1818,1.1691,1.1515,1.132,1.1105,1.088,1.0655,1.044,1.0244,1.0068,0.99022,0.97458,0.96383,0.95503,0.94135,0.92375,0.90714,0.89247,0.87977,0.86706,0.85533,0.84555,0.83969,0.83969,0.84653,0.86217,0.88661,0.91984,0.96383,1.0196,1.088,1.1691,1.2581,1.3519,1.4526,1.5582,1.6676,1.7634,1.8534,1.955,2.0626,2.172,2.2805,2.3871,2.4907,2.5914,2.6872,2.7752,2.8543,2.912,2.955,2.9971,3.0352,3.0674,3.0919,3.1085,3.1163,3.1134,3.0997,3.0772,3.0489,3.0147,2.9785,2.9404,2.8993,2.8553,2.8094,2.7605,2.7097,2.6569,2.6031,2.5494,2.4966,2.4438,2.3949,2.349,2.2991,2.2473,2.1955,2.1447,2.0958,2.0479,2,1.9531,1.9052,1.8563,1.8065,1.7615,1.7214,1.6784,1.6364,1.5943,1.5533,1.5112,1.4682,1.4262,1.3842,1.3412,1.2972,1.262,1.2326,1.2004,1.1662,1.131,1.0958,1.0596,1.0254,0.99316,0.96285,0.93646,0.91593,0.9042,0.9042,0.913,0.92962,0.95503,0.99022,1.0332,1.086,1.1476,1.216,1.2903,1.392,1.5064,1.5943,1.6696,1.7478,1.827,1.9052,1.9804,2.0528,2.1222,2.1887,2.2522,2.3109,2.3646,2.4106,2.4438,2.4673,2.4878,2.5015,2.5073,2.5073,2.5015,2.4907,2.4751,2.4555,2.433,2.4096,2.3842,2.3578,2.3275,2.2933,2.2571,2.2209,2.1838,2.1447,2.1056,2.0665,2.0283,1.9912,1.9531,1.9198,1.8886,1.8524,1.8143,1.7752,1.737,1.6999,1.6637,1.6285,1.5943,1.5611,1.5279,1.5005,1.4761,1.4467,1.4154,1.3842,1.3529,1.3216,1.2913,1.262,1.2336,1.2063,1.1808,1.1564,1.1388,1.1251,1.1056,1.085,1.0655,1.0469,1.0293,1.0127,1,0.99316,0.99316,1.002,1.0196,1.045,1.0802,1.1241,1.176,1.2336,1.2981,1.3675,1.4409,1.5171,1.5953,1.6764,1.7586,1.8309,1.8983,1.9717,2.0489,2.1271,2.2033,2.2776,2.348,2.4125,2.4702,2.52,2.5621,2.5885,2.6051,2.6188,2.6266,2.6276,2.6207,2.609,2.5914,2.5699,2.5445,2.5171,2.4888,2.4604,2.434,2.4076,2.3793,2.349,2.3177,2.2835,2.2483,2.2121,2.176,2.1388,2.1007,2.0626,2.0293,1.999,1.9658,1.9306,1.8954,1.8602,1.826,1.7928,1.7605,1.7292,1.6979,1.6676,1.6422,1.6197,1.5943,1.566,1.5367,1.5064,1.4761,1.4467,1.4184,1.391,1.3636,1.3372,1.3109,1.2913,1.2747,1.2551,1.2346,1.2141,1.1965,1.1838,1.1769,1.1779,1.1877,1.2063,1.2346,1.2678,1.306,1.3548,1.4115,1.4751,1.5445,1.6188,1.697,1.7771,1.8592,1.9423,2.0235,2.1036,2.1701,2.2278,2.2903,2.3539,2.4154,2.4731,2.5259,2.5728,2.6139,2.6471,2.6706,2.6852,2.6891,2.6843,2.6755,2.6628,2.6461,2.6256,2.6022,2.5767,2.5494,2.52,2.4888,2.4545,2.4184,2.3842,2.35,2.3138,2.2766,2.2395,2.2023,2.1652,2.129,2.0929,2.0557,2.0196,1.9834,1.9521,1.9218,1.8876,1.8514,1.8143,1.7781,1.7419,1.7077,1.6735,1.6403,1.608,1.5758,1.5435,1.5171,1.4936,1.4673,1.4409,1.4154,1.3891,1.3627,1.3363,1.3099,1.2835,1.2571,1.2326,1.2151,1.2014,1.1877,1.176,1.1691,1.1672,1.173,1.1887,1.2131,1.2473,1.2903,1.3412,1.3998,1.4555,1.5122,1.5787,1.652,1.7683,1.9101,2.0283,2.1339,2.2326,2.3275,2.4184,2.5054,2.5758,2.6364,2.7028,2.7693,2.8309,2.8847,2.9286,2.9599,2.9795,2.9883,2.9844,2.9707,2.9521,2.9296,2.9052,2.8798,2.8534,2.8221,2.7889,2.7527,2.7146,2.6755,2.6344,2.5914,2.5455,2.5034,2.4614,2.4154,2.3685,2.3206,2.2747,2.2307,2.1877,2.1447,2.1007,2.0557,2.0078,1.958,1.915,1.8759,1.8309,1.7849,1.739,1.6931,1.6481,1.6041,1.5621,1.523,1.4897,1.4633,1.4477,1.4409,1.4389,1.4448,1.4585,1.48,1.5103,1.5494,1.5953,1.6481,1.7048,1.7674,1.8328,1.8925,1.9492,2.0117,2.0762,2.1408,2.2023,2.261,2.3167,2.3675,2.4115,2.4477,2.4721,2.4858,2.4897,2.4888,2.4829,2.4721,2.4555,2.433,2.4076,2.3793,2.348,2.3157,2.2835,2.2493,2.218,2.1896,2.1564,2.1193,2.0821,2.044,2.0068,1.9717,1.9374,1.9022,1.8661,1.8299,1.7986,1.7683,1.7331,1.696,1.6569,1.6168,1.5777,1.5415,1.5064,1.4721,1.437,1.4018,1.3744,1.35,1.3216,1.2913,1.261,1.2317,1.2043,1.1789,1.1525,1.1261,1.0997,1.0743,1.0489,1.0303,1.0156,0.99511,0.97263,0.95015,0.92669,0.90323,0.88074,0.85924,0.83871,0.82014,0.80254,0.79277,0.78788,0.77713,0.76344,0.74682,0.72923,0.71359,0.6999,0.69013,0.68622,0.69013,0.70381,0.72923,0.76442,0.80841,0.86315,0.92766,1.0029,1.0899,1.1867,1.2913,1.4037,1.522,1.6432,1.7654,1.8729,1.9707,2.0772,2.1877,2.2981,2.4076,2.5142,2.6158,2.7126,2.8016,2.8807,2.9492,3.0078,3.0479,3.0743,3.0968,3.1124,3.1212,3.1212,3.1144,3.1017,3.085,3.0655,3.043,3.0176,2.9912,2.9619,2.9296,2.8954,2.8592,2.8231,2.7859,2.7468,2.7067,2.6647,2.6227,2.5797,2.5367,2.4976,2.4604,2.4203,2.3793,2.3382,2.2972,2.2551,2.2131,2.1711,2.129,2.087,2.045,2.0088,1.9756,1.9394,1.9032,1.868,1.8338,1.7986,1.7644,1.7302,1.697,1.6637,1.6315,1.6012,1.5767,1.5552,1.5298,1.5034,1.4761,1.4467,1.4194,1.3949,1.3724,1.3539,1.3421,1.3392,1.347,1.3636,1.3881,1.4223,1.4663,1.521,1.5855,1.6598,1.7429,1.8328,1.9257,2.0313,2.1388,2.2209,2.2884,2.3597,2.434,2.5103,2.5865,2.6588,2.7273,2.7908,2.8485,2.8993,2.9423,2.9717,2.9912,3.0088,3.0196,3.0235,3.0215,3.0137,3.002,2.9863,2.9677,2.9453,2.9198,2.8915,2.8631,2.8338,2.8035,2.7713,2.738,2.7048,2.6716,2.6383,2.6031,2.567,2.5298,2.4917,2.4565,2.4223,2.3861,2.349,2.3118,2.2757,2.2414,2.2072,2.174,2.1408,2.1085,2.0762,2.043,2.0147,1.9902,1.9619,1.9326,1.9042,1.8739,1.8426,1.8123,1.782,1.7527,1.7234,1.695,1.6735,1.6549,1.6325,1.609,1.5865,1.566,1.5484,1.5347,1.5279,1.5288,1.5386,1.5552,1.5777,1.6051,1.6403,1.6833,1.7341,1.7928,1.8583,1.9277,2,2.0743,2.1505,2.2278,2.306,2.3734,2.435,2.5034,2.5728,2.6403,2.7038,2.7615,2.8143,2.8612,2.9003,2.9306,2.9531,2.9638,2.9648,2.9619,2.955,2.9443,2.9286,2.9091,2.8856,2.8592,2.8299,2.7967,2.7615,2.7243,2.6882,2.654,2.6178,2.5797,2.5406,2.5005,2.4594,2.4174,2.3744,2.3314,2.2893,2.2483,2.2121,2.1789,2.1417,2.1026,2.0645,2.0254,1.9873,1.9511,1.915,1.8788,1.8426,1.8074,1.7732,1.7449,1.7195,1.6911,1.6608,1.6305,1.5992,1.566,1.5337,1.5015,1.4712,1.4428,1.4164,1.3978,1.3822,1.3636,1.3441,1.3255,1.3099,1.3001,1.2962,1.3011,1.3148,1.3372,1.3695,1.4096,1.4536,1.5015,1.5591,1.6237,1.6921,1.7644,1.8387,1.915,1.9912,2.0694,2.1476,2.2239,2.2874,2.3431,2.4047,2.4663,2.5249,2.5787,2.6276,2.6696,2.7038,2.7302,2.7478,2.7576,2.7605,2.7566,2.7458,2.7312,2.7136,2.6921,2.6667,2.6393,2.61,2.5777,2.5455,2.5122,2.478,2.4457,2.4154,2.3832,2.35,2.3148,2.2786,2.2414,2.2033,2.1652,2.1281,2.0919,2.0577,2.0225,1.9922,1.9638,1.9316,1.8983,1.8661,1.8338,1.8025,1.7713,1.7419,1.7126,1.6823,1.651,1.6256,1.6041,1.5787,1.5523,1.5249,1.4985,1.4721,1.4487,1.4272,1.4076,1.3891,1.3705,1.3529,1.3412,1.3333,1.3245,1.3187,1.3187,1.3245,1.3392,1.3646,1.3998,1.4428,1.4936,1.5523,1.61,1.6686,1.7361,1.8094,1.8856,1.9228,1.9443,2.0039,2.0831,2.1701,2.2571,2.3431,2.4262,2.4927,2.5494,2.6109,2.6706,2.7253,2.7742,2.8143,2.8446,2.8641,2.8739,2.8749,2.868,2.8534,2.8338,2.8143,2.7928,2.7693,2.7449,2.7175,2.6862,2.652,2.6158,2.5777,2.5376,2.4976,2.4614,2.4252,2.3851,2.3431,2.2991,2.2551,2.2111,2.1681,2.1251,2.0821,2.0401,2.001,1.9668,1.9365,1.9022,1.8661,1.8299,1.7918,1.7527,1.7136,1.6755,1.6393,1.6061,1.5748,1.5503,1.5318,1.5152,1.5054,1.5054,1.5161,1.5357,1.565,1.6031,1.6471,1.6979,1.7546,1.8162,1.8729,1.9306,1.998,2.0714,2.1476,2.2239,2.2981,2.3685,2.436,2.5024,2.564,2.6207,2.6637,2.697,2.7302,2.7586,2.7791,2.7908,2.7937,2.7879,2.7742,2.7546,2.7302,2.7028,2.6725,2.6422,2.6119,2.5787,2.5445,2.5073,2.4692,2.4301,2.3891,2.348,2.3069,2.2649,2.2239,2.1867,2.1515,2.1134,2.0723,2.0303,1.9883,1.9472,1.9081,1.869,1.8309,1.7937,1.7586,1.7234,1.6921,1.6637,1.6315,1.5973,1.563,1.5298,1.4966,1.4663,1.4379,1.4086,1.3793,1.3519,1.3304,1.3118,1.2893,1.2649,1.2385,1.2102,1.1818,1.1544,1.1271,1.1017,1.0782,1.0567,1.0362,1.0225,1.0117,0.99609,0.97947,0.96383,0.95015,0.94135,0.93842,0.94233,0.95699,0.98143,1.0166,1.0587,1.1065,1.1652,1.2326,1.3079,1.39,1.479,1.5728,1.6706,1.7713,1.8749,1.9795,2.0841,2.173,2.2512,2.3363,2.4223,2.5073,2.5914,2.6716,2.7439,2.8084,2.8631,2.9081,2.9433,2.9629,2.9717,2.9765,2.9726,2.9599,2.9413,2.9169,2.8876,2.8553,2.8201,2.783,2.7429,2.7009,2.6598,2.6188,2.5748,2.5288,2.4819,2.433,2.3822,2.3304,2.2796,2.2297,2.1808,2.132,2.089,2.0489,2.0049,1.9599,1.9159,1.8719,1.828,1.7849,1.7439,1.7038,1.6647,1.6256,1.5855,1.5523,1.523,1.4888,1.4536,1.4174,1.3803,1.3431,1.305,1.2678,1.2307,1.1955,1.1613,1.1349,1.1134,1.089,1.0645,1.0401,1.0156,0.99413,0.97752,0.96676,0.96481,0.97165,0.98827,1.0156,1.0489,1.0899,1.1398,1.1984,1.2639,1.3343,1.4096,1.4878,1.5699,1.653,1.7361,1.8299,1.9179,1.9922,2.0674,2.1408,2.2111,2.2786,2.3421,2.4008,2.4526,2.4966,2.5308,2.5543,2.566,2.5689,2.565,2.5552,2.5415,2.5259,2.5083,2.4878,2.4653,2.4389,2.4106,2.3793,2.346,2.3157,2.2874,2.2551,2.2219,2.1867,2.1496,2.1114,2.0714,2.0313,1.9922,1.955,1.9189,1.8876,1.8602,1.8309,1.7996,1.7693,1.738,1.7067,1.6745,1.6393,1.6051,1.5718,1.5396,1.5103,1.4897,1.4731,1.4545,1.435,1.4145,1.393,1.3695,1.3451,1.3206,1.2972,1.2737,1.2502,1.2336,1.2219,1.2092,1.1955,1.1818,1.1711,1.1672,1.1711,1.1838,1.2053,1.2366,1.2776,1.3284,1.3812,1.437,1.5054,1.5816,1.6618,1.7449,1.828,1.912,1.9951,2.0792,2.1642,2.2502,2.3236,2.3891,2.4614,2.5347,2.6051,2.6706,2.7302,2.782,2.824,2.8553,2.8749,2.8847,2.8866,2.8788,2.8641,2.8475,2.828,2.8045,2.7781,2.7488,2.7165,2.6833,2.6481,2.6129,2.5767,2.5425,2.5083,2.4721,2.436,2.3978,2.3587,2.3177,2.2757,2.2336,2.1916,2.1505,2.1095,2.0684,2.0332,2.001,1.9648,1.9277,1.8905,1.8543,1.8192,1.7849,1.7517,1.7185,1.6852,1.652,1.6246,1.6002,1.5738,1.5455,1.5161,1.4878,1.4585,1.4301,1.4027,1.3763,1.3509,1.3294,1.3118,1.3021,1.3001,1.3021,1.3089,1.3245,1.349,1.3822,1.4233,1.4721,1.5288,1.5914,1.6608,1.7253,1.7889,1.8622,1.9404,2.0225,2.1065,2.1906,2.2747,2.3578,2.4399,2.521,2.6002,2.6755,2.7341,2.7801,2.827,2.869,2.9013,2.9238,2.9374,2.9423,2.9394,2.9296,2.915,2.8974,2.8749,2.8504,2.8231,2.7928,2.7595,2.7224,2.6823,2.6403,2.5982,2.5572,2.5171,2.478,2.4399,2.4047,2.3695,2.3294,2.2854,2.2395,2.1955,2.1535,2.1134,2.0753,2.0381,1.999,1.9599,1.9257,1.8935,1.8573,1.8192,1.7801,1.7429,1.7077,1.6735,1.6383,1.6061,1.5748,1.5445,1.5152,1.4927,1.4731,1.4487,1.4223,1.3959,1.3695,1.3441,1.3216,1.3021,1.2864,1.2757,1.2717,1.2776,1.2903,1.3089,1.3363,1.3724,1.4164,1.4712,1.5337,1.6031,1.6784,1.7586,1.8416,1.9159,1.9853,2.0626,2.1437,2.2258,2.3069,2.3842,2.4594,2.5357,2.609,2.6774,2.739,2.7928,2.8299,2.8553,2.8759,2.8876,2.8895,2.8827,2.868,2.8465,2.8192,2.7879,2.7537,2.7175,2.6813,2.6442,2.6022,2.5591,2.5152,2.4692,2.4233,2.3773,2.3324,2.2874,2.2405,2.1926,2.1437,2.0997,2.0577,2.0098,1.9599,1.9101,1.8612,1.8133,1.7674,1.7234,1.6804,1.6373,1.5953,1.5591,1.5259,1.4878,1.4467,1.4047,1.3646,1.3255,1.2874,1.2542,1.2268,1.2053,1.1926,1.1887,1.1955,1.2131,1.2405,1.2786,1.3275,1.3851,1.4497,1.52,1.5943,1.6706,1.7488,1.825,1.8905,1.9511,2.0176,2.088,2.1593,2.2287,2.2933,2.3509,2.3988,2.436,2.4624,2.477,2.4809,2.477,2.4682,2.4555,2.4389,2.4194,2.3959,2.3695,2.3402,2.3069,2.2708,2.2317,2.1926,2.1574,2.1241,2.089,2.0518,2.0127,1.9707,1.9267,1.8807,1.8338,1.7879,1.7429,1.6999,1.6588,1.6246,1.5953,1.563,1.5288,1.4936,1.4585,1.4233,1.3881,1.3519,1.3148,1.2786,1.2424,1.2141,1.1896,1.1623,1.1339,1.1065,1.0802,1.0547,1.0283,1.0039,0.98143,0.95992,0.94037,0.92082,0.90714,0.89541,0.87879,0.86119,0.84262,0.82502,0.80645,0.78886,0.77224,0.75562,0.73998,0.7263,0.72043,0.72043,0.72043,0.72532,0.73803,0.76051,0.79472,0.84066,0.89834,0.96481,1.0401,1.1241,1.2151,1.3011,1.3881,1.4888,1.5992,1.7155,1.8358,1.9589,2.0811,2.1994,2.3118,2.4194,2.523,2.608,2.6813,2.7625,2.8436,2.9228,2.9941,3.0547,3.1046,3.1417,3.1642,3.175,3.176,3.1691,3.1544,3.1339,3.1114,3.088,3.0645,3.0381,3.0088,2.9765,2.9384,2.8964,2.8514,2.8035,2.7566,2.7116,2.6647,2.6158,2.566,2.5161,2.4663,2.4184,2.3734,2.3284,2.2854,2.2424,2.1994,2.1603,2.1232,2.0841,2.043,2.001,1.9589,1.9159,1.8739,1.8319,1.7918,1.7556,1.7214,1.694,1.6706,1.6442,1.6168,1.5924,1.5709,1.5533,1.5396,1.5288,1.521,1.5122,1.5005,1.4907,1.4809,1.4682,1.4526,1.433,1.4115,1.391,1.3705,1.3509,1.3304,1.3089,1.2874,1.2659,1.2502,1.2375,1.2199,1.2004,1.1799,1.1603,1.1408,1.1212,1.1007,1.0802,1.0616,1.043,1.089,1.1681,1.1994,1.2072,1.2053,1.1984,1.1896,1.1799,1.1691,1.1574,1.1447,1.132,1.1193,1.1114,1.1056,1.0968,1.086,1.0733,1.0616,1.0508,1.0401,1.0303,1.0235,1.0166,1.0098,1.0078,1.0088,1.0059,1.001,0.99413,0.98631,0.97849,0.97067,0.96188,0.9521,0.94135,0.93157,0.92278,0.91887,0.91887,0.91593,0.91105,0.9042,0.89736,0.89052,0.88368,0.87781,0.87195,0.86413,0.85533,0.85142,0.84946,0.84262,0.83382,0.82405,0.81329,0.8045,0.7957,0.78886,0.78495,0.78592,0.79277,0.80841,0.83284,0.8651,0.90616,0.95601,1.0156,1.0841,1.1613,1.2454,1.3343,1.4282,1.5259,1.6256,1.7146,1.7977,1.8895,1.9844,2.0811,2.1769,2.2708,2.3627,2.4516,2.5357,2.6158,2.6901,2.7556,2.8035,2.8407,2.8768,2.9071,2.9316,2.9492,2.9609,2.9677,2.9697,2.9668,2.9599,2.9501,2.9355,2.9179,2.8993,2.8788,2.8563,2.8319,2.8055,2.7771,2.7478,2.7175,2.6862,2.6549,2.6227,2.5914,2.5611,2.5298,2.4976,2.4653,2.434,2.4027,2.3705,2.3392,2.3079,2.2766,2.2463,2.2199,2.1955,2.1701,2.1447,2.1193,2.0948,2.0714,2.0479,2.0244,2,1.9756,1.9521,1.9306,1.912,1.8954,1.8759,1.8553,1.8348,1.8143,1.7937,1.7761,1.7615,1.7498,1.7429,1.7419,1.7458,1.7556,1.7722,1.7967,1.8289,1.869,1.9179,1.9736,2.0352,2.1017,2.1701,2.2414,2.3128,2.3744,2.4301,2.4927,2.5562,2.6197,2.6823,2.7429,2.8016,2.8583,2.911,2.9589,2.999,3.0244,3.0381,3.0499,3.0557,3.0538,3.045,3.0313,3.0127,2.9912,2.9658,2.9374,2.9052,2.871,2.8358,2.8006,2.7615,2.7204,2.6784,2.6354,2.5914,2.5484,2.5054,2.4643,2.4233,2.3822,2.3441,2.3089,2.2717,2.2317,2.1906,2.1505,2.1095,2.0674,2.0264,1.9873,1.9501,1.914,1.8837,1.8573,1.827,1.7957,1.7644,1.7322,1.6999,1.6696,1.6413,1.6119,1.5836,1.5552,1.5259,1.5024,1.4819,1.4585,1.435,1.4115,1.3891,1.3705,1.3558,1.348,1.348,1.3578,1.3763,1.4018,1.433,1.4721,1.521,1.5787,1.6432,1.7126,1.7859,1.8622,1.9404,2.0196,2.0978,2.174,2.2385,2.2981,2.3646,2.434,2.5015,2.567,2.6246,2.6735,2.7175,2.7556,2.7859,2.8104,2.8231,2.827,2.827,2.8211,2.8113,2.7977,2.781,2.7634,2.7439,2.7243,2.7038,2.6833,2.6608,2.6373,2.6139,2.5894,2.563,2.5357,2.5083,2.4809,2.4545,2.4282,2.4008,2.3734,2.3451,2.3187,2.2933,2.2659,2.2385,2.2092,2.1789,2.1486,2.1193,2.0909,2.0635,2.0362,2.0098,1.9834,1.9599,1.9394,1.9179,1.8974,1.8778,1.8612,1.8485,1.8407,1.8387,1.8426,1.8543,1.8749,1.8993,1.9286,1.9668,2.0117,2.0616,2.1153,2.1711,2.2278,2.2845,2.3421,2.4018,2.4614,2.521,2.5699,2.6119,2.6579,2.7028,2.7458,2.784,2.8172,2.8446,2.8651,2.8788,2.8847,2.8837,2.8759,2.8641,2.8504,2.8338,2.8143,2.7928,2.7683,2.7429,2.7165,2.6891,2.6608,2.6305,2.5992,2.5679,2.5386,2.5073,2.4741,2.4409,2.4076,2.3744,2.3431,2.3109,2.2776,2.2434,2.2092,2.1799,2.1515,2.1212,2.0919,2.0616,2.0313,2.001,1.9717,1.9433,1.9159,1.8886,1.8612,1.8348,1.8133,1.7947,1.7732,1.7517,1.7302,1.7087,1.6862,1.6647,1.6432,1.6217,1.5992,1.5777,1.5601,1.5455,1.5288,1.5112,1.4927,1.4731,1.4555,1.4399,1.4262,1.4164,1.4125,1.4164,1.4291,1.4487,1.4741,1.5073,1.5484,1.5963,1.652,1.7146,1.782,1.8534,1.9277,2.0029,2.0802,2.1466,2.2072,2.2747,2.346,2.4184,2.4907,2.5611,2.6285,2.694,2.7556,2.8113,2.8612,2.8964,2.9208,2.9453,2.9658,2.9814,2.9892,2.9892,2.9824,2.9687,2.9501,2.9277,2.9022,2.8759,2.8485,2.8201,2.7898,2.7595,2.7283,2.696,2.6618,2.6266,2.5914,2.5543,2.5171,2.479,2.4438,2.4115,2.3763,2.3412,2.306,2.2698,2.2336,2.1975,2.1613,2.1241,2.088,2.0518,2.0166,1.9873,1.9599,1.9306,1.9003,1.871,1.8407,1.8094,1.7771,1.7458,1.7146,1.6833,1.653,1.6285,1.608,1.5826,1.5552,1.5288,1.5034,1.48,1.4594,1.4448,1.436,1.434,1.4399,1.4526,1.4721,1.4966,1.5288,1.5679,1.6129,1.6628,1.7165,1.7752,1.8377,1.9022,1.9677,2.0342,2.0919,2.1437,2.2014,2.26,2.3187,2.3763,2.4301,2.4809,2.5279,2.5679,2.6002,2.6256,2.6422,2.6276,2.5943,2.5748,2.5582,2.5396,2.5181,2.4946,2.4682,2.4389,2.4096,2.3783,2.346,2.3148,2.2835,2.2493,2.2121,2.174,2.1369,2.0987,2.0596,2.0186,1.9756,1.9306,1.8847,1.8387,1.7996,1.7644,1.7263,1.6862,1.6461,1.607,1.5679,1.5288,1.4897,1.4516,1.4154,1.3793,1.35,1.3245,1.2942,1.262,1.2268,1.1906,1.1554,1.1212,1.0899,1.0616,1.0342,1.0078,0.9824,0.96481,0.95112,0.93353,0.91789,0.90616,0.89932,0.90029,0.90909,0.92669,0.95308,0.98925,1.0342,1.0831,1.1369,1.2033,1.2796,1.3617,1.4487,1.5376,1.6276,1.7165,1.8055,1.8944,1.9814,2.0665,2.1378,2.1994,2.2678,2.3382,2.4057,2.4682,2.523,2.5679,2.6022,2.6266,2.6403,2.6442,2.6393,2.6276,2.6119,2.5934,2.5728,2.5494,2.523,2.4936,2.4633,2.4321,2.4008,2.3685,2.3363,2.305,2.2737,2.2385,2.2004,2.1603,2.1193,2.0792,2.0391,1.999,1.9599,1.9218,1.8827,1.8485,1.8162,1.782,1.7478,1.7136,1.6794,1.6442,1.6109,1.5777,1.5445,1.5112,1.48,1.4497,1.4242,1.4018,1.3744,1.3451,1.3148,1.2825,1.2502,1.2209,1.1935,1.1672,1.1447,1.1281,1.1193,1.1173,1.1202,1.129,1.1447,1.1672,1.1984,1.2385,1.2874,1.3451,1.4096,1.4809,1.5484,1.6149,1.6911,1.7722,1.8563,1.9404,2.0244,2.1075,2.1887,2.2669,2.3431,2.4154,2.4819,2.5337,2.5748,2.6158,2.653,2.6843,2.7067,2.7204,2.7263,2.7224,2.7107,2.6921,2.6706,2.6461,2.6188,2.5894,2.5611,2.5318,2.5015,2.4692,2.435,2.3988,2.3587,2.3157,2.2717,2.218,2.1711,2.1369,2.0968,2.042,1.9922,1.957,1.9179,1.8768,1.8358,1.7977,1.7625,1.7283,1.7009,1.6764,1.6471,1.6158,1.5836,1.5503,1.5152,1.48,1.4467,1.4135,1.3812,1.35,1.3206,1.2972,1.2757,1.2512,1.2239,1.1965,1.1701,1.1466,1.1261,1.1105,1.1017,1.1007,1.1075,1.1212,1.1427,1.173,1.2111,1.2561,1.3099,1.3715,1.4389,1.5103,1.5855,1.6618,1.741,1.8211,1.8915,1.958,2.0323,2.1085,2.1848,2.2581,2.3284,2.3949,2.4575,2.5132,2.5611,2.6002,2.6237,2.6344,2.6354,2.6325,2.6266,2.6129,2.5943,2.6344,2.694,2.7077,2.7058,2.6862,2.6569,2.6256,2.5924,2.5543,2.5132,2.4565,2.4047,2.3666,2.3245,2.2805,2.2346,2.1887,2.1417,2.1007,2.0626,2.0215,1.9795,1.9365,1.8925,1.8465,1.7996,1.7527,1.7067,1.6608,1.6139,1.567,1.5279,1.4936,1.4457,1.4027,1.3734,1.3441,1.3157,1.2933,1.2825,1.2796,1.2884,1.3069,1.3304,1.3607,1.4008,1.4487,1.5034,1.563,1.6422,1.7155,1.7693,1.8319,1.914,1.9883,2.042,2.0909,2.1466,2.1994,2.2366,2.2737,2.3069,2.3363,2.3587,2.3705,2.3705,2.3568,2.3441,2.3324,2.3069,2.2786,2.2561,2.2297,2.1926,2.1505,2.1202,2.0958,2.0655,2.0293,1.9912,1.9501,1.9013,1.8612,1.8289,1.7898,1.739,1.694,1.6618,1.6276,1.5816,1.5298,1.4946,1.4673,1.4418,1.4154,1.3812,1.3441,1.2981,1.2581,1.2297,1.1994,1.1623,1.13,1.1065,1.0811,1.0567,1.0303,1.0108,0.99413,0.97165,0.94624,0.91984,0.89443,0.86217,0.83284,0.81329,0.79179,0.77322,0.76051,0.74878,0.73118,0.70577,0.6784,0.65494,0.6393,0.62072,0.60117,0.58651,0.56989,0.55718,0.55132,0.54643,0.54839,0.56305,0.58749,0.60997,0.65103,0.71945,0.79374,0.87586,0.96579,1.0626,1.1378,1.218,1.3284,1.4389,1.5503,1.6618,1.7732,1.8817,1.9853,2.085,2.1808,2.2727,2.349,2.4135,2.4829,2.5494,2.61,2.6608,2.7009,2.7283,2.7449,2.7537,2.7546,2.7498,2.738,2.7234,2.7058,2.6862,2.6637,2.6393,2.6149,2.5885,2.5621,2.5337,2.5034,2.4702,2.434,2.3988,2.3636,2.3265,2.2884,2.2502,2.2121,2.175,2.1369,2.0978,2.0577,2.0176,1.9785,1.9423,1.912,1.8847,1.8543,1.8221,1.7889,1.7556,1.7214,1.6882,1.6559,1.6246,1.5924,1.5601,1.5347,1.5122,1.4868,1.4614,1.437,1.4115,1.3842,1.3568,1.3284,1.303,1.2805,1.261,1.2454,1.2385,1.2385,1.2424,1.2522,1.2688,1.2942,1.3294,1.3754,1.4311,1.4956,1.567,1.6422,1.7116,1.7791,1.8553,1.9374,2.0215,2.1075,2.1945,2.2825,2.3705,2.4565,2.5396,2.6188,2.6921,2.7488,2.7937,2.8397,2.8807,2.913,2.9365,2.9492,2.9521,2.9482,2.9365,2.9189,2.8964,2.8719,2.8612,2.8583,2.8426,2.8201,2.7947,2.7674,2.741,2.7136,2.6852,2.6559,2.6237,2.5894,2.5572,2.5259,2.4927,2.4585,2.4233,2.3881,2.3529,2.3187,2.2854,2.2542,2.2229,2.1916,2.1652,2.1408,2.1124,2.0831,2.0528,2.0215,1.9922,1.9638,1.9374,1.911,1.8847,1.8592,1.8348,1.8143,1.7957,1.7732,1.7498,1.7263,1.7038,1.6833,1.6637,1.6471,1.6354,1.6295,1.6315,1.6413,1.6579,1.6813,1.7136,1.7546,1.8025,1.8573,1.9189,1.9853,2.0557,2.129,2.2053,2.2835,2.3509,2.4135,2.4819,2.5503,2.6178,2.6843,2.7488,2.8113,2.87,2.9238,2.9717,3.0137,3.0411,3.0587,3.0723,3.0792,3.0802,3.0743,3.0616,3.045,3.0254,3.0029,2.9785,2.9511,2.9228,2.8935,2.8612,2.827,2.7918,2.7556,2.7185,2.6794,2.6413,2.6031,2.565,2.5259,2.4868,2.4506,2.4154,2.3783,2.3392,2.2981,2.2581,2.218,2.1789,2.1408,2.1026,2.0645,2.0254,1.9932,1.9648,1.9326,1.8993,1.8661,1.8328,1.8006,1.7693,1.739,1.7087,1.6784,1.6471,1.6158,1.5924,1.5728,1.5503,1.5269,1.5044,1.4829,1.4643,1.4497,1.4409,1.4399,1.4467,1.4624,1.4848,1.5152,1.5533,1.5982,1.65,1.7077,1.7693,1.8348,1.9032,1.9746,2.0489,2.1232,2.1965,2.259,2.3148,2.3754,2.437,2.4976,2.5572,2.6149,2.6686,2.7155,2.7546,2.784,2.8045,2.8143,2.8152,2.8104,2.8006,2.7879,2.7713,2.7527,2.7322,2.7107,2.6882,2.6628,2.6364,2.608,2.5806,2.5533,2.523,2.4907,2.4585,2.4252,2.39,2.3548,2.3187,2.2815,2.2454,2.2102,2.1799,2.1515,2.1202,2.087,2.0538,2.0225,1.9922,1.9619,1.9326,1.9022,1.8719,1.8426,1.8133,1.7898,1.7703,1.7478,1.7243,1.6999,1.6764,1.653,1.6305,1.609,1.5875,1.567,1.5474,1.5337,1.523,1.5083,1.4917,1.477,1.4653,1.4594,1.4604,1.4682,1.4868,1.5142,1.5503,1.5973,1.6452,1.696,1.7566,1.824,1.8954,1.9697,2.0469,2.1251,2.2033,2.2825,2.3617,2.4409,2.5073,2.565,2.6276,2.6901,2.7507,2.8065,2.8563,2.8993,2.9335,2.9589,2.9756,2.9834,2.9853,2.9795,2.9677,2.955,2.9404,2.9238,2.9062,2.8866,2.8309,2.7537,2.6989,2.654,2.6129,2.5758,2.5396,2.5005,2.4604,2.4203,2.3803,2.3382,2.2962,2.2551,2.2151,2.175,2.1339,2.0938,2.0577,2.0254,1.9902,1.9541,1.9179,1.8807,1.8426,1.8055,1.7683,1.7302,1.6921,1.654,1.6227,1.5943,1.5621,1.5279,1.4946,1.4624,1.4311,1.4018,1.3734,1.347,1.3236,1.3011,1.2835,1.2747,1.2727,1.2757,1.2864,1.3069,1.3372,1.3763,1.4233,1.4809,1.5484,1.6237,1.7067,1.784,1.8573,1.9394,2.0264,2.1153,2.2053,2.2952,2.3842,2.4712,2.5552,2.6364,2.7155,2.7781,2.8289,2.8837,2.9365,2.9804,3.0137,3.0342,3.045,3.0459,3.0401,3.0283,3.0117,2.9892,2.9629,2.9335,2.8993,2.8612,2.8221,2.782,2.74,2.6979,2.6559,2.6139,2.5709,2.5269,2.4858,2.4457,2.4037,2.3607,2.3167,2.2717,2.2248,2.1769,2.129,2.0821,2.0362,1.9922,1.9492,1.913,1.8798,1.8436,1.8065,1.7674,1.7263,1.6862,1.6471,1.609,1.5728,1.5406,1.5132,1.4956,1.4839,1.4761,1.4751,1.4829,1.4995,1.5249,1.5601,1.6051,1.6598,1.7214,1.7889,1.8612,1.9277,1.9912,2.0626,2.1378,2.2141,2.2884,2.3607,2.4301,2.4956,2.5572,2.6149,2.6676,2.7077,2.738,2.7674,2.7918,2.8084,2.8172,2.8162,2.8065,2.7889,2.7654,2.737,2.7058,2.6716,2.6373,2.6022,2.564,2.523,2.4809,2.4399,2.3969,2.3539,2.3118,2.2698,2.2268,2.1828,2.1408,2.1017,2.0587,2.0137,1.9677,1.9208,1.8749,1.828,1.781,1.7322,1.6833,1.6354,1.5904,1.5533,1.52,1.4829,1.4448,1.4057,1.3666,1.3284,1.2903,1.2542,1.219,1.1848,1.1525,1.129,1.1095,1.0841,1.0567,1.0274,0.99707,0.96676,0.93842,0.91007,0.88172,0.85435,0.82796,0.80254,0.78592,0.77322,0.75758,0.74194,0.72825,0.71945,0.71652,0.72043,0.73412,0.75855,0.79374,0.83969,0.89052,0.94721,1.0147,1.0919,1.1769,1.2678,1.3636,1.4633,1.565,1.6676,1.7693,1.871,1.9717,2.0577,2.1339,2.216,2.3001,2.3812,2.4565,2.5249,2.5846,2.6344,2.6735,2.7009,2.7185,2.7243,2.7214,2.7136,2.7009,2.6852,2.6667,2.6442,2.6188,2.5894,2.5572,2.522,2.4839,2.4448,2.4086,2.3871,2.3695,2.3421,2.3099,2.2747,2.2385,2.2023,2.1672,2.131,2.0938,2.0567,2.0254,1.9951,1.9609,1.9247,1.8895,1.8543,1.8192,1.7869,1.7566,1.7253,1.695,1.6647,1.6403,1.6188,1.5934,1.565,1.5357,1.5064,1.477,1.4487,1.4223,1.3988,1.3763,1.3548,1.3324,1.3157,1.3011,1.2835,1.2659,1.2502,1.2395,1.2346,1.2366,1.2463,1.263,1.2874,1.3196,1.3568,1.3978,1.4467,1.5034,1.567,1.6364,1.7097,1.7859,1.8651,1.9443,2.0215,2.0968,2.1681,2.2278,2.2825,2.3421,2.4018,2.4614,2.5181,2.5679,2.6109,2.6461,2.6725,2.6901,2.6989,2.6989,2.6921,2.6823,2.6696,2.6549,2.6383,2.6178,2.5943,2.5689,2.5415,2.5122,2.4829,2.4536,2.4272,2.4008,2.3715,2.3402,2.3069,2.2747,2.2424,2.2092,2.176,2.1417,2.1075,2.0733,2.042,2.0137,1.9824,1.9492,1.915,1.8798,1.8446,1.8074,1.7703,1.7331,1.697,1.6618,1.6256,1.5953,1.5679,1.5367,1.5034,1.4712,1.4399,1.4115,1.3851,1.3587,1.3333,1.3089,1.2864,1.2737,1.2659,1.259,1.2561,1.2571,1.2649,1.2786,1.3021,1.3343,1.3734,1.4203,1.4751,1.5357,1.5934,1.652,1.7195,1.7928,1.868,1.9443,2.0215,2.0978,2.172,2.2444,2.3138,2.3803,2.435,2.4819,2.5327,2.5806,2.6227,2.6569,2.6813,2.697,2.7038,2.7028,2.694,2.6804,2.6608,2.6383,2.6139,2.5875,2.5601,2.5318,2.5034,2.4741,2.4438,2.4125,2.3803,2.346,2.3109,2.2776,2.2463,2.2131,2.1789,2.1427,2.1065,2.0714,2.0371,2.0029,1.9687,1.9345,1.8983,1.8641,1.8368,1.8123,1.7859,1.7576,1.7283,1.6989,1.6716,1.6442,1.6188,1.5934,1.567,1.5415,1.522,1.5064,1.4858,1.4624,1.437,1.4115,1.3861,1.3627,1.3421,1.3255,1.3128,1.306,1.305,1.3118,1.3255,1.3441,1.3705,1.4057,1.4477,1.4956,1.5503,1.61,1.6735,1.74,1.8094,1.8719,1.9316,1.998,2.0684,2.1398,2.2102,2.2786,2.3441,2.4066,2.4653,2.5191,2.566,2.6061,2.6334,2.651,2.6647,2.6735,2.6764,2.6725,2.6647,2.653,2.6364,2.6158,2.5914,2.564,2.5367,2.5093,2.479,2.4477,2.4145,2.3803,2.346,2.3109,2.303,2.306,2.2825,2.2454,2.2063,2.1672,2.1222,2.0762,2.0293,1.9795,1.9296,1.8807,1.8338,1.7869,1.741,1.697,1.6549,1.6207,1.5904,1.5533,1.5132,1.4721,1.4321,1.393,1.3539,1.3157,1.2786,1.2424,1.2063,1.1789,1.1544,1.1232,1.089,1.0557,1.0235,0.99218,0.96481,0.9433,0.92864,0.9218,0.92571,0.94037,0.96481,0.99707,1.0391,1.0919,1.1554,1.2287,1.3109,1.3998,1.4936,1.5924,1.6931,1.7947,1.8847,1.9697,2.0635,2.1593,2.2542,2.346,2.434,2.5152,2.5904,2.6588,2.7195,2.7703,2.8133,2.8407,2.8573,2.87,2.8749,2.8719,2.8631,2.8475,2.828,2.8045,2.7771,2.7458,2.7116,2.6774,2.6422,2.6031,2.5621,2.522,2.4809,2.4379,2.3969,2.3568,2.3167,2.2786,2.2395,2.2014,2.1681,2.1359,2.0987,2.0577,2.0156,1.9726,1.9316,1.8935,1.8573,1.824,1.7908,1.7595,1.7351,1.7136,1.6882,1.6628,1.6393,1.6227,1.6139,1.6139,1.6237,1.6452,1.6764,1.7185,1.7693,1.8201,1.8729,1.9374,2.0117,2.0909,2.173,2.2561,2.3382,2.4194,2.4985,2.5738,2.6452,2.7028,2.7507,2.8016,2.8495,2.8886,2.9189,2.9404,2.9531,2.958,2.955,2.9453,2.9306,2.912,2.8886,2.8622,2.8319,2.7996,2.7634,2.7263,2.6891,2.651,2.6129,2.5758,2.5376,2.4976,2.4604,2.4233,2.3803,2.3343,2.2854,2.2356,2.1867,2.1398,2.0958,2.0547,2.0147,1.9756,1.9365,1.9032,1.8729,1.8387,1.8025,1.7674,1.7312,1.696,1.6608,1.6256,1.5924,1.5601,1.5288,1.5054,1.4848,1.4604,1.434,1.4057,1.3763,1.3451,1.3148,1.2854,1.2571,1.2317,1.2082,1.1867,1.173,1.1623,1.1447,1.1232,1.0997,1.0762,1.0547,1.0362,1.0196,1.0049,0.99316,0.98729,0.9912,1.0039,1.0235,1.0547,1.0978,1.1544,1.2258,1.3079,1.3988,1.4995,1.608,1.7234,1.8436,1.9501,2.0528,2.1691,2.2933,2.4194,2.5435,2.6637,2.7801,2.8915,2.998,3.1007,3.2004,3.2786,3.3412,3.4066,3.4663,3.5171,3.5533,3.5767,3.5865,3.5846,3.5748,3.5572,3.5337,3.5044,3.4712,3.436,3.3988,3.3587,3.3167,3.2737,3.2278,3.1789,3.1281,3.0762,3.0225,2.9687,2.9189,2.87,2.7234,2.5318,2.4145,2.3343,2.2727,2.2199,2.1711,2.1241,2.0782,2.0332,1.9951,1.9619,1.9267,1.8915,1.8563,1.8192,1.782,1.7439,1.7058,1.6667,1.6276,1.5894,1.5523,1.523,1.4966,1.4682,1.4389,1.4096,1.3812,1.3519,1.3236,1.2962,1.2698,1.2454,1.2248,1.2111,1.2053,1.2023,1.2053,1.216,1.2366,1.2649,1.3021,1.348,1.4027,1.4643,1.5318,1.6031,1.6686,1.7312,1.8006,1.8729,1.9453,2.0166,2.086,2.1544,2.2219,2.2874,2.35,2.4086,2.4536,2.4888,2.5239,2.5552,2.5797,2.5963,2.6041,2.6041,2.5953,2.5816,2.563,2.5415,2.5181,2.4956,2.4721,2.4467,2.4203,2.39,2.3578,2.3245,2.2893,2.2532,2.216,2.1789,2.1427,2.1095,2.0782,2.045,2.0108,1.9765,1.9423,1.9062,1.871,1.8358,1.8025,1.7693,1.7351,1.6999,1.6706,1.6432,1.6119,1.5806,1.5494,1.52,1.4917,1.4633,1.436,1.4076,1.3783,1.35,1.3265,1.3069,1.2845,1.262,1.2405,1.219,1.1984,1.1789,1.1613,1.1457,1.1339,1.1261,1.1261,1.1339,1.1515,1.1779,1.2131,1.2571,1.3099,1.3705,1.436,1.5073,1.5836,1.6628,1.7449,1.8172,1.8856,1.9629,2.043,2.1241,2.2053,2.2845,2.3607,2.433,2.5005,2.5621,2.6168,2.6657,2.7009,2.7243,2.7468,2.7625,2.7703,2.7703,2.7634,2.7527,2.739,2.7234,2.7048,2.6833,2.6598,2.6325,2.6031,2.5718,2.5386,2.5044,2.4702,2.436,2.3998,2.3636,2.3265,2.2884,2.2512,2.217,2.1848,2.1496,2.1114,2.0714,2.0313,1.9922,1.955,1.9198,1.8866,1.8534,1.8211,1.7937,1.7703,1.7468,1.7263,1.7116,1.7009,1.697,1.6999,1.7107,1.7292,1.7517,1.7791,1.8065,1.8328,1.8651,1.9013,1.9394,1.9765,2.0108,2.042,2.0694,2.0909,2.1065,2.1173,2.1222,2.1212,2.1153,2.1056,2.0929,2.0772,2.0587,2.0381,2.0176,1.9961,1.9736,1.9511,1.9296,1.9101,1.8925,1.8719,1.8495,1.827,1.8035,1.7791,1.7537,1.7283,1.7028,1.6784,1.653,1.6256,1.6041,1.5846,1.5601,1.5327,1.5064,1.48,1.4555,1.4321,1.4096,1.3871,1.3656,1.3451,1.3294,1.3167,1.3001,1.2815,1.263,1.2444,1.2258,1.2072,1.1896,1.1447,1.0841,1.044,1.0147,0.99804,0.98729,0.97263,0.95601,0.93842,0.91984,0.90225,0.88563,0.87097,0.85826,0.84751,0.83578,0.82796,0.82307,0.81232,0.79961,0.7869,0.77322,0.75953,0.74585,0.73314,0.72043,0.7087,0.69892,0.69404,0.69892,0.71163,0.72923,0.75464,0.78983,0.83578,0.89443,0.96481,1.0469,1.1388,1.2395,1.348,1.4477,1.5445,1.654,1.7713,1.8925,2.0137,2.1359,2.2571,2.3773,2.4946,2.607,2.7136,2.8123,2.8895,2.9521,3.0176,3.0772,3.1281,3.1711,3.2053,3.2287,3.2414,3.2454,3.2424,3.2317,3.2121,3.1857,3.1564,3.1222,3.085,3.045,3.002,2.9589,2.9159,2.8719,2.826,2.7781,2.7302,2.6852,2.6422,2.5963,2.5494,2.5005,2.4497,2.3978,2.3451,2.2923,2.2405,2.1887,2.1378,2.0948,2.0547,2.0117,1.9677,1.9247,1.8827,1.8407,1.7996,1.7586,1.7165,1.6755,1.6344,1.5943,1.5611,1.5298,1.4927,1.4536,1.4145,1.3754,1.3372,1.3001,1.2639,1.2297,1.1994,1.1711,1.1505,1.1349,1.1173,1.1036,1.0968,1.0997,1.1134,1.1378,1.172,1.217,1.2717,1.3353,1.4037,1.4682,1.5318,1.6041,1.6823,1.7654,1.8514,1.9413,2.0313,2.1202,2.2063,2.2884,2.3646,2.4242,2.4761,2.5318,2.5865,2.6373,2.6804,2.7136,2.7361,2.7488,2.7527,2.7498,2.74,2.7234,2.7009,2.6755,2.6471,2.6149,2.5816,2.5474,2.5132,2.478,2.4418,2.4047,2.3646,2.3226,2.2845,2.2463,2.2043,2.1623,2.1212,2.0802,2.0391,1.999,1.9589,1.9189,1.8778,1.8368,1.8025,1.7713,1.7361,1.6979,1.6598,1.6227,1.5875,1.5543,1.523,1.4927,1.4633,1.434,1.4066,1.3851,1.3666,1.3421,1.3148,1.2854,1.2532,1.2219,1.1935,1.1672,1.1437,1.1241,1.1105,1.1056,1.1085,1.1153,1.13,1.1535,1.1867,1.2287,1.2815,1.3441,1.4164,1.4956,1.5806,1.6706,1.7537,1.8328,1.9228,2.0186,2.1163,2.2141,2.3099,2.4027,2.4927,2.5787,2.6598,2.7351,2.7918,2.8358,2.8807,2.9208,2.9531,2.9765,2.9902,2.9961,2.9932,2.9824,2.9658,2.9453,2.9218,2.8954,2.868,2.8387,2.8065,2.7713,2.7331,2.6931,2.652,2.609,2.565,2.522,2.48,2.4399,2.4008,2.3597,2.3079,2.2522,2.2043,2.1603,2.1202,2.0841,2.0508,2.0196,1.9883,1.9589,1.9345,1.912,1.8866,1.8612,1.8387,1.8211,1.8104,1.8074,1.8123,1.824,1.8416,1.8641,1.8876,1.912,1.9413,1.9726,2.0039,2.0352,2.0655,2.0958,2.1241,2.1496,2.172,2.1906,2.2043,2.2121,2.2141,2.2131,2.2082,2.2004,2.1887,2.174,2.1574,2.1398,2.1202,2.0987,2.0772,2.0577,2.0391,2.0196,1.998,1.9756,1.9531,1.9306,1.9071,1.8827,1.8592,1.8358,1.8113,1.7869,1.7664,1.7468,1.7243,1.6999,1.6755,1.651,1.6266,1.6041,1.5816,1.5601,1.5386,1.5161,1.4966,1.48,1.4614,1.4409,1.4203,1.4018,1.3851,1.3695,1.3548,1.3382,1.3206,1.303,1.2864,1.2737,1.2639,1.2512,1.2375,1.2258,1.2141,1.2023,1.1906,1.1789,1.1681,1.1584,1.1486,1.1427,1.1388,1.131,1.1202,1.1085,1.0968,1.086,1.0772,1.0694,1.0616,1.0557,1.0508,1.0479,1.0499,1.0567,1.0645,1.0753,1.0938,1.1193,1.1535,1.1955,1.2444,1.3001,1.3646,1.436,1.5044,1.5748,1.6569,1.7478,1.8436,1.9413,2.0401,2.1378,2.2336,2.3275,2.4174,2.5044,2.5767,2.6403,2.7107,2.781,2.8485,2.9101,2.9648,3.0117,3.0499,3.0782,3.0978,3.1085,3.1105,3.1017,3.087,3.0704,3.0508,3.0274,3.002,2.9726,2.9404,2.9062,2.868,2.828,2.7869,2.7468,2.7067,2.6667,2.6266,2.5865,2.5464,2.5064,2.4653,2.4242,2.3822,2.3412,2.2991,2.2581,2.2229,2.1896,2.1525,2.1153,2.0782,2.0411,2.0059,1.9697,1.9335,1.8974,1.8622,1.826,1.7947,1.7664,1.7351,1.7048,1.6735,1.6413,1.61,1.5787,1.5484,1.5181,1.4888,1.4604,1.433,1.4125,1.3969,1.3803,1.3656,1.3529,1.3451,1.3431,1.348,1.3607,1.3803,1.4066,1.4418,1.48,1.522,1.5728,1.6295,1.6911,1.7576,1.827,1.8983,1.9697,2.042,2.1134,2.1828,2.2493,2.304,2.3529,2.4047,2.4565,2.5054,2.5494,2.5875,2.6178,2.6413,2.6559,2.6618,2.6608,2.652,2.6383,2.6227,2.6041,2.5836,2.5611,2.5386,2.5152,2.4897,2.4624,2.433,2.4018,2.3685,2.3372,2.3069,2.2747,2.2405,2.2063,2.1711,2.1359,2.0997,2.0626,2.0068,1.9413,1.8915,1.8553,1.825,1.7937,1.7634,1.7341,1.7058,1.6764,1.6481,1.6197,1.5914,1.564,1.5376,1.5112,1.4897,1.4721,1.4516,1.4301,1.4096,1.3891,1.3675,1.346,1.3255,1.305,1.2854,1.2669,1.2551,1.2493,1.2434,1.2414,1.2444,1.2542,1.2727,1.2991,1.3333,1.3763,1.4272,1.4858,1.5503,1.6109,1.6716,1.74,1.8113,1.8837,1.957,2.0313,2.1046,2.1789,2.2522,2.3236,2.393,2.4477,2.4936,2.5435,2.5924,2.6354,2.6716,2.6989,2.7175,2.7273,2.7302,2.7273,2.7195,2.7077,2.6911,2.6716,2.6491,2.6246,2.5973,2.5679,2.5376,2.5054,2.4731,2.4409,2.4066,2.3734,2.3421,2.3128,2.2825,2.2512,2.219,2.1867,2.1554,2.1232,2.0909,2.0596,2.0283,1.9971,1.9658,1.9384,1.912,1.8827,1.8534,1.8231,1.7928,1.7634,1.7351,1.7077,1.6804,1.6549,1.6295,1.609,1.5914,1.5709,1.5474,1.523,1.4985,1.4741,1.4497,1.4272,1.4086,1.393,1.3832,1.3812,1.3871,1.3998,1.4213,1.4506,1.4868,1.5308,1.5826,1.6403,1.7019,1.7664,1.8328,1.9013,1.9619,2.0186,2.0821,2.1496,2.217,2.2835,2.349,2.4125,2.4751,2.5337,2.5875,2.6364,2.6716,2.697,2.7204,2.739,2.7517,2.7566,2.7537,2.7449,2.7331,2.7175,2.6979,2.6755,2.651,2.6246,2.5973,2.567,2.5347,2.5015,2.4692,2.436,2.4027,2.3685,2.3353,2.3011,2.2669,2.2356,2.2043,2.1691,2.132,2.0938,2.0557,2.0196,1.9834,1.9492,1.9159,1.8847,1.8543,1.824,1.7986,1.7761,1.7507,1.7234,1.697,1.6696,1.6413,1.6119,1.5836,1.5562,1.5288,1.5024,1.4819,1.4643,1.4448,1.4242,1.4037,1.3851,1.3675,1.3529,1.3412,1.3353,1.3353,1.3421,1.3578,1.3793,1.4066,1.4438,1.4888,1.5406,1.5992
79.03,80.886,82.937,85.233,87.724,90.948,95.051,100.03,105.26,110,114.1,117.62,120.3,122.26,123.43,123.92,123.87,89.385,88.945,88.506,88.066,87.529,87.138,86.698,86.259,85.819,85.282,84.793,84.305,83.816,83.279,82.791,82.351,81.863,81.374,80.886,80.446,80.007,79.616,79.176,78.688,78.297,77.858,77.418,76.978,76.539,76.099,75.757,75.318,74.976,74.634,74.243,73.901,73.559,73.217,72.973,72.778,72.68,72.729,73.12,73.901,75.318,77.174,79.469,82.253,85.721,90.215,95.344,100.62,105.6,110.29,114.44,117.67,120.11,121.72,122.7,122.94,122.6,122.01,121.13,120.16,119.18,118.2,117.03,115.76,114.2,112.24,109.8,106.82,103.79,101.3,99.495,98.372,97.493,96.76,95.979,95.246,94.513,93.781,93.243,92.657,92.169,91.68,91.094,90.557,89.971,89.434,88.847,88.31,87.724,87.187,86.601,86.063,85.428,84.842,84.305,83.719,83.182,82.595,82.058,81.423,80.886,80.3,79.762,79.323,78.883,78.541,78.297,78.102,78.102,78.492,79.323,80.593,82.302,84.305,86.552,89.189,92.364,96.125,99.935,103.26,105.99,108.29,110.19,111.36,112,112.19,112,111.51,110.73,109.95,108.92,107.8,106.38,104.67,102.57,99.984,97.249,94.855,93.195,92.12,91.192,90.215,89.434,88.603,87.919,87.236,86.698,86.161,85.673,85.135,84.549,84.061,83.572,83.133,82.595,82.107,81.618,81.13,80.593,80.153,79.665,79.225,78.786,78.346,77.858,77.369,76.881,76.343,76.001,75.562,75.122,74.731,74.341,73.999,73.657,73.364,73.12,72.778,72.485,72.24,71.996,71.752,71.41,71.166,70.922,70.677,70.384,70.091,69.798,69.554,69.261,68.919,68.626,68.284,67.991,67.698,67.307,66.916,66.623,66.281,65.988,65.695,65.353,65.109,64.865,64.621,64.425,64.279,64.425,64.914,65.988,67.551,69.603,72.045,75.073,79.323,84.793,90.948,96.907,102.62,107.7,111.8,114.93,117.03,118.3,118.79,118.74,118.3,117.57,116.69,115.76,114.78,113.76,112.54,111.12,109.41,107.26,104.58,101.55,98.812,96.76,95.344,94.416,93.683,92.999,92.218,91.485,90.752,90.069,89.434,88.799,88.164,87.626,87.04,86.552,85.966,85.428,84.94,84.354,83.865,83.377,82.791,82.302,81.716,81.228,80.739,80.251,79.762,79.323,78.883,78.346,77.906,77.467,77.027,76.636,76.246,75.855,75.464,75.122,74.731,74.292,73.901,73.559,73.168,72.729,72.387,71.996,71.654,71.312,70.922,70.531,70.189,69.798,69.505,69.163,68.87,68.675,68.479,68.528,68.87,69.652,70.922,72.68,74.78,77.32,80.251,84.012,88.506,93.097,97.493,101.55,105.26,108.19,110.29,111.76,112.63,112.93,112.78,112.39,111.76,110.92,110.05,109.07,107.95,106.63,105.11,103.26,100.91,98.177,95.49,93.292,91.778,90.508,89.385,88.261,87.284,86.552,85.966,85.477,85.038,84.598,84.11,83.67,83.182,82.742,82.253,81.814,81.374,80.935,80.495,80.055,79.616,79.176,78.737,78.346,77.906,77.564,77.174,76.783,76.441,76.05,75.66,75.366,74.976,74.683,74.292,73.901,73.559,73.168,72.778,72.485,72.192,71.85,71.557,71.215,70.922,70.629,70.384,70.091,69.847,69.652,69.505,69.505,69.603,70.091,71.068,72.485,74.292,76.343,78.932,82.742,87.724,93.341,98.763,103.79,108.43,112.39,115.42,117.76,119.23,120.06,120.16,119.77,118.98,118.11,117.18,116.25,115.32,114.25,112.98,111.51,109.56,107.16,104.23,101.3,98.909,97.297,96.174,95.441,94.758,94.171,93.634,93.097,92.657,92.169,91.729,91.241,90.801,90.362,89.922,89.482,89.043,88.603,88.164,87.724,87.284,86.845,86.356,85.868,85.379,84.793,84.305,83.816,83.279,82.791,82.302,81.912,81.57,81.277,81.032,80.886,80.739,80.544,80.3,80.055,79.811,79.567,79.323,78.981,78.737,78.492,78.199,77.906,77.662,77.369,77.125,76.929,76.783,76.881,77.174,77.809,78.981,80.544,82.547,84.842,87.675,91.29,95.734,100.62,105.31,109.56,113.42,116.64,118.94,120.55,121.48,121.87,121.72,121.28,120.6,119.67,118.69,117.67,116.64,115.47,114.1,112.49,110.29,107.55,104.58,101.79,99.74,98.372,97.346,96.614,95.881,95.099,94.416,93.732,93.097,92.56,91.973,91.436,90.85,90.313,89.824,89.238,88.701,88.164,87.626,87.138,86.552,86.063,85.428,84.793,84.158,83.572,82.84,82.253,81.57,80.886,80.251,79.616,79.03,78.444,77.858,77.32,76.881,76.539,76.294,76.099,75.855,75.611,75.318,74.976,74.683,74.292,73.999,73.657,73.315,72.973,72.68,72.387,72.094,71.947,71.947,72.094,72.778,73.901,75.562,77.418,79.616,82.253,85.575,89.678,94.171,98.421,102.28,105.85,108.87,111.12,112.68,113.56,113.86,113.76,113.22,112.54,111.76,110.88,109.95,108.87,107.6,106.14,104.43,102.47,100.37,98.421,96.809,95.344,94.171,93.195,92.218,91.387,90.606,89.922,89.287,88.701,88.164,87.626,87.04,86.503,85.917,85.379,84.793,84.305,83.719,83.23,82.742,82.253,81.814,81.277,80.886,80.349,79.909,79.421,78.883,78.346,77.906,77.564,77.174,76.783,76.441,76.05,75.757,75.464,75.22,75.122,75.122,75.366,76.001,77.027,78.492,80.153,82.009,83.67,85.379,86.845,88.261,89.434,90.557,91.534,92.315,92.853,93.243,93.488,93.536,93.488,93.243,92.853,92.364,91.729,90.997,90.166,89.287,88.506,87.822,87.236,86.698,86.112,85.624,85.184,84.793,84.5,84.158,83.914,83.719,83.572,83.377,83.182,82.986,82.791,82.547,82.302,82.058,81.814,81.618,81.374,81.179,80.935,80.739,80.495,80.251,80.007,79.762,79.567,79.323,79.03,78.883,78.688,78.492,78.297,78.102,77.906,77.809,77.613,77.467,77.32,77.174,76.978,76.783,76.685,76.49,76.294,76.197,76.05,75.904,75.806,75.66,75.464,75.366,75.171,75.073,74.878,74.731,74.536,74.438,74.243,74.097,73.901,73.803,73.657,73.559,73.51,73.51,73.608,74.097,75.122,76.636,78.541,80.788,83.279,86.503,91.045,97.004,103.74,110.29,116,120.55,123.92,126.31,127.68,128.12,127.92,127.24,126.36,125.43,124.41,123.38,122.26,120.99,119.67,118.06,116.1,113.51,110.44,107.36,104.87,103.06,101.69,100.57,99.544,98.665,97.981,97.346,96.809,96.174,95.637,95.051,94.562,94.074,93.536,93.048,92.56,92.12,91.632,91.192,90.752,90.313,89.922,89.434,88.945,88.408,87.919,87.431,86.943,86.503,85.966,85.575,85.135,84.696,84.256,83.816,83.377,82.937,82.498,82.107,81.667,81.179,80.788,80.349,79.909,79.469,79.03,78.59,78.248,77.858,77.418,77.027,76.685,76.294,76.001,75.806,75.806,76.099,76.929,78.199,79.909,81.863,84.012,86.503,89.824,94.171,99.105,103.79,107.95,111.61,114.73,117.13,118.89,120.01,120.5,120.45,119.91,119.18,118.3,117.42,116.54,115.47,114.3,112.78,110.92,108.48,105.55,102.47,100.03,98.421,97.346,96.565,95.783,95.051,94.318,93.634,92.999,92.413,91.876,91.387,90.85,90.41,89.922,89.434,88.945,88.408,87.968,87.48,86.991,86.503,85.966,85.477,84.94,84.403,83.865,83.279,82.742,82.253,81.716,81.228,80.69,80.153,79.616,79.127,78.541,78.053,77.613,77.223,76.881,76.539,76.099,75.66,75.22,74.878,74.487,74.048,73.608,73.168,72.778,72.436,72.094,71.801,71.557,71.41,71.508,71.996,72.924,74.438,76.343,78.59,81.277,84.696,88.799,93.243,97.493,101.45,105.11,108.29,110.73,112.39,113.37,113.76,113.66,113.32,112.68,111.85,110.97,110.09,109.12,107.95,106.43,104.67,102.47,99.789,97.053,94.66,93.097,92.169,91.485,90.801,90.117,89.434,88.75,88.066,87.48,86.943,86.503,85.966,85.575,85.038,84.598,84.11,83.621,83.133,82.595,82.156,81.667,81.179,80.69,80.153,79.616,79.127,78.59,78.199,77.662,77.223,76.783,76.441,76.001,75.562,75.122,74.683,74.292,73.901,73.559,73.168,72.778,72.387,71.947,71.508,71.117,70.726,70.384,91.241,90.655,90.166,89.629,89.043,88.506,87.919,87.431,86.845,86.308,85.819,85.233,84.696,84.11,83.621,83.133,82.595,82.156,81.716,81.277,80.886,80.446,79.909,79.421,78.932,78.444,77.858,77.369,76.881,76.343,75.855,75.318,74.731,74.194,73.608,73.168,72.729,72.387,71.996,71.654,71.605,71.801,72.485,73.657,75.318,77.369,79.665,82.449,85.819,89.971,94.513,98.665,102.47,105.99,108.92,111.22,112.93,114,114.44,114.3,113.81,113.07,112.1,111.17,110.24,109.31,108.19,106.72,105.06,103.01,100.42,97.591,95.295,93.683,92.755,92.169,91.68,91.045,90.362,89.727,89.189,88.701,88.261,87.724,87.236,86.747,86.259,85.721,85.233,84.745,84.305,83.865,83.377,82.791,82.253,81.716,81.228,80.739,80.251,79.762,79.323,78.786,78.346,77.858,77.369,76.929,76.49,76.099,75.66,75.318,74.976,74.683,74.438,74.097,73.803,73.51,73.168,72.875,72.485,72.192,71.85,71.605,71.215,70.922,70.629,70.433,70.238,70.189,70.287,70.677,71.605,73.071,74.878,77.027,79.665,83.133,87.48,92.12,96.565,100.62,104.28,107.51,109.8,111.36,112.39,112.78,112.78,112.39,111.76,110.97,110.19,109.31,108.29,107.12,105.8,104.23,102.28,99.789,96.907,94.416,92.608,91.436,90.655,90.166,89.922,89.629,89.189,88.799,88.408,88.115,87.822,87.431,87.138,86.747,86.356,86.063,85.673,85.233,84.842,84.403,84.061,83.67,83.23,82.937,82.742,82.547,82.302,82.058,81.716,81.472,81.228,80.984,80.593,80.251,79.909,79.665,79.372,79.03,78.688,78.297,78.004,77.662,77.32,76.881,76.49,76.197,75.855,75.464,75.171,74.878,74.683,74.487,74.341,74.341,74.634,75.366,76.636,78.248,80.153,82.547,85.673,89.727,94.611,99.544,104.14,108.29,112.1,115.22,117.57,119.18,120.16,120.6,120.69,120.25,119.57,118.59,117.62,116.64,115.47,114.25,112.73,111.07,108.82,106.04,103.06,100.57,98.86,97.884,97.2,96.565,95.783,95.051,94.367,93.732,93.243,92.804,92.413,92.12,91.729,91.387,90.997,90.557,90.166,89.727,89.385,88.945,88.506,87.968,87.48,87.04,86.601,86.161,85.673,85.184,84.793,84.354,83.914,83.426,82.986,82.498,82.107,81.667,81.228,80.739,80.3,79.909,79.469,79.03,78.59,78.199,77.809,77.418,77.027,76.636,76.246,75.904,75.66,75.464,75.415,75.562,76.099,77.174,78.737,80.739,83.035,86.112,90.166,95.246,100.42,105.31,109.75,113.86,117.42,120.11,122.11,123.38,124.02,124.06,123.72,123.04,122.16,121.18,120.25,119.18,118.06,116.74,115.17,113.12,110.49,107.41,104.48,102.18,100.67,99.691,98.812,97.884,96.907,96.076,95.246,94.513,93.878,93.243,92.608,91.973,91.436,90.85,90.313,89.727,89.238,88.75,88.261,87.724,87.236,86.747,86.259,85.673,85.184,84.696,84.11,83.621,83.035,82.547,82.107,81.667,81.228,80.788,80.349,79.909,79.469,79.03,78.59,78.199,77.76,77.32,76.881,76.441,76.05,75.611,75.171,74.78,74.438,74.097,73.803,73.51,73.364,73.364,73.657,74.438,75.66,77.467,79.665,82.302,85.673,90.069,95.246,100.57,105.55,110.24,114.34,117.67,120.16,121.91,122.94,123.23,122.99,122.35,121.57,120.6,119.77,118.79,117.86,116.79,115.57,114.05,112.1,109.56,106.63,103.74,101.6,100.23,99.3,98.567,97.737,96.858,96.076,95.197,94.416,93.683,92.999,92.364,91.68,90.997,90.362,89.873,89.434,88.847,88.31,87.675,87.138,86.552,85.917,85.379,84.745,84.11,83.572,82.937,82.302,81.667,81.13,80.593,80.104,79.616,79.127,78.688,78.297,78.004,77.809,77.76,77.906,78.59,79.762,81.228,83.035,84.94,87.138,89.482,92.169,95.197,98.03,100.18,101.6,102.62,103.45,103.79,103.94,103.74,103.35,102.82,102.13,101.25,100.23,98.909,97.346,95.637,93.536,91.241,88.994,87.236,85.966,84.989,84.061,83.279,82.595,82.009,81.277,80.739,80.3,79.86,79.372,78.883,78.444,78.004,77.564,77.125,76.734,76.343,76.05,75.757,75.415,75.073,74.683,74.341,74.048,73.755,73.364,73.071,72.729,72.436,72.192,71.801,71.508,71.215,70.97,70.726,70.433,70.091,69.847,69.603,69.407,69.163,68.87,68.626,68.431,68.235,68.04,67.844,67.698,67.503,67.356,67.161,66.965,66.819,66.526,66.428,66.281,66.135,65.94,65.744,65.549,65.5,65.353,65.158,65.06,64.914,64.865,64.816,64.816,65.06,65.744,66.965,68.675,70.824,73.51,77.174,82.449,88.847,95.686,102.23,108.09,113.17,117.13,120.11,122.26,123.62,124.31,124.41,124.16,123.48,122.55,121.48,120.45,119.33,118.01,116.49,114.88,112.98,110.83,108.39,105.8,103.35,101.6,100.47,99.74,98.909,98.03,97.249,96.467,95.734,95.051,94.416,93.781,93.243,92.657,92.071,91.485,90.948,90.41,89.922,89.434,88.847,88.359,87.871,87.382,86.845,86.356,85.819,85.233,84.745,84.256,83.719,83.182,82.742,82.302,81.863,81.423,80.984,80.593,80.251,79.86,79.469,79.03,78.59,78.248,77.809,77.418,76.978,76.636,76.246,75.855,75.464,75.122,74.731,74.438,74.194,73.999,73.901,74.097,74.634,75.66,77.223,79.225,81.57,84.158,87.529,91.534,95.197,97.591,99.056,100.37,101.79,103.26,104.58,105.6,106.43,107.07,107.41,107.6,107.7,107.55,107.36,107.07,106.63,105.99,105.16,104.23,103.06,101.6,100.03,98.372,96.467,94.513,92.657,91.534,91.094,91.045,91.045,90.997,90.948,90.801,90.557,90.313,90.069,89.727,89.434,89.092,88.75,88.359,87.968,87.626,87.236,86.845,86.405,85.966,85.477,85.038,84.598,84.11,83.621,83.133,82.595,82.107,81.667,81.228,80.788,80.349,79.909,79.469,78.981,78.541,78.102,77.662,77.223,76.783,76.343,75.904,75.562,75.171,74.78,74.487,74.194,73.901,73.803,73.852,74.243,75.073,76.441,78.297,80.544,83.182,86.503,90.948,96.418,102.04,107.31,112.05,116.1,119.37,121.87,123.67,124.8,125.19,125.04,124.55,123.82,122.99,122.06,121.04,119.91,118.74,117.32,115.76,113.76,111.12,107.99,105.11,103.01,101.69,100.62,99.691,98.665,97.688,96.76,95.93,95.099,94.367,93.634,92.853,92.169,91.534,90.948,90.313,89.727,89.238,88.75,88.164,87.675,87.138,86.552,85.917,85.379,84.745,84.061,83.426,82.791,82.156,81.57,80.935,80.446,80.055,79.762,79.372,78.981,78.59,78.199,77.76,77.32,76.929,76.49,76.099,75.66,75.318,74.878,74.487,74.097,73.803,73.51,73.168,72.924,72.729,72.631,72.729,73.168,74.097,75.464,77.369,79.469,82.107,85.624,90.069,95.002,99.74,104.14,108.09,111.61,114.3,116.25,117.57,118.3,118.54,118.45,117.86,117.13,116.25,115.32,114.34,113.32,112.1,110.63,108.92,106.87,104.48,101.99,99.495,97.493,96.076,95.051,94.123,93.097,92.12,91.241,90.41,89.678,88.994,88.359,87.724,87.187,86.698,86.112,85.624,85.038,84.5,84.012,83.475,82.986,82.498,82.009,81.423,80.935,80.446,79.909,79.421,78.981,78.541,78.199,77.76,77.369,76.929,76.441,76.05,75.611,75.22,74.78,74.438,74.048,73.608,73.168,72.729,72.387,71.996,71.605,71.215,70.922,70.629,70.287,69.994,69.798,69.798,69.945,70.482,71.508,72.973,74.976,77.418,80.593,84.598,88.945,92.511,94.66,96.125,97.493,98.86,100.18,101.35,102.38,103.16,103.74,104.14,104.28,104.28,104.18,103.84,103.5,102.91,102.18,101.35,100.33,99.056,97.688,96.321,95.051,93.927,92.657,91.045,89.531,88.603,88.164,87.919,87.626,87.284,86.943,86.503,86.112,85.721,85.379,85.038,84.696,84.354,84.012,83.621,83.23,82.84,82.449,82.058,81.618,81.228,80.788,80.446,80.104,79.762,79.421,79.127,78.786,78.444,78.102,77.809,77.467,77.174,76.881,76.539,76.246,75.904,75.611,75.318,74.976,74.634,74.341,74.048,73.803,73.608,73.364,73.217,73.217,73.364,73.901,74.927,76.441,78.346,80.739,83.816,87.724,86.112,85.673,85.233,84.745,84.305,83.816,83.377,82.84,82.449,82.009,81.472,81.032,80.69,80.251,79.811,79.372,78.932,78.541,78.102,77.76,77.32,76.881,76.441,76.05,75.611,75.22,74.78,74.438,74.048,73.657,73.364,73.071,72.778,72.631,72.631,72.778,73.364,74.487,76.099,78.102,80.495,83.572,87.675,92.608,97.591,102.13,106.24,110.09,113.32,115.76,117.47,118.54,118.98,118.98,118.54,117.86,116.98,116.05,115.08,114.05,112.88,111.61,110.19,108.29,105.8,102.72,99.691,97.2,95.099,93.292,91.729,90.655,90.069,89.629,89.189,88.701,88.261,87.822,87.382,86.943,86.405,85.966,85.477,84.989,84.5,84.012,83.475,82.986,82.449,81.863,81.277,80.739,80.153,79.616,78.981,78.444,77.809,77.223,76.685,76.099,75.611,75.122,74.683,74.243,73.901,73.657,73.51,73.608,74.048,74.976,76.343,78.053,79.909,82.107,84.549,87.675,91.387,94.855,97.493,99.349,100.91,102.18,102.91,103.16,103.06,102.62,101.94,101.11,100.13,99.007,97.688,96.223,94.611,92.657,90.313,87.724,85.721,84.549,83.914,83.572,83.377,83.133,82.937,82.693,82.449,82.253,82.009,81.716,81.472,81.179,80.886,80.544,80.153,79.811,79.421,79.03,78.59,78.248,77.809,77.418,76.978,76.539,76.099,75.66,75.22,74.78,74.438,73.999,73.608,73.315,72.924,72.68,72.387,72.094,71.85,71.605,71.361,71.117,70.873,70.677,70.482,70.287,70.091,69.945,69.798,69.652,69.554,69.407,69.31,69.114,68.919,68.724,68.528,68.382,68.186,67.942,67.747,67.503,67.307,67.161,66.965,66.819,66.672,66.623,66.672,67.112,67.942,69.359,71.312,73.803,77.223,81.912,87.529,93.292,98.812,104.14,109.12,113.32,116.69,119.18,120.94,122.06,122.55,122.6,122.35,121.82,121.04,120.16,119.18,118.06,116.88,115.57,114.05,112.1,109.56,106.43,103.35,100.72,98.763,96.907,95.246,93.732,92.364,91.094,90.069,89.092,88.261,87.48,86.796,86.112,85.428,84.793,84.158,83.572,82.986,82.449,81.912,81.374,80.886,80.3,79.762,79.225,78.737,78.248,77.76,77.223,76.783,76.441,76.001,75.562,75.171,74.78,74.438,74.097,73.755,73.315,72.924,72.631,72.24,71.947,71.557,71.166,70.824,70.482,70.189,69.945,69.749,69.603,69.652,69.994,70.726,71.947,73.51,75.318,77.369,79.86,83.182,87.236,91.387,94.855,97.688,100.18,102.04,103.26,103.7,103.5,102.72,101.74,100.57,99.251,97.884,96.369,94.66,92.755,90.313,87.871,85.917,84.696,83.914,83.377,83.182,83.182,83.23,83.279,83.377,83.279,83.23,83.182,83.133,82.937,82.742,82.498,82.253,82.009,81.716,81.472,81.179,80.886,80.544,80.251,79.909,79.567,79.225,78.883,78.444,78.102,77.76,77.369,76.978,76.685,76.294,75.904,75.611,75.318,74.976,74.683,74.438,74.097,73.901,73.657,73.51,73.168,72.924,72.68,72.436,72.094,71.85,71.605,71.312,70.97,70.726,70.433,70.189,69.945,69.652,69.407,69.163,68.968,68.919,69.066,69.603,70.629,72.094,74.097,76.441,79.421,83.426,88.408,93.732,98.812,103.7,108.29,112.39,115.66,118.3,120.3,121.62,122.35,122.5,122.26,121.67,120.94,120.01,118.98,117.91,116.69,115.37,113.86,111.85,109.26,105.99,102.72,99.984,97.688,95.539,93.683,92.218,91.29,90.752,90.166,89.531,88.994,88.506,87.919,87.382,86.845,86.356,85.868,85.379,84.842,84.354,83.865,83.377,82.84,82.449,81.912,81.423,80.935,80.349,79.86,79.421,78.932,78.444,77.906,77.418,76.929,76.49,76.05,75.611,75.171,74.731,74.341,73.901,73.51,73.12,72.68,72.24,71.801,71.41,70.97,70.629,70.189,69.847,69.554,69.261,69.066,68.919,68.968,69.359,70.189,71.557,73.364,75.464,77.906,80.984,85.038,89.678,94.074,97.884,101.5,104.82,107.6,109.75,111.22,112.05,112.39,112.29,111.85,111.22,110.49,109.61,108.73,107.75,106.53,105.16,103.55,101.45,98.665,95.734,93.195,91.241,89.824,88.847,88.261,87.871,87.431,86.943,86.503,86.112,85.721,85.379,84.94,84.549,84.11,83.719,83.279,82.937,82.498,82.107,81.667,81.277,80.886,80.446,80.007,79.616,79.225,78.883,78.492,78.102,77.76,77.418,77.027,76.685,76.294,75.904,75.611,75.318,74.976,74.634,74.292,73.999,73.657,73.364,72.973,72.68,72.387,72.045,71.752,71.41,71.166,70.97,70.824,70.726,70.922,71.41,72.436,73.901,75.806,78.053,81.032,85.135,90.117,95.246,99.935,104.28,108.43,111.95,114.64,116.69,118.11,118.98,119.33,119.13,118.59,117.86,117.03,116.1,115.08,113.9,112.63,111.17,109.51,107.16,104.28,101.25,98.665,96.662,95.051,93.781,92.999,92.511,92.071,91.485,90.85,90.215,89.678,89.092,88.554,88.115,87.675,87.284,86.943,86.601,86.356,86.063,85.721,85.428,85.038,84.696,84.256,83.719,83.182,82.693,82.156,81.667,81.228,80.788,80.3,79.86,79.421,78.981,78.541,78.199,77.76,77.32,76.881,76.441,76.001,75.562,75.171,74.731,74.341,73.901,73.559,73.315,73.071,72.924,72.973,73.315,74.097,75.415,77.223,79.421,82.058,85.624,90.215,95.344,100.23,104.72,108.97,112.78,116,118.5,120.35,121.62,122.11,122.11,121.67,121.04,120.3,119.47,118.54,117.47,116.35,115.08,113.56,111.66,109.17,106.04,103.01,100.42,98.372,96.662,95.441,94.562,93.976,93.536,93.048,92.56,92.12,91.68,91.241,90.752,90.215,89.824,89.385,88.847,88.359,87.871,87.284,86.796,86.259,85.673,85.135,84.549,84.061,83.475,82.84,82.302,81.716,81.179,80.593,80.104,79.567,78.981,78.541,78.102,77.809,77.564,77.418,77.564,77.906,78.737,80.055,81.716,83.865,86.308,89.434,93.439,97.981,102.23,105.8,108.87,111.56,113.66,115.17,116.2,116.64,116.64,116.3,115.66,114.88,113.9,112.93,111.8,110.49,108.82,106.68,103.84,100.72,97.884,95.686,94.171,93.048,92.364,91.876,91.387,90.85,90.362,89.873,89.434,88.994,88.554,88.066,87.626,87.187,86.747,86.308,85.819,85.282,84.793,84.354,83.865,83.377,82.791,82.302,81.716,81.179,80.544,80.007,79.372,78.737,78.199,77.662,77.125,76.539,76.001,75.464,74.976,74.487,74.048,73.608,73.217,72.875,72.485,72.094,71.801,71.508,71.166,70.922,70.677,70.433,70.091,69.749,69.407,69.114,68.821,68.479,68.186,67.844,67.551,67.258,66.916,66.623,66.379,66.135,65.94,65.793,65.94,66.428,67.356,68.919,71.068,73.608,76.978,81.57,86.991,92.511,97.786,102.87,107.55,111.51,114.49,116.74,118.25,119.18,119.57,119.37,118.74,117.81,116.74,115.61,114.44,113.17,111.85,110.29,108.39,105.75,102.62,99.593,97.2,95.246,93.781,92.657,91.925,91.192,90.41,89.824,89.092,88.554,87.968,87.48,86.943,86.405,85.917,85.428,84.842,84.354,83.865,83.426,82.937,82.449,81.912,81.423,80.935,80.495,80.007,79.469,79.03,78.541,78.053,77.564,77.125,76.734,76.343,76.001,75.611,75.22,74.878,74.487,74.194,73.803,73.51,73.168,72.924,72.631,72.289,72.045,71.801,71.508,71.215,70.922,70.677,70.433,70.189,69.994,69.847,69.945,70.189,70.824,71.85,73.413,75.366,77.662,80.739,84.745,89.678,94.66,99.154,103.35,107.31,110.53,113.07,114.78,115.91,116.44,116.44,116.05,115.37,114.49,113.56,112.54,111.56,110.39,109.07,107.6,105.7,103.11,100.13,97.444,95.246,93.536,92.169,91.094,90.508,90.166,89.971,89.678,89.434,89.092,88.799,88.506,88.115,87.822,87.431,87.04,86.601,86.259,85.819,85.428,84.94,84.5,84.012,83.475,83.035,82.547,82.058,81.618,81.179,80.739,80.3,79.86,79.421,79.03,78.688,78.248,77.809,77.418,76.978,76.636,76.246,75.855,75.464,75.122,74.683,74.292,73.999,73.657,73.413,73.12,72.875,72.68,72.631,72.875,73.51,74.634,76.246,78.248,80.739,84.012,88.359,93.488,98.47,103.11,107.41,111.36,114.73,117.42,119.47,120.99,66.623,66.428,66.184,65.988,65.744,65.5,65.256,65.06,64.816,64.572,64.279,64.035,63.79,63.595,63.351,63.155,63.009,62.911,63.058,63.693,64.865,66.623,68.821,71.557,75.318,80.349,86.112,91.778,97.249,102.67,107.6,111.8,114.98,117.37,118.98,119.86,120.3,120.25,119.86,119.13,118.2,117.03,115.86,114.64,113.22,111.8,110.05,107.7,104.67,101.55,98.763,96.467,94.758,93.439,92.511,91.68,90.85,90.117,89.385,88.75,88.115,87.529,87.04,86.552,86.063,85.624,85.135,84.598,84.11,83.621,83.035,82.498,82.009,81.472,80.984,80.495,80.055,79.616,79.127,78.688,78.248,77.809,77.369,76.978,76.636,76.246,75.855,75.464,75.171,74.878,74.536,74.292,73.999,73.657,73.364,73.071,72.778,72.485,72.24,71.996,71.752,71.41,71.166,70.922,70.677,70.433,70.238,70.091,70.238,70.677,71.605,72.973,74.78,76.978,79.811,83.621,88.506,93.732,98.616,103.16,107.51,111.22,114.2,116.44,117.91,118.89,119.18,119.03,118.59,117.86,116.98,116.05,115.08,114,112.88,111.56,110,107.95,105.16,102.13,99.3,97.102,95.441,94.171,93.292,92.755,92.218,91.68,91.045,90.508,89.971,89.482,88.994,88.506,87.968,87.529,87.138,86.698,86.259,85.819,85.379,84.94,84.5,84.061,83.621,83.182,82.742,82.302,81.863,81.423,81.032,80.593,80.153,79.811,79.372,78.932,78.541,78.102,77.662,77.223,76.881,76.441,76.05,75.757,75.366,74.976,74.683,74.292,73.999,73.657,73.413,73.217,73.168,73.315,73.803,74.78,76.343,78.297,80.69,83.719,87.919,93.097,98.47,103.45,108.04,112.39,116.1,119.13,121.48,123.14,124.06,124.31,124.06,123.48,122.7,121.82,120.89,119.91,118.98,117.91,116.74,115.37,113.37,110.63,107.36,104.23,101.6,99.447,97.688,96.321,95.441,94.758,94.123,93.488,92.853,92.218,91.68,91.094,90.557,90.069,89.482,88.994,88.408,87.919,87.48,86.991,86.552,86.063,85.575,85.038,84.549,84.061,83.621,83.133,82.595,82.107,81.667,81.228,80.739,80.3,79.909,79.469,79.127,78.688,78.248,77.858,77.418,76.978,76.539,76.05,75.562,75.122,74.731,74.292,73.999,73.657,73.413,73.217,73.168,73.364,73.803,74.731,76.246,78.102,80.495,83.572,87.724,92.95,98.323,103.26,107.85,112.1,115.81,118.74,120.99,122.55,123.43,123.72,123.58,122.94,122.06,121.13,120.11,119.13,118.11,116.98,115.76,114.1,111.76,108.73,105.41,102.43,99.984,98.03,96.467,95.441,94.562,93.781,93.048,92.364,91.729,91.192,90.606,90.069,89.531,89.043,88.554,88.066,87.626,87.187,86.747,86.308,85.819,85.379,84.842,84.354,83.914,83.426,82.986,82.547,82.058,81.57,81.032,80.544,80.104,79.665,79.176,78.737,78.297,77.858,77.418,76.929,76.441,76.001,75.464,74.927,74.438,73.852,73.364,72.875,72.387,71.85,71.41,70.97,70.726,70.629,70.726,71.215,72.289,73.901,75.904,78.346,81.423,85.575,90.508,95.344,99.789,103.84,107.6,110.83,113.32,115.13,116.3,116.93,116.98,116.69,116.05,115.22,114.25,113.22,112.19,110.97,109.61,107.85,105.6,102.67,99.593,96.858,94.66,93.048,91.876,91.045,90.313,89.629,88.945,88.31,87.724,87.236,86.698,86.259,85.721,85.282,84.793,84.354,83.865,83.377,82.937,82.449,82.009,81.57,81.032,80.593,80.104,79.616,79.176,78.737,78.248,77.809,77.369,76.929,76.49,76.05,75.66,75.318,74.927,74.487,74.097,73.755,73.364,73.071,72.631,72.24,71.801,71.41,71.068,70.677,70.287,69.994,69.603,69.31,69.066,68.87,68.724,68.87,69.31,70.189,71.605,73.51,75.757,78.688,82.595,87.48,92.56,97.102,101.25,105.01,108.24,110.68,112.44,113.61,114.2,114.34,114.1,113.56,112.78,111.85,110.92,109.85,108.73,107.36,105.75,103.6,100.91,97.932,95.295,93.341,91.925,90.85,90.215,89.873,89.531,89.189,88.75,88.31,87.919,87.529,87.187,86.747,86.308,85.917,85.477,85.135,84.745,84.305,83.865,83.475,83.035,82.595,82.253,81.814,81.277,80.935,80.544,80.153,79.811,79.421,79.127,78.737,78.444,78.053,77.662,77.369,77.027,76.685,76.343,76.001,75.611,75.22,74.878,74.536,74.194,73.852,73.559,73.217,72.924,72.729,72.631,72.631,72.875,73.51,74.634,76.246,78.297,80.739,84.061,88.554,93.781,99.056,103.84,108.29,112.29,115.66,118.35,120.35,121.72,122.5,122.6,122.31,121.57,120.6,119.57,118.5,117.42,116.25,114.93,113.32,111.12,108.24,105.06,102.13,99.74,97.688,95.93,94.66,93.781,93.292,92.804,92.364,91.876,91.436,90.948,90.508,89.971,89.482,88.994,88.554,88.115,87.675,87.187,86.747,86.308,85.868,85.379,84.94,84.403,84.012,83.475,83.035,82.547,82.107,81.618,81.179,80.739,80.349,79.909,79.469,79.03,78.59,78.199,77.76,77.32,76.881,76.49,76.099,75.757,75.366,74.976,74.683,74.292,73.999,73.755,73.559,73.51,73.608,74.194,75.171,76.734,78.737,81.228,84.5,88.847,94.123,99.349,104.14,108.53,112.54,116.05,118.79,120.94,122.35,123.18,123.38,123.14,122.6,121.87,120.99,120.06,118.98,117.86,116.69,115.17,113.32,110.73,107.55,104.28,101.55,99.3,97.346,95.686,94.513,93.781,93.341,92.999,92.56,92.12,91.68,91.192,90.752,90.313,89.873,89.434,88.994,88.554,88.115,87.626,87.138,86.601,86.063,85.575,84.989,84.403,83.865,83.279,82.742,82.107,81.57,80.935,80.349,79.811,79.225,78.737,78.248,77.858,77.467,77.174,76.929,76.783,76.881,77.223,78.053,79.372,81.032,83.035,85.428,88.408,92.413,96.858,100.91,104.23,106.97,109.36,111.32,112.63,113.42,113.76,113.66,113.22,112.63,111.76,110.83,109.66,108.43,106.97,105.26,102.87,99.886,96.858,94.367,92.56,91.387,90.557,89.873,89.189,88.506,87.871,87.284,86.796,86.308,85.868,85.428,85.038,84.598,84.158,83.719,83.279,82.791,82.351,81.912,81.472,81.032,80.593,80.104,79.616,79.127,78.59,78.053,77.564,77.125,76.685,76.246,75.757,75.318,74.927,74.536,74.097,73.755,73.413,73.071,72.68,72.387,72.045,71.752,71.508,71.166,70.922,70.677,70.384,70.091,69.847,69.603,69.359,69.066,68.821,68.479,68.235,67.942,67.6,67.356,67.063,66.868,66.623,66.379,66.184,66.037,66.184,66.672,67.6,69.114,71.166,73.803,77.369,82.156,87.968,93.878,99.3,104.48,109.17,113.07,116.05,118.25,119.67,120.45,120.6,120.45,119.91,119.13,118.06,116.93,115.66,114.44,113.07,111.66,110.05,107.95,105.11,102.13,99.447,97.297,95.637,94.318,93.439,92.95,92.413,91.925,91.436,90.948,90.508,90.117,89.678,89.238,88.799,88.359,87.919,87.48,86.991,86.552,86.112,85.673,85.184,84.745,84.256,83.816,83.279,82.84,82.449,81.912,81.472,81.032,80.69,80.3,80.007,79.616,79.323,78.981,78.59,78.248,77.858,77.467,77.125,76.734,76.343,76.001,75.66,75.318,74.976,74.634,74.243,73.901,73.559,73.315,73.071,72.875,72.875,73.168,73.901,75.122,76.783,78.883,81.374,84.745,89.287,94.611,99.74,104.43,108.73,112.63,115.86,118.45,120.35,121.62,122.26,122.26,121.87,121.13,120.25,119.23,118.25,117.18,116,114.64,113.07,110.92,108.09,104.92,101.94,99.544,97.542,95.881,94.611,93.781,93.292,92.95,92.413,91.925,91.436,90.948,90.41,89.971,89.531,89.092,88.701,88.164,87.724,87.236,86.796,86.405,85.966,85.575,85.135,84.745,84.305,83.865,83.377,82.84,82.351,81.912,81.472,81.13,80.593,80.153,79.762,79.323,78.883,78.444,78.004,77.564,77.125,76.734,76.343,75.904,75.562,75.171,74.78,74.487,74.194,73.901,73.657,73.559,73.657,74.097,74.976,76.441,78.297,80.593,83.67,87.822,92.95,98.225,103.11,107.7,111.85,115.57,118.5,120.74,122.35,123.38,123.82,123.82,123.43,122.75,121.87,120.89,119.86,118.74,117.57,116.1,114.34,112,108.92,105.6,74.097,73.803,73.51,73.217,72.973,72.68,72.436,72.289,72.387,72.778,73.803,75.366,77.613,80.544,84.745,90.313,96.76,103.06,109.07,114.73,119.91,124.36,127.92,130.66,132.61,133.74,134.22,134.13,133.64,132.81,131.88,130.85,129.88,128.8,127.53,126.16,124.5,122.26,119.23,115.61,112.05,108.82,105.99,103.45,101.25,99.593,98.47,97.542,96.76,95.93,95.246,94.513,93.781,93.195,92.56,91.973,91.387,90.801,90.313,89.727,89.238,88.701,88.115,87.626,87.138,86.601,86.112,85.575,85.038,84.549,84.061,83.572,83.035,82.595,82.156,81.716,81.228,80.788,80.3,79.86,79.372,78.883,78.444,77.906,77.418,76.929,76.343,75.806,75.22,74.683,74.097,73.608,73.12,72.68,72.436,72.24,72.387,72.875,73.852,75.415,77.467,80.153,83.67,88.359,93.878,99.251,104.18,108.68,112.73,116.2,118.94,120.99,122.31,122.94,122.99,122.55,121.82,120.94,120.01,118.98,117.91,116.74,115.42,113.81,111.76,108.92,105.7,102.43,99.74,97.444,95.539,94.123,93.195,92.364,91.632,90.85,90.166,89.531,88.945,88.359,87.822,87.236,86.747,86.259,85.721,85.233,84.745,84.256,83.719,83.23,82.742,82.253,81.667,81.179,80.69,80.153,79.665,79.225,78.786,78.444,78.004,77.613,77.174,76.783,76.441,76.001,75.611,75.22,74.78,74.438,73.999,73.608,73.217,72.875,72.485,72.094,71.801,71.508,71.166,70.922,70.726,70.629,70.726,71.215,72.192,73.608,75.611,78.199,81.814,86.796,92.657,98.567,103.79,108.68,112.93,116.49,119.23,121.23,122.6,123.23,123.38,122.99,122.35,121.48,120.55,119.57,118.54,117.42,116.05,114.34,112.19,109.31,105.99,102.87,100.23,97.981,96.125,94.611,93.683,93.048,92.511,91.973,91.436,90.948,90.41,89.922,89.482,89.092,88.701,88.261,87.822,87.382,86.943,86.503,86.063,85.575,85.038,84.598,84.158,83.719,83.23,82.791,82.449,82.009,81.472,81.032,80.593,80.153,79.86,79.469,79.127,78.737,78.444,78.053,77.662,77.32,76.929,76.49,76.099,75.757,75.366,75.073,74.731,74.438,74.243,74.097,74.243,74.683,75.562,76.978,78.932,81.57,85.135,89.971,95.881,101.89,107.36,112.49,117.18,121.18,124.41,126.8,128.41,129.29,129.63,129.44,128.8,127.92,126.95,125.92,124.85,123.72,122.5,120.99,119.18,116.64,113.42,110.05,106.92,104.28,101.94,99.74,97.786,96.321,95.295,94.66,94.171,93.732,93.292,92.804,92.364,91.778,91.29,90.752,90.215,89.727,89.287,88.799,88.31,87.822,87.236,86.747,86.259,85.721,85.233,84.745,84.256,83.816,83.279,82.84,82.449,81.912,81.472,80.984,80.544,80.104,79.762,79.372,78.981,78.541,78.102,77.662,77.223,76.881,76.441,76.05,75.757,75.464,75.22,75.073,74.976,75.171,75.904,77.174,78.981,81.374,84.549,88.994,94.66,100.72,106.43,111.66,116.64,121.04,124.8,127.73,129.83,131.05,131.63,131.63,131.24,130.51,129.53,128.56,127.53,126.41,125.19,123.72,122.01,119.62,116.44,112.78,109.36,106.38,103.74,101.3,99.154,97.493,96.321,95.637,95.051,94.562,94.074,93.488,92.95,92.364,91.778,91.29,90.752,90.215,89.678,89.189,88.701,88.164,87.675,87.138,86.601,86.063,85.477,84.94,84.354,83.816,83.279,82.742,82.156,81.667,81.13,80.593,80.104,79.469,78.932,78.297,77.76,77.125,76.539,76.05,75.562,74.976,74.487,73.999,73.559,73.168,72.778,72.485,72.192,71.996,71.947,72.192,72.778,74.048,75.855,78.199,81.13,85.038,90.313,95.979,101.35,106.24,110.73,114.73,118.01,120.5,122.31,123.48,124.11,124.16,123.72,122.99,121.91,120.89,119.77,118.54,117.23,115.66,113.66,110.97,107.75,104.43,101.55,99.105,97.004,95.295,94.123,93.243,92.511,91.876,91.192,90.606,90.069,89.531,89.043,88.506,87.968,87.48,86.991,86.503,85.966,85.428,84.842,84.305,83.816,83.23,82.693,82.156,81.618,81.032,80.446,79.811,79.225,78.59,78.053,77.467,76.929,76.441,76.001,75.562,75.22,74.927,74.731,74.78,75.171,75.904,77.223,78.981,81.13,83.865,87.529,92.218,97.249,101.6,105.31,108.43,111.07,112.98,114.25,114.98,115.17,114.98,114.44,113.61,112.63,111.51,110.19,108.68,106.82,104.28,101.35,98.323,95.734,93.732,92.12,90.801,89.971,89.531,89.238,88.945,88.603,88.31,87.968,87.724,87.431,87.138,86.747,86.356,85.966,85.624,85.233,84.842,84.403,84.012,83.621,83.182,82.742,82.302,81.863,81.423,80.984,80.544,80.104,79.665,79.323,78.932,78.541,78.199,77.809,77.467,77.174,76.881,76.539,76.246,76.001,75.757,75.464,75.22,74.976,74.731,74.487,74.243,73.999,73.803,73.559,73.364,73.12,72.778,72.533,72.24,71.947,71.605,71.361,71.117,70.873,70.629,70.433,70.287,70.287,70.677,71.508,72.924,74.976,77.76,81.667,87.187,93.878,100.72,107.41,113.66,119.37,124.16,128.07,131.05,133.1,134.32,134.76,134.61,134.17,133.54,132.95,132.12,131.2,130.07,128.75,127.24,125.58,123.38,120.45,116.98,113.42,110.24,107.36,104.72,102.28,100.18,98.616,97.542,96.809,96.125,95.441,94.806,94.171,93.634,93.048,92.511,91.925,91.436,90.948,90.41,89.922,89.434,88.945,88.408,87.919,87.431,86.845,86.308,85.721,85.184,84.598,84.061,83.572,83.035,82.595,82.156,81.716,81.374,80.984,80.544,80.104,79.616,79.225,78.883,78.444,78.053,77.613,77.223,76.783,76.441,76.05,75.66,75.318,74.976,74.78,74.683,74.731,75.171,76.05,77.467,79.421,81.863,85.233,89.873,95.49,101.25,106.48,111.32,115.76,119.62,122.84,125.38,127.24,128.36,128.85,128.75,128.31,127.53,126.6,125.63,124.6,123.48,122.31,120.89,118.94,116.35,112.98,109.51,106.28,103.7,101.35,99.544,98.225,97.2,96.321,95.49,94.758,93.976,93.341,92.657,92.12,91.485,90.948,90.362,89.727,89.189,88.603,88.066,87.529,87.04,86.503,85.966,85.428,84.842,84.256,83.621,82.986,82.449,81.814,81.228,80.593,80.055,79.421,78.883,78.297,77.809,77.32,76.783,76.294,75.757,75.22,74.731,74.292,73.803,73.315,72.875,72.436,72.045,71.654,71.361,71.068,70.824,70.726,70.873,71.41,72.485,74.194,76.294,78.981,82.547,87.382,93.097,98.665,103.79,108.43,112.63,116.1,118.79,120.89,122.26,122.94,123.14,122.79,122.11,121.18,120.11,118.94,117.76,116.3,114.69,112.68,110.05,106.87,103.55,100.62,98.225,96.223,94.758,93.634,92.657,91.778,90.997,90.215,89.629,89.043,88.554,88.066,87.529,87.04,86.552,86.063,85.575,84.989,84.5,84.012,83.572,83.035,82.547,82.058,81.57,81.13,80.593,80.153,79.762,79.225,78.883,78.444,78.004,77.564,77.027,76.636,76.246,75.806,75.415,74.976,74.634,74.194,73.803,73.413,73.071,72.68,72.289,71.85,71.557,71.166,70.873,70.629,70.433,70.287,70.433,70.824,71.654,73.071,74.927,77.418,80.739,85.379,91.045,96.907,102.38,107.31,111.8,115.61,118.69,120.94,122.45,123.23,123.38,123.14,122.45,121.57,120.5,119.42,118.3,117.03,115.61,113.86,111.56,108.63,105.36,102.47,100.03,97.981,96.125,94.416,93.243,92.413,91.973,91.68,91.387,90.997,90.606,90.215,89.824,89.434,89.043,88.603,88.261,87.822,87.382,86.845,86.405,85.917,85.428,84.94,84.403,83.914,83.475,82.986,82.547,82.107,81.667,81.277,80.886,80.446,80.055,79.616,79.225,78.786,78.444,78.004,77.613,77.223,76.881,76.49,76.099,75.806,75.415,75.122,74.78,74.487,74.243,74.097,74.194,74.487,75.318,76.685,78.59,81.032,84.403,88.994,94.806,100.81,106.38,111.51,116.2,120.25,123.62,126.26,128.07,129.09,129.53,129.49,129,128.12,126.99,125.87,124.7,123.43,122.11,120.55,118.59,115.91,112.68,109.31,106.38,103.84,101.6,99.593,98.177,97.2,96.418,95.734,95.051,94.367,93.732,93.097,92.56,91.973,91.436,90.948,90.362,89.873,89.287,88.799,88.31,87.822,87.236,86.747,86.259,85.721,85.233,84.745,84.256,83.719,83.279,82.84,82.449,82.009,81.57,81.13,80.69,80.251,79.86,79.421,78.981,78.541,78.102,77.662,77.32,76.929,76.539,76.197,75.806,75.464,75.171,74.927,74.78,74.78,75.122,75.855,77.174,79.03,81.472,84.842,89.482,95.295,101.3,106.82,111.95,116.64,120.69,124.06,126.7,128.61,129.83,130.32,130.32,129.88,129.19,128.26,127.24,126.12,124.85,123.48,121.91,119.91,117.23,114,110.63,107.55,104.87,102.38,100.23,98.616,97.444,96.565,95.783,95.099,94.416,93.732,93.097,92.56,91.973,91.436,90.948,90.362,89.824,89.287,88.75,88.261,87.724,87.236,86.698,86.161,85.624,85.038,84.5,83.914,83.279,82.693,82.107,81.472,80.886,80.3,79.762,79.176,78.59,78.004,77.418,76.929,76.441,75.904,75.415,74.927,74.487,73.999,73.559,73.12,72.68,72.289,71.947,71.654,71.41,71.215,71.361,71.801,72.875,74.438,76.539,79.176,82.742,87.529,93.292,98.909,104.04,108.82,113.12,116.74,119.57,121.72,123.23,124.06,124.31,124.06,123.38,122.35,121.23,120.01,118.74,117.37,115.81,113.86,111.36,108.24,105.01,101.99,99.447,97.2,95.197,93.683,92.755,92.071,91.485,90.948,90.41,89.971,89.482,89.043,88.603,88.164,87.675,87.187,86.698,86.112,85.624,85.135,84.598,84.11,83.572,82.986,82.351,81.814,81.179,80.544,80.007,79.372,78.786,78.248,77.662,77.174,76.685,76.197,75.757,75.318,74.976,74.731,74.683,74.878,75.415,76.539,78.102,80.104,82.547,85.868,90.166,95.197,99.886,103.74,106.97,109.66,111.66,113.07,113.86,114.2,114.05,113.56,112.78,111.95,110.83,109.56,108.09,106.38,104.04,101.16,98.128,95.344,93.292,91.68,90.41,89.531,89.092,88.799,88.554,88.31,88.066,87.822,87.48,87.187,86.845,86.552,86.161,85.868,85.477,85.135,84.745,84.354,83.914,83.475,83.035,82.595,82.156,81.716,81.277,80.886,80.495,80.055,79.665,79.323,78.932,78.541,78.199,77.809,77.418,77.125,76.783,76.49,76.197,75.855,75.611,75.318,75.073,74.731,74.536,74.292,74.097,73.901,73.755,73.51,73.217,72.973,72.729,72.436,72.192,71.947,71.605,71.361,71.117,70.824,70.531,70.384,70.189,70.042,70.091,70.433,71.312,72.778,74.927,77.858,82.058,87.871,94.758,101.79,108.53,114.93,120.55,125.29,129.19,132.12,134.17,135.3,135.69,135.44,134.81,133.98,133.05,131.98,130.8,129.53,128.26,126.8,125.14,122.84,119.91,116.44,112.98,109.95,107.16,104.62,102.23,100.33,98.909,97.981,97.297,96.76,96.125,95.49,94.904,94.318,93.732,93.097,92.511,91.925,91.29,90.752,90.166,89.629,89.043,88.554,87.968,87.48,86.943,86.356,85.868,85.282,84.793,84.354,83.865,83.426,82.986,82.547,82.107,81.618,81.179,80.739,80.3,79.86,79.372,78.932,78.492,78.102,77.76,77.369,76.978,76.539,76.197,75.806,75.464,75.22,74.976,74.878,74.976,75.415,76.343,77.858,79.86,82.449,85.868,90.752,96.565,102.43,107.85,112.88,117.47,121.48,124.8,127.39,129.24,130.32,130.8,130.76,130.32,129.63,128.7,127.68,126.56,125.29,123.87,122.31,120.3,117.67,114.34,110.88,107.75,105.06,102.72,100.86,99.495,98.47,97.542,96.662,95.881,95.099,94.367,93.732,93.048,92.413,91.778,91.241,90.655,90.117,89.629,89.043,88.506,87.919,87.382,86.845,86.308,85.673,85.135,84.5,83.865,83.23,82.547,81.912,81.374,80.739,80.153,79.616,79.03,78.492,77.906,77.418,76.881,76.343,75.806,75.318,74.78,74.292,73.852,73.364,72.973,72.631,72.24,71.85,71.557,71.312,71.166,71.361,71.996,73.12,74.878,77.027,80.007,83.914,89.092,94.855,100.33,105.31,109.95,114.05,117.42,120.06,122.11,123.48,124.16,124.31,123.92,123.18,122.11,120.99,119.81,118.59,117.32,115.81,113.86,111.32,108.09,104.82,101.89,99.447,97.542,96.125,95.051,94.074,93.195,92.315,91.534,90.85,90.215,89.678,89.043,88.506,87.919,87.431,86.845,86.356,85.819,85.233,84.696,84.158,83.621,83.035,82.498,82.009,81.423,80.935,80.446,79.909,79.469,79.03,78.59,78.248,77.809,77.369,76.929,76.49,76.05,75.611,75.171,74.78,74.341,73.901,73.559,73.168,72.729,72.387,71.996,71.605,71.215,70.97,70.726,70.629,70.531,70.726,71.166,72.094,73.559,75.464,78.004,81.57,86.552,92.511,98.47,104.04,109.17,113.81,117.76,120.79,123.14,124.6,125.48,125.72,125.48,124.94,124.06,123.04,121.91,120.69,119.33,117.76,115.86,113.37,110.19,106.82,103.79,101.35,99.154,97.297,95.93,95.002,94.367,93.781,93.243,92.657,92.169,91.632,91.094,90.557,90.069,89.531,89.043,88.603,88.115,87.626,87.138,86.601,86.112,85.624,85.135,84.696,84.158,83.719,83.23,82.791,82.351,81.912,81.472,81.032,80.593,80.153,79.762,79.323,78.932,78.492,78.053,77.662,77.223,76.783,76.441,76.001,75.611,75.22,74.927,74.634,74.292,74.097,74.048,74.194,74.634,75.562,77.027,79.127,81.814,85.624,90.801,96.907,103.06,108.63,113.86,118.54,122.5,125.72,128.17,129.88,130.8,131.1,130.85,130.32,129.39,128.31,127.19,126.07,124.85,123.58,121.91,119.77,116.88,113.42,110.05,107.12,104.48,102.13,100.03,98.567,97.591,96.907,96.223,95.637,95.002,94.367,93.732,93.097,92.56,91.973,91.436,90.85,90.362,89.824,89.287,88.799,88.31,87.822,87.236,86.747,86.161,85.673,85.135,84.549,84.061,83.572,83.133,82.693,82.253,81.814,81.277,80.886,80.446,80.007,79.567,79.03,78.59,78.199,77.809,77.369,76.929,76.539,76.197,75.806,75.464,75.22,75.073,74.927,74.976,75.415,76.343,77.906,80.055,82.84,86.747,92.071,98.177,104.18,109.61,114.73,119.42,123.38,126.6,129.05,130.8,131.78,132.12,131.93,131.29,130.36,129.39,128.26,127.19,125.97,124.7,123.04,120.99,118.2,114.73,111.22,108.09,105.36,102.91,101.01,99.544,98.47,97.591,96.809,96.076,95.295,94.611,93.927,93.243,92.56,91.925,91.29,90.655,90.117,89.531,88.994,88.408,87.871,87.284,86.601,85.966,85.282,84.696,84.012,83.377,82.742,82.058,81.423,80.886,80.3,79.762,79.176,78.59,78.053,77.564,77.027,76.539,76.05,75.562,75.073,74.536,74.097,73.657,73.168,72.778,72.387,71.996,71.654,71.41,71.215,71.215,71.557,72.289,73.657,75.611,78.102,81.423,85.966,91.68,97.542,103.01,107.99,112.54,116.35,119.42,121.72,123.43,124.41,124.8,124.6,124.06,123.18,122.11,120.99,119.77,118.45,116.88,114.98,112.54,109.41,106.04,103.01,100.37,98.03,96.076,94.562,93.536,92.804,92.169,91.534,90.997,90.508,89.971,89.482,88.994,88.506,87.968,87.48,86.991,86.405,85.917,85.428,84.842,84.354,83.865,83.377,82.791,82.302,81.716,81.179,80.593,80.055,79.469,78.932,78.346,77.809,77.223,76.734,76.294,75.855,75.415,75.073,74.731,74.536,74.487,74.731,75.415,76.539,78.297,80.495,83.475,87.529,92.755,98.323,103.31,107.7,111.51,114.69,117.13,118.79,119.81,120.25,120.11,119.57,118.74,117.76,116.64,115.42,114.1,112.49,110.44,107.75,104.58,101.45,98.86,96.858,95.441,94.416,93.732,93.097,92.511,91.925,91.387,90.85,90.508,90.117,89.678,89.287,88.847,88.408,87.968,87.529,87.138,86.698,86.161,85.673,85.184,84.696,84.158,83.719,83.23,82.742,82.253,81.716,81.277,80.788,80.349,79.909,79.567,79.127,78.737,78.346,78.053,77.76,77.418,77.125,76.881,76.539,76.294,76.001,75.66,75.415,75.122,74.78,74.536,74.292,73.999,73.755,73.413,73.12,72.778,72.485,72.24,71.947,71.752,71.508,71.312,71.312,71.508,72.045,73.217,75.073,77.564,81.179,86.308,92.804,99.789,106.53,112.98,118.98,124.26,128.61,131.98,134.42,135.93,136.62,136.62,136.18,135.49,134.66,133.78,132.81,131.63,130.36,129,127.39,125.29,122.55,119.18,115.57,112.24,109.31,106.53,103.99,101.89,100.33,99.3,98.47,97.786,97.102,96.418,95.783,95.246,94.611,93.976,93.439,92.853,92.315,91.729,91.094,90.557,89.971,89.434,88.847,88.31,87.724,87.187,86.552,85.966,85.428,84.842,84.354,83.865,83.377,82.937,82.498,82.058,81.618,81.179,80.739,80.3,79.811,79.372,78.932,78.492,78.102,77.662,77.32,76.929,76.539,76.197,75.855,75.66,75.464,75.562,75.806,76.441,77.662,79.421,81.716,84.842,89.238,94.855,100.91,106.53,111.76,116.54,120.89,124.5,127.48,129.73,131.44,132.42,132.95,132.81,132.22,131.29,130.12,128.85,127.53,126.16,124.6,122.6,120.01,116.69,113.17,109.95,107.07,104.38,101.99,100.18,99.007,98.128,97.346,96.614,95.93,95.295,94.66,94.074,93.488,92.95,92.364,91.778,91.241,90.752,90.166,89.629,89.043,88.554,87.968,87.431,86.943,86.356,85.819,85.233,84.696,84.158,83.719,83.23,82.791,82.351,81.863,81.423,80.935,80.495,80.007,79.469,78.981,78.444,77.906,77.369,76.783,76.246,75.66,75.122,74.536,74.048,73.608,73.217,72.924,72.68,72.778,73.315,74.341,76.05,78.297,81.179,85.233,90.557,96.467,102.23,107.41,112.24,116.54,120.06,122.79,124.8,126.07,126.7,126.75,126.36,125.63,124.6,123.48,122.35,121.18,119.86,118.35,116.35,113.66,110.39,106.92,103.84,101.25,98.909,97.053,95.783,94.855,94.074,93.292,92.56,91.925,91.29,90.752,90.166,89.629,89.043,88.506,87.919,87.382,86.796,86.259,85.721,85.233,84.696,84.11,83.572,83.035,82.498,82.009,81.423,80.935,80.349,79.86,79.372,78.883,78.444,78.004,77.564,77.125,76.685,76.246,75.806,75.366,74.927,74.487,74.097,73.755,73.315,72.924,72.533,72.192,71.801,71.508,71.215,70.97,70.922,70.97,71.41,72.387,73.852,76.001,78.737,82.693,87.968,94.123,99.984,105.41,110.39,114.73,118.35,121.23,123.43,124.8,125.58,125.68,125.38,124.7,123.67,122.55,121.38,120.11,118.74,117.13,115.13,112.44,109.26,106.04,103.31,101.01,98.86,97.053,95.686,94.806,94.318,93.878,93.439,92.95,92.56,92.12,91.632,91.192,90.655,90.215,89.824,89.287,88.847,88.408,87.919,87.48,86.991,86.503,85.917,85.428,84.94,84.403,84.012,83.475,83.035,82.595,82.156,81.716,81.277,80.886,80.349,79.909,79.567,79.176,78.737,78.297,77.906,77.467,77.125,76.734,76.294,75.904,75.611,75.318,75.073,74.878,74.731,74.878,75.366,76.441,78.053,80.251,83.182,87.284,92.95,99.3,105.5,111.12,116.44,121.13,125.14,128.31,130.66,132.22,133.1,133.25,132.86,132.17,131.24,130.22,129.19,127.97,126.75,125.29,123.58,121.18,118.11,114.54,111.12,108.09,105.36,102.91,100.91,99.544,98.616,97.884,97.102,96.418,95.783,95.246,94.66,94.171,93.634,93.048,92.511,91.973,91.436,90.85,90.362,89.873,89.287,88.799,88.164,87.626,87.04,86.503,85.966,85.428,84.94,84.403,83.914,83.426,82.937,82.449,81.912,81.472,80.984,80.495,80.055,79.616,79.176,78.737,78.346,77.906,77.467,77.027,76.685,76.246,75.904,75.66,75.464,75.464,75.757,76.49,77.76,79.616,82.156,85.721,90.606,96.662,103.01,108.73,114.1,119.13,123.48,127.19,130.07,132.22,133.64,134.37,134.52,134.17,133.49,132.56,131.49,130.22,129,127.53,126.07,124.11,121.48,118.2,114.64,111.32,108.43,105.75,103.45,101.55,100.23,99.3,98.421,97.688,96.907,96.174,95.49,94.855,94.22,93.634,92.999,92.413,91.876,91.29,90.752,90.117,89.531,89.043,88.506,87.968,87.431,86.845,86.356,85.819,85.233,84.745,84.256,83.719,83.279,82.937,82.498,82.058,81.57,81.13,80.593,80.153,79.665,79.127,78.59,78.102,77.613,77.125,76.636,76.099,75.611,75.171,74.683,74.292,73.999,73.901,74.097,74.731,76.001,77.858,80.3,83.572,88.164,93.976,100.18,105.94,111.17,116,120.11,123.38,125.87,127.63,128.75,129.19,129,128.36,127.29,126.12,124.94,123.82,122.55,121.18,119.42,117.13,114.1,110.68,107.36,104.43,101.94,99.789,98.177,97.004,95.979,95.002,94.074,93.195,92.511,91.876,91.241,90.606,89.971,89.434,88.799,88.261,87.675,87.138,86.552,85.917,85.379,84.842,84.305,83.816,83.23,82.742,82.156,81.618,81.032,80.544,80.007,79.469,79.03,78.59,78.199,77.662,77.223,76.783,76.294,75.855,75.415,74.976,74.536,74.097,73.657,73.168,72.778,72.387,72.045,71.752,71.41,71.166,70.97,70.922,71.117,71.752,72.875,74.536,76.881,80.055,84.549,90.215,96.369,102.04,107.31,112.1,116.25,119.57,122.06,123.82,124.8,125.24,125.14,124.6,123.87,122.94,121.91,120.79,119.57,118.11,116.35,114.2,111.22,107.85,104.67,101.94,99.691,97.688,96.223,95.295,94.758,94.22,93.732,93.243,92.755,92.218,91.778,91.436,91.045,90.606,90.117,89.629,89.092,88.603,88.115,87.626,87.04,86.552,85.966,85.477,84.94,84.354,83.816,83.23,82.742,82.156,81.667,81.179,80.69,80.153,79.811,79.421,79.03,78.786,78.59,78.737,79.176,80.104,81.618,83.621,86.259,89.824,94.758,100.42,105.85,110.63,114.78,118.5,121.43,123.67,125.19,126.07,126.26,125.87,125.14,124.11,122.94,121.62,120.25,118.59,116.69,114.2,111.07,107.8,104.92,102.62,100.81,99.447,98.421,97.688,96.907,96.223,95.539,94.904,94.367,93.781,93.195,92.608,92.12,91.534,91.045,90.557,90.069,89.482,88.994,88.408,87.871,87.284,86.747,86.161,85.624,85.038,84.549,84.012,83.475,82.986,82.547,82.107,81.667,81.228,80.886,80.495,80.104,79.762,79.372,78.981,78.688,78.297,77.906,77.613,77.223,76.929,76.685,76.343,76.099,75.806,75.464,75.22,74.927,74.683,74.438,74.097,73.852,73.559,73.217,72.924,72.68,72.485,72.289,72.24,72.436,73.071,74.292,76.246,78.932,82.84,88.506,95.441,102.72,109.8,116.54,122.75,128.17,132.66,136.23,138.91,140.67,141.55,141.79,141.55,141.01,140.18,139.16,137.94,136.57,135.1,133.64,131.93,129.73,126.8,123.23,119.42,115.91,112.68,109.61,106.72,104.23,102.28,101.06,100.18,99.544,98.909,98.323,97.591,96.907,96.223,95.637,94.904,94.318,93.683,93.048,92.413,91.876,91.241,90.655,90.069,89.482,88.847,88.31,87.724,87.187,86.601,86.063,85.575,85.038,84.549,84.061,83.67,83.23,82.791,82.351,81.863,81.423,80.984,80.544,80.104,79.616,79.176,78.737,78.297,77.858,77.418,76.978,76.636,76.294,76.05,75.855,75.806,76.001,76.539,77.662,79.372,81.618,84.549,88.701,94.123,100.18,105.99,111.22,116.05,120.35,123.87,126.7,128.8,130.22,131,131.2,130.85,130.17,129.24,128.26,127.19,125.97,124.7,123.04,121.04,118.45,115.13,111.61,108.39,105.5,102.91,100.86,99.251,97.981,96.907,95.881,94.904,94.074,93.243,92.56,91.876,91.29,90.655,90.069,89.434,88.799,88.261,87.675,87.04,86.405,85.868,85.282,84.745,84.158,83.67,83.133,82.595,82.107,81.618,81.13,80.593,80.104,79.665,79.225,78.786,78.346,77.906,77.467,77.027,76.539,76.099,75.611,75.171,74.731,74.292,73.852,73.413,73.071,72.68,72.289,71.996,71.752,71.508,71.41,71.605,72.192,73.413,75.171,77.564,80.788,85.379,91.241,97.444,103.26,108.63,113.56,117.76,121.18,123.87,125.82,127.04,127.63,127.53,127.04,126.16,125.14,123.92,122.75,121.43,120.01,118.3,116,113.07,109.66,106.43,103.6,101.16,99.154,97.591,96.467,95.539,94.66,93.878,93.097,92.511,91.925,91.387,90.85,90.362,89.873,89.385,88.847,88.359,87.871,87.382,86.845,86.356,85.819,85.282,84.793,84.305,83.816,83.279,82.791,82.351,82.009,81.57,81.179,80.788,80.446,80.007,79.616,79.176,78.786,78.444,78.053,77.662,77.32,76.929,76.539,76.099,75.757,75.415,75.073,74.731,74.438,74.194,73.999,73.901,74.097,74.683,75.757,77.418,79.762,82.986,87.529,93.634,100.13,106.24,111.85,117.13,121.72,125.63,128.75,131,132.51,133.1,133.2,132.61,131.68,130.66,129.53,128.51,127.39,126.16,124.75,122.84,120.5,117.42,113.9,110.63,107.75,105.36,103.31,101.74,100.62,99.74,98.86,97.981,97.2,96.467,95.783,95.099,94.513,93.927,93.488,92.95,92.413,91.973,91.485,90.85,90.313,89.678,89.092,88.554,87.919,87.382,86.796,86.259,85.624,85.135,84.696,84.305,83.865,83.377,82.937,82.498,82.009,81.472,81.032,80.593,80.153,79.665,79.225,78.786,78.444,77.906,77.467,77.027,76.734,76.441,76.099,75.904,76.05,76.49,77.369,78.883,80.984,84.061,88.31,93.976,100.47,106.82,112.68,118.11,123.04,127.39,130.95,133.69,135.54,136.67,137.11,137.06,136.47,135.54,134.52,133.34,132.17,130.95,129.53,127.92,125.82,122.84,119.33,115.66,112.29,109.36,106.68,104.28,102.57,101.3,100.33,99.3,98.372,97.493,96.809,96.125,95.441,94.758,94.074,93.488,92.853,92.315,91.632,90.997,90.41,89.873,89.287,88.75,88.164,87.626,87.04,86.503,85.868,85.379,84.842,84.403,83.914,83.426,82.937,82.498,82.009,81.472,80.984,80.495,80.055,79.567,79.127,78.688,78.248,77.809,77.418,76.978,76.636,76.246,75.855,75.611,75.415,75.366,75.611,76.246,77.418,79.225,81.57,84.842,89.531,95.539,101.99,107.99,113.42,118.59,123.18,127.04,130.12,132.32,133.69,134.32,134.17,133.49,132.51,131.39,130.17,129.05,127.92,126.7,125.24,123.38,120.79,117.57,114,110.68,107.8,105.16,103.01,101.16,99.789,98.47,97.346,96.321,95.344,94.513,93.732,93.048,92.364,91.632,90.948,90.215,89.678,89.092,88.506,87.871,87.236,86.698,86.112,85.575,84.989,84.354,83.816,83.23,82.693,82.058,81.472,80.984,80.495,80.055,79.567,79.03,78.59,78.199,77.76,77.369,76.881,76.441,75.904,75.562,75.073,74.634,74.097,73.657,73.315,72.924,72.533,72.192,71.85,71.605,71.557,71.752,72.289,73.413,75.22,77.662,81.13,85.868,91.778,97.932,103.6,108.87,113.61,117.67,120.99,123.48,125.29,126.31,126.75,126.56,125.92,124.99,123.92,122.75,121.57,120.25,118.74,116.98,114.64,111.56,108.24,105.11,102.57,100.47,98.86,97.591,96.467,95.441,94.416,93.488,92.657,91.973,91.387,90.801,90.313,89.727,89.189,88.603,88.115,87.529,87.04,86.552,85.966,85.477,84.989,84.5,84.012,83.572,83.035,82.595,82.107,81.667,81.228,80.886,80.446,80.055,79.665,79.323,78.932,78.541,78.248,77.858,77.564,77.174,76.783,76.441,76.099,75.757,75.415,75.073,74.683,74.341,74.097,73.852,73.657,73.608,73.657,74.194,75.171,76.783,79.03,82.253,86.845,92.804,99.349,105.6,111.36,116.74,121.48,125.43,128.61,131,132.51,133.25,133.49,133.2,132.51,131.44,130.22,129,127.73,126.36,124.8,122.84,120.35,117.23,113.9,110.83,108.04,105.7,103.6,102.04,100.86,99.886,99.007,98.177,97.346,96.614,95.783,95.099,94.513,93.878,93.243,92.608,92.071,91.534,90.997,90.41,89.873,89.287,88.75,88.164,87.626,86.991,86.405,85.819,85.233,84.745,84.158,83.67,83.23,82.791,82.351,81.912,81.423,80.984,80.495,80.055,79.567,79.03,78.688,78.248,77.809,77.369,76.978,76.636,76.246,75.904,75.66,75.562,75.66,76.05,76.929,78.492,80.739,83.816,88.164,94.074,100.57,106.82,112.54,117.86,122.7,126.85,130.32,132.95,134.76,135.79,136.18,135.98,135.44,134.52,133.34,132.17,130.95,129.68,128.26,126.56,124.41,121.57,118.06,114.49,111.32,108.68,106.43,104.67,103.26,101.94,100.72,99.691,98.665,97.786,97.053,96.369,95.686,95.002,94.367,93.781,93.243,92.608,91.925,91.29,90.752,90.117,89.482,88.847,88.261,87.626,86.991,86.308,85.624,84.94,84.305,83.719,83.035,82.449,81.863,81.277,80.739,80.251,79.811,79.421,79.127,78.883,78.786,79.03,79.762,81.032,82.937,85.477,88.994,93.878,99.74,105.5,110.63,115.32,119.67,123.48,126.6,128.95,130.51,131.39,131.68,131.39,130.61,129.53,128.36,127.14,125.82,124.31,122.5,120.16,117.13,113.66,110.39,107.51,105.11,103.26,101.74,100.42,99.154,98.03,97.053,96.223,95.441,94.66,94.074,93.439,92.804,92.169,91.485,90.85,90.215,89.531,88.847,88.261,87.529,86.845,86.259,85.575,84.842,84.158,83.475,82.84,82.253,81.618,80.984,80.446,79.909,79.372,78.932,78.444,78.053,77.613,77.174,76.734,76.343,76.05,75.66,75.318,74.927,74.634,74.292,73.999,73.657,73.315,72.924,72.631,72.289,71.947,71.557,71.166,70.873,70.531,70.238,69.847,69.505,69.261,68.968,68.87,68.968,69.407,70.482,72.24,74.78,78.346,83.475,89.971,97.053,103.74,110.05,115.81,120.79,124.94,128.26,130.61,132.17,132.95,133.05,132.56,131.68,130.51,129.24,128.07,126.95,125.68,124.26,122.35,119.91,116.79,113.37,110.05,107.07,104.48,102.38,100.67,99.3,97.981,96.809,95.734,94.855,94.074,93.243,92.56,91.876,91.29,90.655,90.069,89.434,88.799,88.164,87.626,86.991,86.356,85.819,85.184,84.598,84.012,83.377,82.742,82.156,81.667,81.179,80.739,80.251,79.762,79.323,78.883,78.492,78.102,77.662,77.32,76.929,76.636,76.246,75.855,75.464,75.171,74.78,74.487,74.097,73.803,73.51,73.217,72.973,72.729,72.533,72.436,72.485,72.875,73.657,75.073,76.978,79.665,83.572,88.847,95.099,101.3,107.12,112.54,117.47,121.62,124.99,127.53,129.29,130.36,130.76,130.56,129.97,129.05,127.97,126.8,125.63,124.36,122.94,121.18,118.89,115.81,112.39,109.12,106.38,104.14,102.38,101.06,100.03,99.105,98.225,97.346,96.614,95.881,95.197,94.513,93.878,93.292,92.755,92.218,91.729,91.192,90.655,90.215,89.727,89.189,88.603,88.066,87.48,86.845,86.259,85.673,85.038,84.549,84.061,83.572,82.986,82.449,81.863,81.374,80.886,80.349,79.86,79.372,78.932,78.492,78.004,77.564,77.125,76.734,76.343,76.05,75.66,75.366,75.073,74.927,74.878,75.122,75.806,77.125,79.03,81.618,85.135,90.069,96.223,102.67,108.68,114.25,119.42,124.02,127.87,131,133.25,134.76,135.49,135.64,135.35,134.81,134.08,133.1,132.12,130.95,129.68,128.17,126.36,123.92,120.79,117.18,113.61,110.63,108.19,106.14,104.48,103.01,101.6,100.37,99.3,98.372,97.493,96.614,95.881,95.246,94.66,94.123,93.536,92.95,92.364,91.778,91.192,90.508,89.922,89.385,88.847,88.261,87.48,86.747,86.063,85.477,84.989,84.598,84.158,83.865,83.475,83.133,82.693,82.253,81.814,81.277,80.788,80.251,79.811,79.372,78.932,78.346,77.809,77.174,76.685,76.246,75.904,75.757,75.66,75.66,75.855,76.294,77.32,78.883,81.13,84.061,88.164,93.536,99.593,105.5,110.83,115.81,120.45,124.55,128.07,130.8,132.81,133.93,134.37,134.22,133.78,133.05,132.12,131.05,129.88,128.61,127.19,125.48,123.18,120.11,116.44,112.73,109.56,107.07,105.06,103.5,102.04,100.67,99.3,98.03,96.907,95.979,95.051,94.22,93.439,92.608,91.925,91.241,90.557,89.922,89.385,88.945,88.408,87.871,87.236,86.601,86.063,85.477,84.94,84.305,83.719,83.23,82.791,82.449,81.912,81.423,80.935,80.446,80.007,79.567,79.127,78.688,78.297,78.004,77.613,77.174,76.734,76.343,76.001,75.611,75.171,74.731,74.341,74.048,73.803,73.559,73.51,73.803,74.683,76.197,78.199,80.788,84.256,88.847,94.562,100.23,105.26,109.8,114.1,118.01,121.18,123.72,125.68,126.99,127.73,127.97,127.63,126.85,125.82,124.6,123.38,122.06,120.6,119.03,116.98,114.3,111.07,107.75,105.06,103.01,101.5,100.33,99.154,98.03,97.004,96.076,95.246,94.513,93.781,93.292,92.804,92.315,91.729,91.192,90.557,89.922,89.385,88.799,88.164,87.626,86.991,86.405,85.819,85.233,84.598,84.061,83.572,95.93,94.855,93.976,93.243,92.511,91.778,91.241,90.655,90.117,89.629,89.092,88.554,88.066,87.48,86.991,86.503,85.917,85.428,84.842,84.305,83.719,83.182,82.693,82.156,81.667,81.228,80.788,80.3,79.86,79.421,79.03,78.688,78.248,77.858,77.467,77.125,76.734,76.294,75.855,75.464,75.073,74.683,74.292,73.901,73.608,73.315,72.973,72.68,72.387,72.192,72.045,72.094,72.533,73.51,74.976,76.929,79.567,83.23,88.164,93.927,99.447,104.48,109.31,113.81,117.81,121.23,124.02,125.97,127.29,127.92,127.87,127.29,126.41,125.38,124.16,122.84,121.57,120.16,118.54,116.3,113.42,110.19,107.12,104.48,102.43,100.81,99.495,98.323,97.249,96.223,95.295,94.513,93.683,92.95,92.218,91.632,90.997,90.41,89.873,89.287,88.75,88.164,87.626,87.04,86.552,86.063,85.477,84.989,84.403,83.914,83.377,82.791,82.253,81.716,81.277,80.886,80.349,79.909,79.421,78.981,78.492,78.102,77.662,77.223,76.881,76.441,76.001,75.562,75.122,74.731,74.341,74.048,73.755,73.51,73.364,73.364,73.608,74.341,75.66,77.564,80.007,83.426,88.261,93.976,99.886,105.31,110.44,115.17,119.42,122.99,125.82,127.92,129.24,129.73,129.68,129.05,128.12,126.99,125.82,124.6,123.43,122.16,120.74,118.79,116.2,112.93,109.61,106.68,104.23,102.23,100.62,99.251,97.981,96.809,95.734,94.806,93.927,93.195,92.413,91.68,90.948,90.166,89.482,88.799,88.164,87.48,86.845,86.259,85.624,84.94,84.305,83.67,83.035,82.449,81.814,81.179,80.593,80.055,79.567,79.03,78.541,78.102,77.662,77.174,76.734,76.246,75.806,75.318,74.878,74.438,73.901,73.559,73.12,72.729,72.289,71.947,71.557,71.166,70.824,70.531,70.384,70.287,70.531,71.361,72.729,74.634,77.125,80.495,85.135,90.85,96.76,102.13,107.07,111.66,115.66,118.98,121.57,123.38,124.5,124.85,124.7,123.92,122.84,121.67,120.5,119.23,118.01,116.64,114.78,112.39,109.31,105.99,103.06,100.72,98.812,97.297,95.93,94.66,93.536,92.413,91.485,90.655,89.922,89.238,88.603,88.066,87.48,86.943,86.405,85.868,85.233,84.745,84.158,83.621,83.133,82.547,82.009,81.472,80.935,80.349,79.811,79.225,78.737,78.248,77.809,77.369,76.929,76.539,76.05,75.66,75.22,74.78,74.438,73.999,73.559,73.12,72.68,72.289,71.85,71.508,71.166,70.824,70.482,70.189,69.945,69.749,69.652,69.798,70.287,71.312,72.875,74.976,77.858,82.058,87.724,94.074,100.03,105.6,110.83,115.42,119.23,122.31,124.55,125.97,126.7,126.75,126.31,125.48,124.41,123.23,122.01,120.74,119.42,117.91,116,113.32,110.09,106.92,104.23,101.99,100.18,98.763,97.542,96.418,95.344,94.416,93.536,92.804,92.071,91.436,90.85,90.313,89.727,89.189,88.603,88.066,87.529,86.991,86.503,85.966,85.428,84.793,84.256,83.67,83.182,82.595,82.107,81.618,81.179,80.69,80.251,79.811,79.372,78.932,78.492,78.053,77.613,77.174,76.734,76.294,75.904,75.562,75.171,74.731,74.341,73.999,73.657,73.364,73.12,72.924,72.924,73.12,73.803,74.976,76.734,79.127,82.498,87.284,93.341,99.593,105.41,110.83,115.86,120.35,124.06,126.99,129.19,130.56,131.24,131.29,130.85,130.07,129.05,127.87,126.6,125.29,123.92,122.45,120.35,117.62,114.3,110.97,108.09,105.7,103.7,101.99,100.47,99.056,97.737,96.614,95.539,94.66,93.878,93.048,92.364,91.632,90.997,90.362,89.727,89.189,88.554,88.066,87.48,86.943,86.356,85.819,85.233,84.745,84.158,83.67,83.133,82.547,82.058,81.57,81.032,80.593,80.153,79.762,79.323,78.883,78.444,77.906,77.418,76.978,76.539,76.197,75.757,75.366,74.927,74.536,74.194,73.852,73.559,73.315,73.168,73.217,73.755,74.683,76.246,78.297,81.179,85.282,90.948,97.2,103.16,108.68,113.86,118.69,122.84,126.26,128.85,130.66,131.68,131.93,131.68,131,129.97,128.85,127.63,126.36,125.04,123.58,121.57,118.79,115.47,112.05,108.92,106.28,104.04,102.13,100.37,98.763,97.249,95.93,94.806,93.878,92.999,92.169,91.436,90.752,90.117,89.531,88.945,88.359,87.724,87.138,86.503,85.868,85.233,84.598,83.914,83.279,82.693,82.009,81.374,80.739,80.104,79.469,78.932,78.297,77.76,77.174,76.685,76.197,75.806,75.464,75.318,75.366,75.66,76.539,77.906,79.86,82.302,85.624,90.117,95.441,100.62,104.92,108.68,112,114.73,116.79,118.2,118.89,118.98,118.59,117.81,116.79,115.66,114.44,113.12,111.51,109.41,106.68,103.45,100.37,97.932,96.174,94.855,93.683,92.511,91.387,90.362,89.482,88.799,88.164,87.529,87.04,86.552,86.112,85.624,85.038,84.5,84.012,83.475,82.986,82.449,81.863,81.277,80.788,80.3,79.811,79.225,78.737,78.248,77.76,77.223,76.734,76.246,75.806,75.366,74.927,74.487,74.097,73.755,73.413,73.12,72.778,72.485,72.24,71.947,71.654,71.508,71.312,71.117,70.922,70.726,70.629,70.482,70.287,70.189,69.994,69.749,69.554,69.359,69.163,68.968,68.821,68.626,68.431,68.186,68.04,67.942,67.991,68.431,69.261,70.677,72.875,76.001,80.739,87.187,94.416,101.55,108.19,114.44,119.91,124.41,128.07,130.8,132.66,133.78,134.17,134.08,133.34,132.37,131.2,129.88,128.56,127.24,125.87,124.16,122.01,119.03,115.76,112.44,109.41,106.87,104.58,102.62,101.06,99.74,98.47,97.346,96.418,95.539,94.806,94.123,93.488,92.853,92.218,91.632,91.045,90.41,89.824,89.189,88.554,87.919,87.382,86.747,86.161,85.575,84.989,84.403,83.914,83.377,82.791,82.253,81.716,81.228,80.788,80.349,79.909,79.567,79.03,78.59,78.199,77.76,77.32,76.881,76.441,76.05,75.611,75.22,74.878,74.487,74.097,73.755,73.413,73.168,73.071,73.071,73.315,74.048,75.366,77.174,79.616,83.133,87.919,93.878,99.935,105.55,110.73,115.66,120.01,123.67,126.6,128.8,130.22,131,131.1,130.76,129.93,128.75,127.43,126.12,124.75,123.38,121.67,119.42,116.49,113.22,110.05,107.36,105.06,103.16,101.6,100.18,98.812,97.591,96.565,95.637,94.758,93.927,93.243,92.56,91.876,91.241,90.606,90.069,89.434,88.847,88.31,87.822,87.236,86.698,86.112,85.575,85.038,84.5,83.914,83.377,82.791,82.302,81.863,81.374,80.886,80.349,79.909,79.469,79.127,78.688,78.248,77.76,77.223,76.783,76.441,76.001,75.611,75.171,74.78,74.438,74.048,73.755,73.413,73.315,73.315,73.559,74.292,75.464,77.32,79.616,82.84,87.48,93.292,99.3,104.87,109.95,114.69,118.89,122.31,125.04,126.95,128.07,128.41,128.31,127.73,126.85,125.82,124.7,123.48,122.26,120.94,119.33,117.13,114.25,110.97,107.8,105.06,102.82,100.86,99.251,97.737,96.321,94.904,93.732,92.657,91.778,90.997,90.313,89.629,88.994,88.408,87.871,87.284,86.796,86.259,85.673,85.135,84.549,84.012,83.426,82.84,82.302,81.716,81.179,80.593,80.055,79.567,79.03,78.541,78.053,77.613,77.125,76.685,76.246,75.757,75.318,74.878,74.438,73.999,73.559,73.12,72.729,72.289,71.947,71.557,71.215,70.873,70.482,70.238,69.994,69.847,69.994,70.531,71.605,73.217,75.366,78.248,82.449,87.919,93.927,99.495,104.43,109.07,113.17,116.54,119.33,121.28,122.7,123.43,123.62,123.23,122.45,121.38,120.11,118.79,117.42,115.91,114.2,111.85,108.92,105.7,102.72,100.37,98.47,97.004,95.734,94.611,93.488,92.511,91.632,90.85,90.215,89.727,89.189,88.701,88.261,87.724,87.284,86.845,86.356,85.868,85.379,84.842,84.354,83.865,83.426,82.937,82.449,81.912,81.472,81.032,80.593,80.251,79.811,79.421,79.127,78.737,78.297,77.906,77.467,77.125,76.734,76.343,76.001,75.611,75.22,74.78,74.438,74.048,73.755,73.364,73.071,72.778,72.533,72.436,72.485,72.778,73.559,74.878,76.734,79.225,82.742,87.675,93.732,99.935,105.6,110.92,115.81,120.06,123.58,126.26,128.17,129.29,129.73,129.68,129.09,128.17,126.95,125.63,124.31,122.99,121.62,119.91,117.62,114.69,111.41,108.39,105.8,103.7,101.94,100.57,99.349,98.225,97.102,96.174,95.246,94.513,93.732,93.048,92.364,91.68,91.094,90.508,89.922,89.385,88.799,88.261,87.675,87.138,86.552,85.917,85.379,84.842,84.305,83.816,83.377,82.986,82.693,82.449,82.156,82.058,81.863,81.667,81.472,81.179,80.788,80.349,79.909,79.469,79.03,78.541,78.004,77.418,76.881,76.246,75.757,75.318,74.927,74.683,74.634,74.927,75.806,77.418,79.665,82.449,85.673,89.824,95.002,100.67,106.04,110.73,114.98,118.74,121.91,124.41,126.41,127.73,128.41,128.56,128.12,127.29,126.31,125.29,124.31,123.28,122.26,120.99,119.23,116.69,113.56,110.49,107.99,106.14,104.62,103.35,102.18,101.11,100.13,99.251,98.421,97.786,97.346,96.858,96.418,95.93,95.295,94.758,94.171,93.634,92.999,92.413,91.778,91.192,90.557,89.873,89.189,88.506,87.822,87.187,86.552,85.917,85.428,84.989,84.549,84.158,83.816,83.377,82.986,82.693,82.351,82.009,81.618,81.228,80.886,80.544,80.153,79.86,79.469,79.03,78.59,78.248,77.858,77.467,77.223,77.125,77.223,77.809,78.932,80.788,83.182,85.917,89.043,92.95,97.786,102.91,107.55,111.61,115.57,119.23,122.31,124.7,126.36,127.48,128.12,128.31,128.31,128.07,127.53,126.8,126.07,125.14,124.11,122.99,121.82,120.06,117.47,114.49,111.95,110,108.48,107.12,106.14,105.31,104.62,103.84,103.11,102.43,101.74,101.16,100.67,100.37,100.13,99.789,99.349,98.86,98.372,97.737,97.102,96.467,95.783,95.099,94.513,93.781,92.999,92.12,91.29,90.557,89.873,89.238,88.603,88.066,87.431,86.845,86.259,85.721,85.379,85.038,84.842,85.038,85.721,87.187,89.385,91.778,94.318,96.614,99.105,102.04,105.6,109.07,111.51,112.98,114.34,115.86,117.18,118.11,118.69,118.74,118.35,117.62,116.64,115.37,113.9,112.29,110.63,108.92,107.31,105.41,103.01,100.13,97.444,95.539,94.367,93.488,92.657,91.973,91.387,90.801,90.215,89.727,89.189,88.603,88.115,87.626,87.138,86.601,86.112,85.624,85.038,84.5,83.914,83.426,82.84,82.302,81.814,81.228,80.69,80.153,79.811,79.421,79.225,79.127,79.127,79.176,79.176,79.03,78.883,78.59,78.297,77.906,77.467,76.978,76.49,75.904,75.415,74.878,74.292,73.803,73.315,72.875,72.387,71.85,71.312,70.873,70.433,70.042,69.603,69.261,68.821,68.479,68.089,67.942,67.747,67.698,67.796,68.431,69.798,71.85,74.683,78.688,84.354,91.045,97.884,104.43,110.68,116.2,120.69,124.11,126.6,128.26,129.09,129.39,129.05,128.36,127.48,126.41,125.24,123.82,122.16,120.5,118.69,116.69,114.44,111.61,108.19,104.67,101.79,99.544,97.786,96.418,95.441,94.611,93.976,93.341,92.853,92.413,91.973,91.485,90.997,90.508,89.971,89.434,88.847,88.31,87.724,87.284,86.845,86.552,86.308,86.063,85.721,85.624,85.575,85.673,85.917,86.259,86.601,86.845,87.138,87.382,87.675,88.066,88.359,88.603,88.799,88.994,89.189,89.238,89.189,89.043,89.043,89.092,89.092,88.847,88.408,87.822,87.187,86.405,85.673,84.793,83.865,82.937,82.107,81.716,82.009,83.23,85.282,87.919,90.655,93.243,95.441,97.346,99.105,100.67,101.94,102.87,103.6,104.04,104.38,104.43,104.38,104.23,103.99,103.7,103.31,102.87,102.38,101.79,101.11,100.37,99.495,98.47,97.444,96.418,95.637,95.051,94.611,94.318,94.074,93.781,93.634,93.488,93.439,93.488,93.536,93.634,93.683,93.683,93.732,93.781,93.878,93.927,93.976,94.123,94.171,94.171,94.123,94.074,94.074,93.878,93.536,93.195,92.804,92.413,92.12,91.729,91.436,91.192,90.85,90.606,90.362,90.166,90.069,89.873,89.727,89.531,89.287,88.994,88.75,88.506,88.261,87.968,87.724,87.48,87.382,87.284,87.284,87.382,87.675,88.31,89.385,90.752,92.218,93.683,95.099,96.467,97.884,99.056,100.03,100.86,101.45,101.89,102.18,102.47,102.72,103.06,103.26,103.45,103.6,103.74,103.94,104.04,104.14,104.23,104.18,103.99,103.6,103.16,102.87,102.72,102.67,102.47,102.23,101.89,101.45,101.11,100.91,100.81,100.81,100.81,100.81,100.72,100.67,100.57,100.37,100.18,99.935,99.691,99.495,99.251,98.909,98.616,98.225,97.884,97.493,97.102,96.809,96.418,96.076,95.637,95.197,94.758,94.22,93.732,93.292,92.853,92.511,92.071,91.632,91.192,90.752,90.362,89.971,89.678,89.434,89.189,88.994,88.799,88.701,88.603,88.603,88.75,89.092,89.727,90.606,91.729,93.048,94.367,95.686,97.004,98.225,99.447,100.67,101.94,103.11,104.04,104.72,105.16,105.5,105.75,105.85,105.99,106.14,106.14,106.14,106.14,106.14,106.04,105.94,105.7,105.31,104.87,104.28,103.74,103.11,102.67,102.43,102.38,102.38,102.47,102.47,102.47,102.28,102.04,101.79,101.5,101.16,100.91,100.57,100.18,99.691,99.251,98.763,98.323,97.884,97.444,96.907,96.418,95.93,95.344,94.758,94.074,93.488,92.999,92.511,92.12,91.68,91.241,90.85,90.41,89.922,89.434,88.847,88.31,87.822,87.236,86.698,85.966,85.379,84.793,84.305,83.816,83.377,82.986,82.693,82.498,82.498,82.742,83.426,84.5,85.868,87.382,88.945,90.508,91.925,93.195,94.171,94.855,95.344,95.686,95.881,95.979,95.979,95.979,95.979,96.125,96.223,96.369,96.418,96.418,96.418,96.321,96.125,95.783,95.441,94.904,94.416,93.878,93.243,92.657,92.315,92.071,91.973,91.973,91.973,91.973,91.925,91.778,91.729,91.632,91.632,91.534,91.534,91.534,91.534,91.534,91.485,91.436,91.29,91.094,90.85,90.606,90.313,89.922,89.482,89.043,88.603,88.066,87.626,87.138,86.747,86.308,85.868,85.428,84.989,84.549,84.061,83.475,82.937,82.253,81.618,80.984,80.446,79.811,79.225,78.737,78.297,77.906,77.564,77.223,77.027,76.929,77.174,77.809,78.786,80.104,81.472,82.791,84.158,85.624,87.236,88.994,90.948,92.755,94.22,95.49,96.662,97.737,98.665,99.544,100.37,101.06,101.6,101.94,102.18,102.18,101.94,101.25,100.03,97.981,95.246,92.413,90.362,89.287,88.847,88.75,88.945,89.434,90.117,90.801,91.436,91.876,92.218,92.511,92.608,92.608,92.511,92.218,91.876,91.387,90.801,90.313,89.824,89.287,88.847,88.408,87.968,87.675,87.431,87.187,86.991,86.747,86.552,86.356,86.259,86.112,85.917,85.673,85.379,85.038,84.745,84.5,84.11,83.719,83.279,82.791,82.351,82.009,81.618,81.277,80.935,80.495,80.055,79.567,79.176,78.981,79.03,79.323,79.762,80.593,81.863,83.475,85.233,86.991,88.603,90.117,91.485,92.657,93.732,94.66,95.49,96.223,97.004,97.542,97.981,98.177,98.372,98.421,98.567,98.616,98.616,98.616,98.567,98.323,97.884,97.493,96.907,95.881,94.416,93.195,92.657,92.56,92.315,91.778,91.192,90.752,90.508,90.362,90.166,89.922,89.629,89.629,89.678,89.482,89.189,89.287,89.971,90.166,89.678,89.238,89.385,89.727,89.824,89.678,89.482,89.385,89.092,88.799,88.359,87.822,87.138,86.503,85.819,85.038,84.11,83.182,82.302,81.57,80.935,80.446,80.007,79.665,79.372,79.127,78.883,78.541,78.248,77.906,77.613,77.32,77.174,77.125,77.223,77.662,78.492,79.616,80.935,82.302,83.719,85.184,86.552,87.871,89.092,90.362,91.436,92.169,92.56,92.755,92.804,92.755,92.755,92.657,92.657,92.608,92.56,92.511,92.413,92.364,92.169,91.973,91.68,91.241,90.606,89.678,88.31,86.601,85.135,84.158,83.914,84.012,84.158,84.305,84.403,84.549,84.598,84.598,84.549,84.5,84.354,84.354,84.354,84.5,84.696,84.745,84.793,84.793,84.793,84.793,84.793,84.745,84.598,84.354,84.158,83.914,83.621,83.279,82.937,82.547,82.107,81.667,81.13,80.593,80.104,79.616,79.176,78.737,78.248,77.662,77.125,76.539,68.626,68.431,68.235,68.04,67.844,67.6,67.405,67.161,66.916,66.672,66.428,66.184,65.94,65.744,65.5,65.256,65.06,64.914,64.816,64.718,64.914,65.549,66.721,68.675,71.654,76.294,83.621,94.074,106.14,117.23,125.68,131.39,135.01,137.3,138.62,139.25,139.25,138.81,137.79,136.47,135.1,133.74,132.42,131.2,129.73,128.17,126.31,123.92,120.99,117.76,114.34,110.73,106.92,103.06,99.495,96.369,93.732,91.485,89.678,88.115,86.796,85.673,84.745,83.865,83.133,82.351,81.667,81.032,80.446,79.811,79.225,78.737,78.248,77.76,77.223,76.734,76.294,75.806,75.318,74.78,74.292,73.901,73.51,73.12,72.68,72.289,71.947,71.605,71.215,70.922,70.531,70.189,69.798,69.505,69.114,68.724,68.431,68.04,67.747,67.356,66.965,66.721,66.428,66.233,66.037,65.94,65.988,66.379,67.258,68.724,70.873,73.852,78.297,85.038,94.513,105.01,114.3,120.99,125.24,127.83,129.29,130.12,130.51,130.41,129.97,129.19,128.12,126.8,125.43,124.06,122.5,120.74,118.54,115.91,112.98,109.85,106.48,102.91,99.3,95.881,92.804,90.215,88.115,86.356,84.94,83.816,82.84,82.009,81.277,80.739,80.153,79.616,79.03,78.492,77.906,77.418,76.929,76.343,75.855,75.366,74.878,74.438,73.999,73.51,73.071,72.631,72.24,71.801,71.361,70.97,70.629,70.238,69.945,69.554,69.163,68.821,68.479,68.186,67.844,67.503,67.112,66.819,66.477,66.233,65.94,65.598,65.353,65.109,64.914,64.718,64.572,64.474,64.67,65.256,66.281,68.04,70.629,74.292,80.055,88.506,98.909,109.17,117.13,122.35,125.48,127.24,128.26,128.61,128.61,128.26,127.53,126.6,125.48,124.11,122.6,120.94,119.03,116.79,114.3,111.56,108.68,105.6,102.28,98.909,95.734,92.95,90.508,88.506,86.845,85.477,84.354,83.426,82.595,82.009,81.374,80.788,80.349,79.86,79.372,78.932,78.444,77.906,77.418,76.929,76.441,76.001,75.562,75.171,74.731,74.292,73.852,73.51,73.12,72.729,72.436,72.094,71.801,71.508,71.166,70.824,70.482,70.189,69.945,69.603,69.31,68.919,68.675,68.382,68.089,67.844,67.551,67.356,67.112,66.965,66.868,66.868,67.063,67.551,68.528,70.287,72.875,76.734,82.791,91.778,102.62,112.98,121.04,126.51,129.97,132.22,133.54,134.17,134.13,133.49,132.42,131.1,129.83,128.51,127.19,125.92,124.55,122.94,120.79,118.3,115.42,112.29,108.92,105.31,101.6,98.225,95.295,92.853,90.801,89.043,87.626,86.503,85.477,84.598,83.865,83.133,82.498,81.863,81.228,80.593,80.007,79.421,78.932,78.346,77.858,77.369,76.929,76.441,76.001,75.464,75.073,74.634,74.194,73.803,73.364,72.973,72.631,72.24,71.85,71.41,71.068,70.677,70.384,70.042,69.652,69.359,69.066,68.724,68.431,68.089,67.844,67.6,67.405,67.258,67.112,67.161,67.6,68.479,70.091,72.68,76.636,82.937,92.315,103.55,114.3,122.7,128.36,132.17,134.66,136.23,137.11,137.5,137.25,136.57,135.54,134.32,133,131.54,130.17,128.8,127.19,125.24,122.79,119.86,116.64,113.07,109.26,105.31,101.6,98.225,95.344,92.95,90.997,89.385,88.066,86.943,85.917,85.135,84.305,83.572,82.84,82.253,81.618,81.032,80.446,79.86,79.323,78.737,78.248,77.662,77.174,76.636,76.099,75.611,75.122,74.634,74.097,73.755,73.364,72.973,72.631,72.24,71.801,71.41,70.97,70.629,70.238,69.847,69.554,69.163,68.87,68.528,68.235,67.942,67.6,67.307,67.063,66.819,66.623,66.526,66.526,66.868,67.698,69.114,71.41,74.78,80.055,88.115,98.616,109.51,118.35,124.55,128.51,131,132.51,133.3,133.49,133.25,132.56,131.63,130.41,129.19,127.83,126.41,124.94,123.18,120.99,118.35,115.37,112.19,108.68,105.06,101.35,97.884,94.806,92.169,90.069,88.261,86.747,85.477,84.403,83.475,82.742,82.058,81.374,80.739,80.104,79.567,78.981,78.444,77.858,77.32,76.685,76.099,75.562,74.976,74.487,73.901,73.413,72.875,72.387,71.801,71.312,70.873,70.433,69.945,69.505,68.968,68.626,68.235,67.942,67.698,67.503,67.356,67.503,67.942,68.919,70.677,73.217,77.125,82.986,91.436,101.3,110.24,116.69,120.55,122.6,123.67,124.02,123.87,123.43,122.7,121.72,120.6,119.37,117.91,116.2,114,111.32,108.29,105.16,101.99,98.763,95.49,92.56,89.971,87.871,86.112,84.598,83.426,82.449,81.57,80.886,80.251,79.665,79.225,78.786,78.346,77.906,77.418,76.978,76.49,76.05,75.562,75.122,74.634,74.194,73.755,73.364,72.924,72.533,72.24,71.85,71.508,71.117,70.726,70.384,70.042,69.749,69.505,69.261,68.968,68.821,68.528,68.382,68.089,67.942,67.796,67.6,67.405,67.307,67.112,66.916,66.721,66.526,66.379,66.184,66.037,65.842,65.695,65.5,65.305,65.158,65.012,64.865,64.718,64.67,64.718,65.06,65.842,67.307,69.652,73.608,80.104,90.117,102.67,115.17,125.24,132.22,136.91,140.04,142.04,143.16,143.55,143.31,142.48,141.26,139.79,138.33,136.81,135.35,133.88,132.37,130.56,128.41,125.82,122.79,119.47,115.86,112,107.95,103.99,100.37,97.249,94.758,92.657,90.997,89.629,88.408,87.431,86.552,85.819,85.038,84.354,83.67,82.986,82.302,81.667,81.032,80.495,79.909,79.372,78.786,78.297,77.809,77.369,76.929,76.49,76.099,75.66,75.318,74.927,74.536,74.194,73.852,73.51,73.12,72.729,72.289,71.947,71.508,71.117,70.726,70.384,69.994,69.603,69.261,68.87,68.479,68.186,67.942,67.747,67.6,67.698,67.942,68.626,69.945,71.996,75.171,80.251,88.31,99.349,111.17,120.94,127.53,131.78,134.61,136.47,137.54,138.03,138.03,137.5,136.57,135.3,133.78,132.22,130.76,129.39,127.87,126.07,123.82,121.04,117.91,114.44,110.63,106.63,102.67,99.105,96.125,93.732,91.729,90.117,88.799,87.724,86.796,85.917,85.135,84.354,83.67,82.986,82.302,81.618,80.984,80.349,79.762,79.176,78.688,78.102,77.613,77.125,76.685,76.197,75.757,75.22,74.78,74.292,73.852,73.51,73.12,72.68,72.289,71.947,71.557,71.166,70.726,70.287,69.847,69.407,69.066,68.626,68.186,67.796,67.503,67.161,66.868,66.623,66.379,66.184,66.135,66.184,66.526,67.551,69.163,71.752,75.66,81.863,90.801,101.5,111.8,119.91,125.63,129.24,131.49,132.76,133.34,133.44,133,132.12,131.05,129.83,128.51,127.19,125.72,124.16,122.31,120.06,117.32,114.2,110.68,106.87,102.82,98.812,95.051,91.778,89.092,86.845,85.038,83.621,82.449,81.472,80.739,80.055,79.421,78.786,78.199,77.564,76.978,76.343,75.757,75.171,74.634,74.048,73.51,72.973,72.485,71.996,71.508,70.97,70.482,70.042,69.603,69.163,68.724,68.382,67.991,67.698,67.307,66.916,66.623,66.233,65.94,65.549,65.256,65.012,64.67,64.425,64.132,63.839,63.595,63.351,63.107,62.911,62.814,62.667,62.618,62.814,63.253,64.23,65.94,68.724,73.12,79.811,89.043,99.789,110.09,118.3,124.02,127.53,129.63,130.66,131.1,131.05,130.61,129.88,128.85,127.68,126.36,124.99,123.58,122.01,120.11,117.81,115.08,111.95,108.63,105.01,101.25,97.591,94.416,91.68,89.482,87.724,86.356,85.184,84.158,83.377,82.693,82.058,81.472,80.935,80.349,79.86,79.323,78.786,78.248,77.76,77.174,76.636,76.05,75.464,74.927,74.438,73.852,73.364,72.924,72.485,72.094,71.801,71.41,71.117,70.726,70.433,70.042,69.749,69.407,69.066,68.675,68.284,67.991,67.6,67.258,66.868,66.526,66.233,65.988,65.744,65.5,65.353,65.402,65.598,66.281,67.698,69.994,73.657,79.225,87.236,97.297,107.75,116.98,124.16,129.24,132.51,134.42,135.49,135.98,135.93,135.35,134.37,133,131.49,130.07,128.75,127.48,126.16,124.5,122.31,119.62,116.44,112.93,109.07,105.01,101.06,97.493,94.367,91.778,89.727,88.066,86.698,85.575,84.598,83.816,83.133,82.449,81.814,81.179,80.593,80.055,79.567,78.981,78.492,77.906,77.369,76.734,76.197,75.611,75.073,74.487,73.999,73.413,72.973,72.485,72.045,71.605,71.166,70.824,70.384,69.994,69.554,69.163,68.821,68.431,68.04,67.747,67.356,66.965,66.672,66.379,66.037,65.793,65.598,65.5,65.402,65.5,65.94,66.965,68.87,71.85,76.636,83.67,92.999,103.35,113.17,121.38,127.48,131.73,134.42,136.08,137.01,137.35,137.2,136.57,135.54,134.32,132.95,131.54,130.12,128.75,127.19,125.38,123.04,120.25,116.93,113.17,109.17,105.01,101.06,97.493,94.562,92.169,90.215,88.701,87.431,86.356,85.477,84.696,83.914,83.23,82.595,81.912,81.374,80.739,80.104,79.567,78.932,78.346,77.76,77.125,76.441,75.806,75.171,74.536,73.852,73.217,72.68,72.094,71.557,70.97,70.482,69.994,69.603,69.163,68.87,68.528,68.431,68.479,68.821,69.749,71.41,74.194,78.346,84.549,92.608,101.69,110.29,117.32,122.31,125.58,127.39,128.31,128.56,128.31,127.68,126.8,125.63,124.36,122.99,121.43,119.62,117.32,114.44,111.17,107.7,103.94,100.03,96.223,92.755,89.727,87.236,85.184,83.572,82.156,81.179,80.349,79.762,79.127,78.541,78.004,77.467,76.978,76.49,76.001,75.415,74.878,74.292,73.755,73.168,72.533,71.996,71.41,70.873,70.287,69.798,69.31,68.87,68.431,68.04,67.698,67.258,66.868,66.477,66.135,65.793,65.5,65.158,65.012,64.718,64.474,64.279,64.035,63.839,63.693,63.497,63.302,63.107,63.009,62.814,62.618,62.423,62.227,62.032,61.788,61.592,61.446,61.251,61.055,60.86,60.664,60.567,60.42,60.322,60.225,60.322,60.811,61.885,63.839,67.258,72.729,80.984,91.876,103.79,114.73,123.23,129.05,132.66,134.76,135.79,136.32,136.23,135.79,135.01,133.93,132.56,131.1,129.68,128.26,126.75,124.94,122.7,120.01,117.03,113.81,110.24,106.28,102.38,98.665,95.344,92.608,90.362,88.506,86.991,85.721,84.696,83.865,83.133,82.449,81.716,81.13,80.544,80.007,79.372,78.786,78.248,77.613,77.027,76.441,75.855,75.318,74.731,74.243,73.755,73.217,72.778,72.289,71.85,71.41,71.068,70.726,70.384,69.994,69.652,69.31,68.919,68.626,68.235,67.942,67.6,67.307,66.965,66.623,66.281,66.037,65.744,65.402,65.158,65.012,64.816,64.67,64.621,64.718,65.305,66.379,68.235,71.166,75.806,82.693,91.778,102.04,111.85,120.01,125.92,129.93,132.32,133.64,134.22,134.32,133.93,133.25,132.22,130.95,129.49,128.07,126.7,125.24,123.67,121.67,119.18,116.25,112.88,109.26,105.36,101.5,97.981,94.904,92.364,90.215,88.506,87.138,85.868,84.842,84.012,83.182,82.498,81.863,81.228,80.69,80.055,79.469,78.932,78.346,77.809,77.223,76.685,76.099,75.611,75.073,74.536,74.048,73.608,73.12,72.631,72.192,71.752,71.312,70.922,70.531,70.189,69.749,69.359,68.968,68.626,68.235,67.942,67.551,67.258,66.916,66.526,66.281,65.988,65.744,65.549,65.5,65.5,65.744,66.428,67.844,70.287,74.097,79.909,88.066,97.981,108.24,117.42,124.7,129.83,133.1,135.1,136.23,136.76,136.76,136.32,135.49,134.52,133.34,132.12,130.85,129.49,128.07,126.36,124.16,121.43,118.25,114.73,110.92,106.87,102.82,99.154,95.979,93.341,91.192,89.385,87.919,86.747,85.721,84.842,84.11,83.377,82.595,81.863,81.179,80.495,79.811,79.176,78.59,78.053,77.564,77.027,76.539,76.001,75.464,74.927,74.438,73.852,73.364,72.875,72.436,71.996,71.557,71.166,70.726,70.287,69.847,69.407,68.968,68.528,68.089,67.747,67.356,67.063,66.672,66.281,65.988,65.695,65.402,65.109,64.914,64.718,64.718,65.012,65.549,66.868,68.968,72.436,77.662,85.135,94.513,104.58,113.81,121.18,126.51,129.88,131.93,133,133.44,133.34,132.95,132.22,131.44,130.41,129.29,127.97,126.56,124.99,123.18,120.99,118.3,115.22,111.8,108.04,104.04,100.18,96.565,93.488,90.85,88.75,86.991,85.624,84.5,83.572,82.742,82.009,81.277,80.69,80.055,79.421,78.786,78.199,77.564,76.929,76.343,75.757,75.171,74.683,74.097,73.608,73.12,72.631,72.094,71.605,71.117,70.677,70.238,69.798,69.407,69.066,68.626,68.235,67.796,67.503,67.112,66.721,66.428,66.037,65.744,65.353,65.06,64.718,64.474,64.23,63.937,63.742,63.546,63.448,63.497,63.79,64.621,66.184,68.675,72.631,78.492,86.747,96.76,106.87,115.76,122.35,126.75,129.29,130.61,131.2,131.39,131.1,130.56,129.68,128.61,127.43,126.12,124.7,123.18,121.38,119.18,116.54,113.56,110.39,106.87,103.16,99.447,95.979,93.097,90.655,88.799,87.236,85.917,84.842,84.012,83.23,82.547,82.009,81.423,80.886,80.3,79.762,79.176,78.59,78.004,77.418,76.881,76.294,75.757,75.22,74.731,74.243,73.803,73.315,72.924,72.485,72.094,71.752,71.361,71.068,70.677,70.287,69.945,69.603,69.31,68.968,68.675,68.382,68.04,67.796,67.503,67.258,66.965,66.721,66.477,66.233,66.135,66.037,66.233,66.819,67.991,70.042,73.315,78.346,85.624,95.051,105.31,114.88,122.55,128.12,131.68,133.93,135.3,136.08,136.37,136.23,135.54,134.57,133.3,131.98,130.61,129.24,127.73,126.07,123.87,121.23,118.2,114.93,111.32,107.51,103.7,100.13,97.053,94.416,92.218,90.41,88.945,87.724,86.747,85.868,85.135,84.403,83.719,83.035,82.449,81.814,81.179,80.593,80.055,79.567,78.932,78.346,77.76,77.174,76.539,76.001,75.415,74.878,74.292,73.803,73.315,72.778,72.289,71.85,71.41,70.97,70.629,70.189,69.847,69.603,69.407,69.407,69.652,70.287,71.654,74.048,77.662,83.133,90.752,99.984,109.56,117.91,124.36,128.7,131.39,133,133.93,134.32,134.17,133.64,132.76,131.63,130.36,129,127.53,126.07,124.16,121.87,119.13,115.91,112.44,108.63,104.72,100.91,97.542,94.611,92.218,90.215,88.603,87.284,86.161,85.282,84.549,83.865,83.23,82.547,81.912,81.277,80.593,80.007,79.372,78.786,78.248,77.613,77.027,76.49,75.904,75.366,74.78,74.292,73.803,73.315,72.778,72.387,71.85,71.41,70.97,70.629,70.189,69.798,69.407,69.114,68.821,68.479,68.186,67.844,67.6,67.356,67.063,66.819,66.623,66.379,66.135,65.842,65.598,65.353,65.158,64.914,64.718,64.572,64.425,64.23,64.035,63.937,63.937,64.132,64.67,65.842,67.991,71.41,76.734,84.598,94.904,106.38,116.98,125.43,131.39,135.01,137.11,138.38,139.01,139.11,138.81,138.03,136.91,135.64,134.32,132.95,131.54,129.97,128.31,126.26,123.72,120.89,117.57,113.86,109.8,105.6,101.6,98.03,95.002,92.413,90.41,88.75,87.431,86.259,85.282,84.403,83.621,82.84,82.156,81.57,80.886,80.153,79.567,78.932,78.346,77.76,77.174,76.636,76.05,75.415,74.927,74.341,73.852,73.364,72.924,72.485,72.045,71.605,71.166,70.824,70.384,70.042,69.652,69.31,68.919,68.528,68.186,67.796,67.503,67.161,66.868,66.526,66.281,66.037,65.793,65.549,65.353,65.256,65.109,65.158,65.353,65.842,66.916,68.675,71.508,75.806,82.156,90.752,100.62,110.39,118.59,124.7,128.61,131,132.22,132.86,133,132.66,131.98,131.05,129.93,128.61,127.24,125.82,124.31,122.55,120.3,117.62,114.64,111.36,107.95,104.23,100.62,97.444,94.66,92.413,90.557,89.043,87.822,86.796,85.868,85.135,84.403,83.719,83.133,82.498,81.863,81.228,80.593,80.007,79.421,78.883,78.297,77.76,77.223,76.685,76.197,75.66,75.171,74.731,74.292,73.852,73.51,73.12,72.68,72.289,71.947,71.557,71.166,70.824,70.433,70.042,69.652,69.31,68.968,68.724,68.431,68.089,67.796,67.503,67.307,67.112,67.063,67.258,67.698,68.724,70.629,73.608,78.248,85.038,94.074,104.38,114.3,122.6,128.7,132.76,135.25,136.86,137.79,138.23,138.18,137.74,137.01,135.98,134.66,133.25,131.73,130.22,128.61,126.75,124.36,121.62,118.5,114.98,111.17,107.26,103.5,100.18,97.297,94.904,92.999,91.387,90.069,88.847,87.919,87.04,86.259,85.428,84.696,84.012,83.279,82.547,81.912,81.277,80.69,80.055,79.469,78.932,78.346,77.76,77.174,76.685,76.197,75.66,75.171,74.731,74.292,73.852,73.413,72.973,72.533,72.192,71.801,71.41,71.117,70.726,70.433,70.189,69.945,69.798,69.798,70.042,70.677,71.85,73.608,76.05,79.225,83.572,89.043,95.246,101.25,106.19,109.56,111.41,112.1,111.85,111.07,109.95,108.48,106.82,104.72,102.23,99.544,97.004,94.562,92.169,89.873,87.675,85.819,84.11,82.742,81.618,80.593,79.811,79.127,78.492,77.906,77.418,76.929,76.49,76.05,75.562,75.122,74.683,74.194,73.755,73.217,72.875,72.436,71.947,71.508,71.068,70.677,70.287,69.945,69.554,69.261,68.919,68.675,68.431,68.186,67.991,67.747,67.503,67.258,67.063,66.868,66.672,66.477,66.281,66.184,65.988,65.793,65.598,65.5,65.305,65.109,64.914,64.718,64.621,64.425,64.23,64.035,63.937,63.742,63.595,63.448,63.253,63.107,62.911,62.814,62.814,63.058,63.79,65.256,67.551,70.922,76.001,83.475,93.488,104.72,115.22,123.58,129.29,133.05,135.3,136.62,137.3,137.5,137.2,136.47,135.44,134.13,132.61,131.05,129.49,127.87,126.07,123.87,121.28,118.35,115.17,111.66,107.95,104.04,100.42,97.2,94.513,92.218,90.41,88.847,87.626,86.601,85.819,85.184,84.598,84.11,83.621,83.133,82.693,82.253,81.814,81.374,80.935,80.495,80.007,79.469,79.03,78.541,78.053,77.613,77.125,76.685,76.246,75.806,75.366,74.927,74.536,74.097,73.755,73.315,72.875,72.436,72.045,71.654,71.312,70.873,70.482,70.189,69.847,69.554,69.261,68.919,68.626,68.431,68.284,68.284,68.479,69.114,70.384,72.436,75.611,80.3,87.04,95.979,105.94,115.37,123.14,128.75,132.37,134.61,135.88,136.47,136.62,136.37,135.88,135.1,134.13,133,131.63,130.17,128.75,127.19,125.29,122.99,120.11,116.93,113.42,109.66,105.85,102.23,99.105,96.467,94.318,92.413,90.85,89.629,88.554,87.675,86.845,86.161,85.477,84.842,84.158,83.621,82.986,82.449,81.863,81.277,80.69,80.055,79.469,78.883,78.248,77.662,77.125,76.539,76.05,75.562,74.976,74.487,73.999,73.51,73.071,72.631,72.24,71.85,71.605,71.508,71.557,71.996,72.924,74.683,77.418,81.472,87.48,95.637,105.16,114.34,121.87,127.19,130.66,132.86,134.17,134.86,135.05,134.86,134.32,133.49,132.51,131.29,129.93,128.41,126.75,124.75,122.31,119.37,116.2,112.73,109.07,105.31,101.74,98.567,95.881,93.634,91.778,90.313,88.994,87.919,86.991,86.112,85.379,84.598,83.914,83.23,82.595,82.009,81.374,80.739,80.104,79.469,78.932,78.346,77.809,77.223,76.734,76.197,75.66,75.171,74.731,74.243,73.803,73.364,72.924,72.485,72.094,71.752,71.312,70.97,70.629,70.287,69.994,69.652,69.407,69.114,68.87,68.626,68.382,68.04,67.796,67.503,67.258,66.965,66.721,66.477,66.281,66.037,65.842,65.598,65.353,65.256,65.158,65.305,65.695,66.672,68.431,71.166,75.464,81.912,90.997,101.94,112.88,122.16,129,133.34,135.93,137.35,138.33,138.81,138.86,138.42,137.54,136.32,134.86,133.34,131.93,130.41,128.8,126.99,124.8,122.31,119.42,116.3,112.73,108.92,105.01,101.3,98.03,95.246,92.95,90.997,89.434,88.164,87.04,86.161,85.379,84.549,83.865,83.182,82.547,81.912,81.277,80.69,80.055,79.469,78.883,78.346,77.809,77.32,76.783,76.294,75.855,75.415,74.976,74.634,74.194,73.803,73.413,73.12,72.778,72.436,72.094,71.801,71.41,71.117,70.726,70.287,69.945,69.554,69.163,68.87,68.528,68.284,68.04,67.796,67.551,67.356,67.258,67.161,67.405,68.04,69.31,71.41,74.634,79.372,86.405,95.686,105.94,115.42,122.94,128.12,131.39,133.3,134.42,135.01,135.01,134.61,133.88,132.81,131.63,130.36,129.05,127.73,126.31,124.55,122.35,119.67,116.69,113.51,110.05,106.48,103.06,99.984,97.346,95.197,93.439,91.925,90.606,89.531,88.554,87.724,86.991,86.259,85.575,84.793,84.11,83.426,82.742,82.107,81.472,80.886,80.3,79.762,79.176,78.59,78.102,77.662,77.223,76.783,76.343,75.904,75.562,75.171,74.731,74.341,73.901,73.51,73.12,72.68,72.289,71.947,71.605,71.215,70.922,70.629,70.287,70.042,69.847,69.603,69.505,69.407,69.505,69.847,70.726,72.24,74.683,78.444,84.012,91.778,101.5,111.56,120.45,127.24,131.88,134.81,136.76,137.94,138.62,138.81,138.42,137.59,136.57,135.35,134.22,133.05,131.78,130.22,128.26,125.87,122.94,119.81,116.44,112.78,109.07,105.5,102.23,99.495,97.2,95.246,93.634,92.218,91.045,90.069,89.189,88.359,87.529,86.796,86.112,85.428,84.745,84.061,83.279,82.595,82.009,81.374,80.69,80.007,79.372,78.786,78.199,77.613,77.125,76.685,76.246,76.001,75.757,75.611,75.66,75.904,76.539,77.613,79.225,81.228,83.67,86.552,90.166,94.318,98.323,101.6,103.94,105.11,105.41,104.92,103.94,102.62,100.86,98.616,95.979,93.439,91.192,89.238,87.48,85.868,84.5,83.23,82.253,81.277,80.495,79.86,79.323,78.786,78.346,77.906,77.564,77.174,76.783,76.343,76.001,75.611,75.22,74.878,74.487,74.194,73.803,73.413,73.12,72.778,72.485,72.094,71.801,71.508,71.117,70.873,70.531,70.287,70.042,69.798,69.554,69.31,69.066,68.87,68.626,68.382,68.186,67.991,67.796,67.551,67.356,67.161,66.965,66.721,66.526,66.428,66.233,66.135,65.94,65.793,65.695,65.549,65.402,65.305,65.158,65.012,64.816,64.621,64.425,64.23,64.035,63.937,63.742,63.546,63.351,63.155,63.058,62.911,62.862,63.107,63.79,65.158,67.551,70.97,76.099,83.914,94.758,107.12,118.59,127.63,133.88,137.79,139.99,141.01,141.26,141.11,140.82,140.33,139.69,138.77,137.59,136.23,134.66,133,131.2,129.05,126.56,123.62,120.45,117.03,113.51,109.75,106.04,102.67,99.691,97.102,94.904,93.097,91.632,90.313,89.189,88.164,87.382,86.552,85.819,85.038,84.256,83.572,82.84,82.253,81.618,80.984,80.446,79.811,79.225,78.59,78.053,77.467,76.929,76.343,75.855,75.366,74.878,74.341,73.901,73.51,73.12,72.729,72.387,72.045,71.752,71.508,71.215,70.97,70.726,70.531,70.384,70.189,69.994,69.798,69.603,69.407,69.31,69.163,69.114,69.114,69.163,69.359,69.798,70.677,72.094,74.243,77.223,81.423,87.529,95.93,105.55,114.64,121.87,126.95,130.12,132.07,133.1,133.69,133.74,133.44,132.76,131.78,130.56,129.19,127.73,126.31,124.75,122.84,120.55,117.86,114.98,112,108.73,105.36,102.13,99.251,96.76,94.66,92.95,91.485,90.215,89.238,88.31,87.48,86.796,86.112,85.428,84.793,84.158,83.572,82.84,82.253,81.667,81.032,80.495,79.909,79.372,78.883,78.297,77.76,77.32,76.881,76.441,76.05,75.611,75.22,74.78,74.438,74.048,73.657,73.364,72.973,72.631,72.289,71.996,71.654,71.361,71.068,70.726,70.482,70.238,70.042,69.945,69.994,70.238,70.873,71.947,73.657,76.099,79.421,84.061,90.655,99.349,108.97,118.01,125.14,130.22,133.64,135.79,137.11,137.79,137.94,137.54,136.86,135.93,134.81,133.64,132.32,130.95,129.49,127.92,125.92,123.43,120.5,117.18,113.76,110.09,106.48,103.11,100.03,97.493,95.295,93.439,91.925,90.606,89.434,88.506,87.626,86.796,86.063,85.233,84.549,83.865,83.23,82.595,82.058,81.423,80.886,80.251,79.665,79.03,78.541,78.004,77.467,77.027,76.636,76.246,75.904,75.806,75.757,75.806,76.001,76.539,77.613,79.127,81.13,83.426,86.063,89.287,93.243,97.493,101.3,104.04,105.7,106.19,105.94,105.16,104.18,102.82,101.16,99.007,96.418,93.878,91.68,89.727,87.919,86.259,84.696,83.23,82.058,80.984,80.055,79.176,78.492,77.809,77.223,76.734,76.294,75.806,75.318,74.878,74.341,73.901,127.43,126.07,124.6,122.99,120.94,118.45,115.76,112.93,109.85,106.63,103.31,100.23,97.493,95.197,93.243,91.534,90.117,88.847,87.822,86.943,86.112,85.428,84.745,84.11,83.572,82.986,82.351,81.814,81.228,80.788,80.3,79.762,79.127,78.541,78.053,77.564,77.125,76.636,76.099,75.757,75.366,74.976,74.536,74.048,73.608,73.217,72.875,72.533,72.192,71.801,71.508,71.166,70.873,70.482,70.189,69.945,69.652,69.359,69.163,69.114,69.359,69.945,71.117,73.071,76.05,80.544,87.187,95.881,105.5,114.3,121.38,126.51,130.07,132.51,134.08,134.91,135.3,135.2,134.57,133.64,132.51,131.29,130.07,128.75,127.43,125.87,123.87,121.43,118.69,115.61,112.39,108.92,105.5,102.23,99.447,96.907,94.806,93.048,91.534,90.313,89.238,88.31,87.431,86.601,85.868,85.038,84.354,83.719,83.133,82.498,81.912,81.374,80.788,80.3,79.811,79.225,78.737,78.248,77.809,77.32,76.783,76.294,75.855,75.415,75.122,74.731,74.292,73.901,73.51,73.12,72.729,72.387,72.045,71.752,71.41,71.117,70.726,70.433,70.189,69.945,69.652,69.407,69.31,69.31,69.554,70.238,71.557,73.657,76.636,80.886,86.991,95.295,104.72,113.42,120.3,125.04,128.17,130.17,131.39,131.98,132.07,131.68,130.85,129.88,128.7,127.43,126.16,124.85,123.38,121.57,119.23,116.69,113.9,110.92,107.8,104.58,101.35,98.47,95.881,93.683,91.778,90.166,88.799,87.626,86.698,85.819,85.038,84.305,83.621,82.937,82.302,81.716,81.032,80.446,79.86,79.372,78.883,78.297,77.76,77.174,76.685,76.197,75.757,75.318,74.878,74.438,74.048,73.608,73.168,72.778,72.387,71.996,71.605,71.215,70.873,70.482,70.189,69.798,69.505,69.114,68.821,68.479,68.235,67.942,67.6,67.356,67.161,67.112,67.258,67.698,68.675,70.384,72.778,76.246,81.374,88.701,97.932,107.31,114.93,120.35,123.82,125.87,127.14,127.73,127.92,127.68,127.19,126.41,125.43,124.36,123.18,121.87,120.45,118.54,116.2,113.42,110.63,107.8,104.92,101.89,99.007,96.321,94.074,92.169,90.606,89.385,88.31,87.382,86.552,85.819,85.184,84.549,83.914,83.377,82.791,82.253,81.667,81.179,80.69,80.104,79.616,79.03,78.492,78.004,77.564,77.125,76.685,76.294,75.855,75.464,75.171,74.78,74.438,73.999,73.608,73.168,72.875,72.485,72.094,71.752,71.41,71.117,70.824,70.531,70.238,69.994,69.749,69.554,69.359,69.31,69.359,69.798,70.726,72.289,74.683,78.199,83.426,90.801,99.886,109.07,117.03,123.18,127.48,130.32,132.12,133.2,133.74,133.78,133.3,132.42,131.2,129.88,128.61,127.43,126.16,124.8,123.04,120.74,118.06,115.17,112.19,108.92,105.7,102.47,99.74,97.297,95.295,93.536,92.071,90.801,89.727,88.847,88.066,87.382,86.698,86.063,85.428,84.793,84.256,83.621,83.035,82.498,81.912,81.374,80.788,80.153,79.616,79.03,78.541,78.004,77.418,76.929,76.49,76.001,75.464,75.073,74.536,74.194,73.803,73.51,73.217,73.071,73.071,73.315,73.999,75.366,77.564,80.739,85.428,91.973,100.23,108.87,116.3,121.87,125.72,128.31,129.93,130.8,131.2,131.1,130.66,129.88,128.8,127.63,126.36,124.99,123.48,121.62,119.18,116.44,113.51,110.49,107.31,104.04,101.06,98.47,96.223,94.318,92.657,91.192,89.971,88.945,88.066,87.236,86.503,85.721,85.135,84.5,83.865,83.23,82.595,82.058,81.472,80.984,80.446,79.909,79.421,78.932,78.444,77.906,77.418,76.929,76.441,76.05,75.66,75.318,74.927,74.536,74.194,73.852,73.559,73.168,72.875,72.631,72.289,72.045,71.801,71.605,71.312,70.97,70.726,70.433,70.091,69.749,69.407,69.114,68.87,68.626,68.284,67.991,67.698,67.356,67.063,66.868,66.868,67.063,67.747,69.066,71.312,74.634,79.616,86.943,96.467,107.07,116.54,124.02,129.19,132.61,134.86,136.32,137.11,137.25,136.76,135.88,134.76,133.54,132.37,131.24,129.97,128.61,126.85,124.75,122.11,119.37,116.44,113.32,110,106.63,103.35,100.47,97.884,95.686,93.781,92.169,90.801,89.629,88.603,87.724,86.845,86.112,85.428,84.793,84.158,83.572,82.937,82.302,81.667,81.13,80.593,80.055,79.469,78.932,78.346,77.858,77.369,76.881,76.441,76.001,75.611,75.22,74.78,74.438,74.048,73.608,73.217,72.875,72.436,72.094,71.752,71.361,71.068,70.726,70.433,70.091,69.798,69.505,69.261,68.968,68.724,68.479,68.382,68.431,68.87,69.749,71.312,73.559,76.636,81.032,87.675,96.418,105.94,114.25,120.3,124.26,126.6,128.07,128.8,129.09,129.09,128.75,128.07,127.19,126.12,124.94,123.67,122.16,120.3,118.06,115.42,112.73,110.05,107.31,104.38,101.55,98.909,96.662,94.758,93.097,91.68,90.41,89.385,88.506,87.675,86.943,86.259,85.624,85.038,84.403,83.865,83.279,82.742,82.156,81.618,81.13,80.544,80.055,79.469,78.981,78.541,78.053,77.613,77.174,76.734,76.343,75.904,75.562,75.122,74.78,74.438,73.999,73.608,73.217,72.875,72.485,72.094,71.801,71.508,71.215,70.97,70.726,70.482,70.287,70.091,70.091,70.287,70.97,72.24,74.243,77.125,81.423,87.822,96.467,106.28,115.37,122.35,127.39,130.66,132.95,134.42,135.44,135.93,135.88,135.35,134.52,133.34,132.17,130.95,129.53,128.12,126.36,124.26,121.82,119.13,116.35,113.37,110.19,106.92,103.79,101.06,98.616,96.614,94.855,93.439,92.169,91.045,90.069,89.189,88.359,87.626,86.943,86.259,85.624,84.989,84.403,83.816,83.23,82.693,82.107,81.57,80.984,80.495,80.007,79.469,78.981,78.541,78.102,77.662,77.223,76.783,76.343,76.001,75.562,75.171,74.78,74.438,74.048,73.657,73.217,72.924,72.533,72.24,71.947,71.557,71.215,70.97,70.873,70.824,70.922,71.361,72.387,73.999,76.49,80.007,85.184,92.657,101.99,111.41,119.42,125.38,129.53,132.37,134.22,135.35,135.93,135.98,135.69,135.01,134.08,132.95,131.73,130.41,129,127.39,125.38,122.94,120.25,117.42,114.49,111.32,107.99,104.87,101.99,99.447,97.249,95.344,93.781,92.511,91.387,90.362,89.531,88.75,87.968,87.236,86.503,85.868,85.184,84.549,84.012,83.426,82.84,82.253,81.667,81.13,80.544,80.055,79.567,78.981,78.492,78.004,77.467,77.027,76.636,76.197,75.757,75.318,74.878,74.438,73.999,73.559,73.12,72.729,72.387,71.996,71.605,71.312,70.97,70.677,70.384,70.091,69.847,69.652,69.603,69.749,70.287,71.41,73.217,75.757,79.225,84.305,91.485,100.47,109.66,117.37,122.99,126.7,128.95,130.22,130.85,131,130.66,130.07,129.09,128.07,126.85,125.63,124.36,122.99,121.23,119.13,116.64,113.9,111.12,108.19,105.06,101.99,99.105,96.565,94.367,92.56,90.997,89.727,88.603,87.675,86.845,86.112,85.428,84.793,84.158,83.572,82.937,82.351,81.716,81.179,80.593,80.055,79.469,78.932,78.444,77.906,77.418,76.978,76.49,76.099,75.66,75.318,74.927,74.487,74.097,73.755,73.315,72.924,72.631,72.24,71.85,71.508,71.166,70.824,70.482,70.238,69.847,69.554,69.261,68.919,68.675,68.431,68.235,68.235,68.431,69.114,70.384,72.289,75.073,78.786,84.354,92.169,101.6,110.73,118.06,123.18,126.51,128.56,129.73,130.32,130.36,130.07,129.44,128.41,127.29,125.97,124.7,123.28,121.72,119.86,117.47,114.93,112.29,109.66,106.87,104.04,101.3,98.763,96.565,94.611,93.048,91.729,90.606,89.678,88.799,88.066,87.284,86.698,86.063,85.428,84.793,84.158,83.572,82.986,82.449,81.912,81.374,80.788,80.3,79.811,79.323,78.786,78.297,77.858,77.418,77.027,76.685,76.246,75.855,75.464,75.073,74.683,74.292,73.999,73.608,73.217,72.875,72.533,72.24,71.947,71.605,71.312,70.97,70.726,70.531,70.384,70.384,70.629,71.312,72.631,74.683,77.564,81.716,87.919,96.565,106.38,115.47,122.6,127.68,131,133.1,134.42,135.1,135.44,135.3,134.76,133.78,132.56,131.2,129.83,128.36,126.95,125.24,123.14,120.55,117.91,115.17,112.24,109.17,106.14,103.31,100.81,98.665,96.809,95.246,93.781,92.56,91.485,90.557,89.678,88.847,88.066,87.382,86.601,85.917,85.184,84.5,83.865,83.23,82.595,82.058,81.423,80.886,80.3,79.811,79.323,78.786,78.346,78.053,77.76,77.467,77.369,77.418,77.76,78.444,79.567,81.032,82.937,84.989,87.187,89.531,92.315,95.246,97.981,99.984,101.06,101.25,100.86,99.984,98.763,97.297,95.441,93.243,90.948,88.994,87.48,86.308,85.135,84.061,83.133,82.253,81.472,80.886,80.3,79.86,79.421,78.981,78.541,78.199,77.809,77.467,77.125,76.783,76.49,76.099,75.806,75.415,75.122,74.78,74.487,74.194,73.852,73.559,73.217,72.924,72.631,72.289,72.045,71.752,71.41,71.117,70.873,70.629,70.433,70.238,69.994,69.798,69.603,69.407,69.261,69.066,68.87,68.675,68.479,68.382,68.186,68.04,67.844,67.747,67.551,67.356,67.258,67.112,66.965,66.819,66.672,66.526,66.379,66.135,65.842,65.598,65.305,65.06,64.865,64.621,64.279,63.937,63.693,63.497,63.302,63.107,63.058,63.253,63.79,65.109,67.307,70.433,74.976,82.009,91.778,103.45,114.54,123.38,129.53,133.74,136.47,138.23,139.16,139.5,139.25,138.57,137.59,136.57,135.35,134.17,132.81,131.39,129.68,127.68,125.24,122.55,119.81,116.93,113.86,110.53,107.16,104.04,101.25,98.665,96.467,94.611,93.048,91.729,90.557,89.629,88.75,87.919,87.187,86.405,85.721,85.038,84.354,83.816,83.182,82.547,81.912,81.374,80.788,80.251,79.762,79.225,78.737,78.248,77.76,77.32,76.881,76.441,76.001,75.562,75.171,74.78,74.438,74.048,73.657,73.315,72.973,72.631,72.192,71.801,71.41,71.117,70.726,70.384,69.994,69.652,69.359,69.066,68.821,68.528,68.284,68.089,68.089,68.382,69.114,70.482,72.485,75.171,78.883,84.061,91.387,100.18,108.92,116.1,121.28,124.7,126.75,127.92,128.56,128.8,128.7,128.12,127.24,126.16,124.94,123.72,122.5,121.13,119.57,117.47,114.98,112.39,109.75,107.12,104.38,101.69,99.154,96.907,95.002,93.292,91.876,90.655,89.629,88.701,87.871,87.138,86.356,85.721,85.135,84.549,84.012,83.426,82.937,82.351,81.814,81.228,80.739,80.251,79.762,79.225,78.737,78.248,77.809,77.418,77.027,76.685,76.343,76.001,75.611,75.22,74.878,74.438,74.048,73.755,73.364,72.973,72.631,72.24,71.947,71.605,71.312,70.97,70.726,70.531,70.287,70.189,70.238,70.726,71.654,73.364,75.757,78.932,83.377,89.678,98.03,107.31,115.57,121.91,126.41,129.49,131.44,132.61,133.25,133.3,132.95,132.17,131.2,130.07,129,127.87,126.6,125.29,123.82,121.87,119.42,116.69,113.86,110.97,107.99,105.01,102.13,99.495,97.249,95.344,93.683,92.218,91.045,90.069,89.092,88.31,87.529,86.845,86.161,85.575,84.989,84.354,83.816,83.23,82.742,82.253,81.716,81.228,80.69,80.104,79.616,79.176,78.688,78.248,77.809,77.369,76.978,76.539,76.099,75.757,75.318,74.927,74.487,74.097,73.803,73.413,73.12,72.729,72.387,72.045,71.654,71.361,71.068,70.873,70.677,70.629,70.677,71.068,71.996,73.559,75.904,79.127,83.572,89.922,98.372,107.6,115.91,122.31,126.8,129.88,131.88,133.25,134.08,134.42,134.37,133.88,133,131.93,130.66,129.39,128.07,126.7,125.14,123.04,120.55,117.81,114.93,112,108.87,105.75,102.82,100.13,97.786,95.881,94.22,92.853,91.68,90.655,89.873,89.092,88.408,87.724,87.138,86.503,85.868,85.233,84.696,84.158,83.621,83.035,82.498,82.009,81.423,80.886,80.349,79.86,79.372,78.932,78.444,77.906,77.467,76.978,76.636,76.197,75.757,75.318,74.78,74.341,73.852,73.413,72.973,72.533,72.094,71.752,71.312,70.922,70.531,70.238,69.847,69.603,69.407,69.407,69.652,70.384,71.605,73.608,76.294,79.909,84.94,91.925,100.47,109.26,116.64,122.16,125.92,128.31,129.68,130.41,130.56,130.36,129.73,128.85,127.83,126.56,125.38,124.11,122.94,121.43,119.42,116.88,114.1,111.41,108.63,105.75,102.87,100.13,97.688,95.539,93.781,92.315,90.997,89.922,88.994,88.115,87.382,86.601,85.917,85.282,84.598,84.012,83.377,82.742,82.107,81.472,80.886,80.3,79.762,79.176,78.59,78.053,77.564,76.978,76.49,76.001,75.415,74.976,74.536,74.097,73.755,73.364,72.973,72.729,72.631,72.68,72.973,73.803,75.122,76.929,79.127,81.667,84.696,88.554,93.097,97.786,101.69,104.28,105.6,105.94,105.6,104.87,103.84,102.67,101.3,99.544,97.297,94.855,92.608,90.752,89.092,87.626,86.161,84.94,83.865,82.937,82.156,81.57,80.984,80.544,80.104,79.762,79.372,79.03,78.688,78.297,78.004,77.613,77.223,76.881,76.539,76.197,75.855,75.562,75.171,74.878,74.487,74.194,73.852,73.559,73.217,72.924,72.68,72.387,72.094,71.801,71.557,71.312,71.117,70.873,70.629,70.433,70.238,70.042,69.798,69.603,69.407,69.261,69.066,68.87,68.724,68.626,68.479,68.382,68.235,67.991,67.796,67.6,67.405,67.307,67.112,66.916,66.672,66.477,66.281,66.135,65.94,65.793,65.695,65.695,65.842,66.526,67.844,69.945,72.875,77.125,83.572,92.657,103.7,114.49,123.43,129.97,134.61,137.69,139.55,140.62,141.16,141.5,141.6,141.45,140.87,139.99,138.81,137.45,135.93,134.32,132.61,130.56,128.12,125.29,122.35,119.33,116,112.49,109.12,105.99,103.26,100.86,98.86,97.102,95.686,94.513,93.488,92.56,91.729,90.85,90.069,89.238,88.506,87.822,87.187,86.503,85.868,85.184,84.598,84.012,83.426,82.84,82.302,81.814,81.277,80.788,80.3,79.86,79.372,78.981,78.541,78.102,77.662,77.223,76.881,76.441,76.001,75.562,75.122,74.731,74.341,73.999,73.657,73.315,72.973,72.631,72.24,71.996,71.752,71.605,71.605,71.947,72.729,74.194,76.294,79.225,83.23,89.043,97.2,106.48,115.17,122.06,127.04,130.56,132.95,134.57,135.49,135.88,135.74,135.2,134.32,133.25,132.17,131.1,129.97,128.8,127.43,125.63,123.38,120.69,117.91,115.08,112.05,108.87,105.75,102.82,100.23,97.981,96.125,94.611,93.292,92.169,91.241,90.313,89.482,88.75,88.066,87.431,86.845,86.259,85.624,85.038,84.403,83.816,83.23,82.742,82.156,81.667,81.13,80.544,80.007,79.469,78.981,78.541,78.053,77.467,76.978,76.539,76.05,75.562,75.073,74.634,74.097,73.608,73.168,72.729,72.289,71.947,71.557,71.166,70.824,70.482,70.189,69.847,69.652,69.554,69.749,70.238,71.361,73.12,75.611,78.883,83.426,90.117,98.812,107.99,115.91,121.82,125.87,128.51,130.17,131.2,131.63,131.68,131.29,130.56,129.53,128.36,127.14,125.72,124.36,122.79,120.99,118.59,115.91,113.22,110.44,107.51,104.48,101.5,98.812,96.369,94.318,92.511,90.997,89.824,88.75,87.871,87.138,86.356,85.721,85.135,84.549,84.012,83.426,82.84,82.302,81.814,81.228,80.69,80.104,79.616,79.03,78.541,78.053,77.613,77.174,76.734,76.294,75.904,75.464,75.073,74.683,74.243,73.852,73.413,73.071,72.631,72.24,71.947,71.557,71.215,70.873,70.482,70.189,69.798,69.505,69.114,68.821,68.528,68.431,68.431,68.821,69.554,70.873,72.924,75.757,79.616,85.282,93.097,102.38,111.12,118.11,122.99,126.16,128.17,129.29,129.88,129.97,129.68,129.05,128.17,127.14,125.87,124.55,123.14,121.48,119.47,117.03,114.44,111.85,109.26,106.53,103.74,101.11,98.665,96.565,94.806,93.243,91.925,90.752,89.678,88.799,87.968,87.284,86.601,85.966,85.428,84.842,84.305,83.719,83.133,82.547,82.009,81.472,80.935,80.495,80.007,79.469,79.03,78.59,78.199,77.76,77.369,76.929,76.539,76.197,75.806,75.415,75.073,74.731,74.292,73.901,73.559,73.217,72.875,72.533,72.192,71.85,71.557,71.215,70.97,70.726,70.531,70.482,70.677,71.215,72.436,74.341,77.027,80.69,85.721,92.999,101.99,111.22,119.13,125.04,129.19,131.88,133.69,134.76,135.35,135.44,135.05,134.32,133.2,131.98,130.66,129.39,128.12,126.75,125.04,122.79,120.11,117.32,114.49,111.56,108.53,105.7,103.11,100.81,98.86,97.102,95.686,94.367,93.292,92.315,91.485,90.655,89.873,89.043,88.31,87.626,86.943,86.259,85.624,84.94,84.305,83.67,83.133,82.547,82.009,81.423,80.935,80.349,79.811,79.323,78.786,78.444,78.004,77.613,77.32,77.125,76.978,76.978,77.32,78.053,79.323,80.984,83.182,85.673,88.701,92.413,96.809,101.3,105.11,107.75,109.26,109.75,109.51,108.82,107.85,106.68,105.31,103.6,101.45,98.909,96.467,94.416,92.657,91.045,89.482,88.164,86.991,85.917,84.989,84.158,83.475,82.84,82.302,81.716,81.277,80.788,80.446,80.007,79.567,79.127,78.688,78.248,77.858,77.418,77.027,76.685,76.246,75.855,75.464,75.122,74.731,74.438,74.048,73.755,73.364,73.071,72.729,72.436,72.094,71.801,71.508,71.215,70.97,70.726,70.482,70.238,70.042,69.847,69.652,69.407,69.261,69.066,68.87,68.675,68.479,68.382,68.235,68.04,67.844,67.698,67.405,67.161,66.916,66.672,66.428,66.184,65.842,65.549,65.256,64.914,64.67,64.377,64.132,63.986,63.986,64.377,65.353,67.258,70.042,73.901,79.469,87.529,97.932,108.97,118.69,126.07,131.29,134.91,137.35,138.86,139.69,139.89,139.69,139.25,138.47,137.54,136.37,135.01,133.49,131.93,130.32,128.31,125.92,123.23,120.45,117.57,114.54,111.36,108.24,105.31,102.67,100.33,98.323,96.467,94.855,93.488,92.218,91.094,90.117,89.238,88.408,87.675,86.991,86.308,85.624,84.94,84.305,83.67,83.035,82.449,81.863,81.277,80.739,80.153,79.616,79.127,78.688,78.248,77.76,77.223,76.783,76.343,76.001,75.611,75.22,74.78,74.487,74.097,73.755,73.364,72.973,72.631,72.24,71.85,71.508,71.117,70.726,70.384,70.042,69.798,69.505,69.31,69.114,69.163,69.554,70.433,71.996,74.243,77.32,81.618,87.675,95.734,104.67,112.88,119.23,123.67,126.6,128.51,129.68,130.22,130.36,130.22,129.73,129.05,128.12,127.04,125.87,124.5,123.04,121.23,119.03,116.54,113.9,111.41,108.87,106.28,103.74,101.3,99.056,97.053,95.295,93.781,92.511,91.387,90.41,89.629,88.799,88.115,87.382,86.747,86.112,85.477,84.94,84.354,83.816,83.23,82.742,82.156,81.667,81.228,80.739,80.251,79.811,79.323,78.883,78.492,78.102,77.76,77.32,76.929,76.539,76.197,75.757,75.366,74.927,74.487,74.097,73.755,73.364,73.071,72.729,72.436,72.094,71.85,71.557,71.361,71.215,71.361,71.801,72.778,74.536,77.027,80.544,85.428,92.218,100.86,110.09,118.25,124.55,129,131.93,133.88,135.01,135.54,135.64,135.2,134.37,133.34,132.22,131,129.73,128.51,127.19,125.63,123.58,121.18,118.59,116.1,113.51,110.73,107.95,105.16,102.62,100.37,98.372,96.614,95.099,93.878,92.804,91.876,91.045,90.215,89.482,88.75,88.115,87.431,86.796,86.259,85.673,85.135,84.549,84.012,83.426,82.84,82.351,81.814,81.277,80.886,80.349,79.909,79.469,79.127,78.688,78.297,77.858,77.418,76.978,76.539,76.099,75.66,75.318,74.878,74.536,74.194,73.803,73.51,73.168,72.778,72.533,72.387,72.289,72.436,72.875,73.755,75.366,77.662,80.935,85.477,92.12,100.81,110.24,118.54,124.94,129.44,132.61,134.66,135.98,136.62,136.76,136.37,135.49,134.42,133.2,131.98,130.76,129.53,128.36,126.85,124.99,122.55,119.86,116.98,114.1,111.12,108.09,105.26,102.57,100.23,98.177,96.418,94.855,93.634,92.511,91.485,90.557,89.727,88.994,88.31,87.675,87.04,86.405,85.819,85.233,84.696,84.11,83.621,83.133,82.595,82.058,81.57,81.13,80.593,80.153,79.762,79.323,78.786,78.346,77.906,77.467,77.027,76.539,76.099,75.611,75.122,74.634,74.097,73.657,73.168,72.729,72.289,71.85,71.557,71.166,70.873,70.629,70.482,70.482,70.824,71.557,72.973,75.122,78.053,82.058,87.675,95.441,104.38,112.98,119.91,124.94,128.26,130.22,131.44,131.98,132.07,131.68,130.95,129.97,128.8,127.63,126.36,125.19,123.92,122.45,120.35,117.86,115.17,112.49,109.8,106.92,104.14,101.45,99.056,96.907,95.099,93.634,92.315,91.241,90.313,89.482,88.75,88.066,87.431,86.845,86.259,85.624,85.038,84.403,83.865,83.279,82.693,82.107,81.57,80.984,80.446,79.909,79.372,78.883,78.346,77.809,77.32,76.783,76.294,75.855,75.366,74.927,74.536,74.243,73.999,73.901,74.194,74.731,75.904,77.809,80.3,83.572,88.066,94.318,101.74,108.97,114.73,118.69,121.13,122.35,122.84,122.84,122.45,121.67,120.74,119.67,118.5,117.23,115.66,113.66,111.17,108.48,105.94,103.45,101.01,98.616,96.369,94.416,92.755,91.387,90.166,89.092,88.261,87.529,86.943,86.308,85.819,85.282,84.793,84.256,83.719,83.23,82.742,82.253,81.667,81.179,80.69,80.153,79.665,79.225,78.786,78.297,77.858,77.418,76.978,76.636,76.246,75.855,75.464,75.171,74.878,74.536,74.243,73.901,73.608,73.315,73.071,72.778,72.631,72.436,72.24,72.045,71.801,71.605,71.361,71.166,70.97,70.726,70.482,70.238,69.994,69.749,69.505,69.261,68.968,68.724,68.528,68.284,68.186,68.089,68.186,68.528,69.603,71.41,74.097,78.053,83.914,92.56,103.31,114.25,123.43,130.32,135.05,138.38,140.57,141.89,142.38,142.19,141.45,140.38,139.11,137.94,136.76,135.54,134.32,133,131.39,129.39,126.95,124.26,121.48,118.59,115.57,112.44,109.41,106.68,104.14,101.94,100.03,98.421,97.004,95.686,94.562,93.536,92.608,91.778,91.045,90.313,89.531,88.799,88.115,87.382,86.747,86.112,85.575,84.989,84.354,83.816,83.279,82.742,82.253,81.716,81.228,80.788,80.446,80.007,79.567,79.127,78.737,78.297,77.906,77.467,77.125,76.685,76.246,75.855,75.464,75.122,74.731,74.438,74.048,73.657,73.364,73.12,72.924,72.729,72.68,72.778,73.315,74.438,76.246,78.737,82.253,87.284,94.611,103.7,112.88,120.6,126.36,130.36,133.1,134.91,136.08,136.67,136.81,136.57,135.98,135.05,133.98,132.76,131.49,130.17,128.75,126.95,124.7,122.01,119.23,116.44,113.42,110.39,107.26,104.43,101.89,99.691,97.884,96.223,94.855,93.683,92.608,91.632,90.655,89.873,89.043,88.31,87.626,86.943,86.308,85.673,84.989,84.354,83.719,83.182,82.595,82.058,81.472,80.984,80.495,79.909,79.421,78.981,78.492,78.053,77.613,77.174,76.734,76.294,75.855,75.366,74.927,74.487,74.048,73.608,73.217,72.778,72.436,72.045,71.654,71.312,70.922,70.629,70.287,70.091,70.042,70.189,70.726,71.85,73.608,76.197,79.469,84.11,90.801,99.447,108.63,116.54,122.45,126.51,129.09,130.8,131.73,132.17,132.07,131.49,130.56,129.44,128.17,126.85,125.58,124.31,122.84,121.04,118.74,116.2,113.61,110.97,108.24,105.5,102.72,100.23,97.981,96.076,94.367,92.95,91.68,90.557,89.629,88.799,88.066,87.284,86.601,85.917,85.282,84.696,84.061,83.426,82.84,82.302,81.667,81.13,80.593,80.104,79.616,79.176,78.688,78.248,77.809,77.418,77.027,76.636,76.246,75.806,75.366,74.976,74.634,74.243,73.901,73.608,73.315,72.973,72.68,72.387,72.045,71.752,71.41,71.166,70.922,70.726,70.531,70.482,70.629,71.068,72.094,73.803,76.343,79.811,84.696,91.632,100.42,109.8,117.91,124.06,128.26,130.95,132.56,133.44,133.78,133.78,133.34,132.61,131.63,130.41,129.19,127.92,126.7,125.24,123.43,121.04,118.3,115.57,112.88,110.05,107.16,104.38,101.89,99.691,97.786,96.223,94.904,93.781,92.755,91.876,91.045,90.313,89.678,88.994,88.359,87.822,87.187,86.601,86.063,85.477,84.94,84.403,83.865,83.377,82.84,82.351,81.863,81.423,80.984,80.544,80.153,79.811,79.421,78.981,78.541,78.102,77.76,77.32,76.929,76.49,109.17,118.35,125.24,130.07,133.44,135.54,136.81,137.3,137.06,136.13,134.76,133.2,131.63,130.12,128.61,126.95,124.99,122.6,120.01,117.37,114.78,112.1,109.12,105.99,102.91,100.03,97.542,95.344,93.634,92.12,90.85,89.824,88.847,88.066,87.284,86.601,85.966,85.379,84.745,84.158,83.572,82.937,82.351,81.716,81.179,80.544,79.909,79.323,78.737,78.248,77.662,77.174,76.685,76.197,75.757,75.318,74.878,74.438,74.048,73.608,73.217,72.875,72.485,72.192,71.85,71.557,71.215,70.922,70.629,70.287,70.042,69.749,69.359,69.066,68.675,68.382,68.04,67.747,67.405,67.063,66.721,66.428,66.135,65.793,65.549,65.353,65.256,65.353,65.744,66.526,67.991,69.994,72.729,76.294,81.472,88.75,97.297,105.7,112.54,117.57,120.94,123.14,124.36,124.99,125.14,124.85,124.26,123.38,122.31,121.18,119.91,118.74,117.47,116.05,114.2,111.76,109.17,106.63,104.23,101.74,99.251,96.809,94.562,92.56,90.948,89.482,88.359,87.382,86.552,85.819,85.233,84.745,84.158,83.67,83.23,82.791,82.351,81.863,81.423,80.984,80.495,80.055,79.567,79.127,78.688,78.248,77.809,77.369,76.978,76.539,76.197,75.855,75.464,75.122,74.78,74.487,74.194,73.852,73.51,73.12,72.778,72.485,72.094,71.752,71.41,71.117,70.824,70.482,70.189,69.847,69.603,69.407,69.261,69.163,69.407,70.091,71.361,73.168,75.66,78.981,83.914,90.948,99.593,108.48,116.05,121.72,125.82,128.56,130.22,131.29,131.88,131.93,131.54,130.8,129.83,128.75,127.53,126.36,125.04,123.58,121.87,119.77,117.32,114.69,112.05,109.31,106.48,103.7,101.01,98.567,96.418,94.611,93.048,91.729,90.606,89.678,88.799,88.115,87.431,86.796,86.259,85.673,85.184,84.696,84.158,83.621,83.133,82.595,82.107,81.618,81.13,80.593,80.153,79.762,79.225,78.786,78.346,78.004,77.564,77.174,76.734,76.294,75.855,75.464,75.122,74.683,74.292,73.852,73.559,73.168,72.778,72.387,71.996,71.654,71.361,71.117,70.873,70.726,70.873,71.215,72.192,73.657,75.904,78.981,83.23,89.434,97.542,106.53,114.69,121.13,125.87,129.09,131.39,132.81,133.69,133.98,133.78,133.2,132.22,131.1,130.07,128.95,127.83,126.7,125.43,123.82,121.67,119.13,116.44,113.66,110.83,107.8,104.82,101.99,99.495,97.346,95.637,94.074,92.755,91.632,90.655,89.873,89.092,88.359,87.675,86.991,86.405,85.819,85.233,84.598,84.061,83.572,83.035,82.547,82.058,81.57,81.13,80.593,80.153,79.665,79.225,78.786,78.444,78.053,77.613,77.174,76.783,76.441,76.099,75.757,75.318,74.927,74.536,74.194,73.803,73.364,72.973,72.533,72.192,71.801,71.41,71.117,70.873,70.726,70.873,71.312,72.387,74.048,76.441,79.616,84.012,90.215,98.421,107.31,115.22,121.38,125.72,128.61,130.36,131.44,131.88,131.78,131.29,130.51,129.49,128.41,127.29,126.12,124.85,123.43,121.67,119.57,117.13,114.54,112,109.26,106.38,103.35,100.47,97.786,95.49,93.536,91.925,90.557,89.434,88.506,87.675,86.991,86.308,85.673,85.135,84.549,84.012,83.426,82.937,82.351,81.814,81.277,80.788,80.251,79.762,79.225,78.737,78.248,77.809,77.32,76.881,76.49,76.05,75.611,75.171,74.731,74.341,73.901,73.51,73.071,72.631,72.094,71.654,71.312,70.922,70.531,70.091,69.749,69.359,68.968,68.724,68.479,68.284,68.382,68.626,69.407,70.824,72.875,75.66,79.616,85.379,93.195,102.38,110.97,117.86,122.75,125.92,127.87,129,129.53,129.68,129.44,128.8,127.92,126.85,125.72,124.5,123.23,121.82,120.11,117.91,115.47,112.93,110.44,107.75,104.92,102.18,99.495,97.2,95.197,93.488,92.12,90.997,90.069,89.287,88.603,87.968,87.382,86.796,86.259,85.721,85.233,84.745,84.158,83.67,83.133,82.595,82.156,81.667,81.179,80.69,80.153,79.762,79.323,78.786,78.346,77.906,77.467,77.027,76.636,76.197,75.757,75.366,74.976,74.634,74.341,74.243,74.341,74.78,75.806,77.467,79.86,83.182,87.919,94.611,103.01,111.41,118.54,123.72,127.24,129.44,130.66,131.29,131.49,131.24,130.61,129.73,128.7,127.48,126.16,124.8,123.23,121.18,118.79,116.2,113.56,110.88,108.04,105.16,102.47,99.984,97.884,96.076,94.513,93.243,92.12,91.192,90.313,89.531,88.847,88.164,87.529,86.943,86.356,85.819,85.184,84.696,84.11,83.621,83.035,82.498,82.009,81.472,80.984,80.495,80.055,79.567,79.127,78.688,78.297,77.858,77.418,77.027,76.685,76.294,76.001,75.66,75.366,75.122,74.878,74.536,74.292,73.999,73.657,73.413,73.168,72.875,72.631,72.289,71.996,71.654,71.361,71.068,70.726,70.433,70.091,69.798,69.603,69.505,69.554,69.994,70.97,72.68,75.22,78.981,84.598,92.95,103.45,114.25,123.28,130.12,134.81,137.98,140.04,141.35,142.04,142.14,141.79,141.16,140.43,139.55,138.42,137.11,135.74,134.42,132.95,131.1,128.85,126.16,123.38,120.45,117.23,113.86,110.44,107.12,104.14,101.5,99.3,97.542,96.076,94.855,93.781,92.853,91.973,91.192,90.41,89.727,89.043,88.359,87.724,87.187,86.552,85.966,85.428,84.94,84.403,83.914,83.377,82.791,82.302,81.814,81.374,80.935,80.495,80.055,79.616,79.225,78.786,78.346,77.906,77.467,77.027,76.685,76.246,75.806,75.366,74.878,74.487,74.048,73.755,73.364,72.924,72.533,72.289,72.045,71.996,72.094,72.68,73.852,75.66,78.297,81.716,86.552,93.488,102.04,110.88,118.3,123.82,127.68,130.22,131.93,132.95,133.44,133.49,133.05,132.32,131.29,130.12,128.85,127.53,126.12,124.36,122.16,119.62,116.98,114.25,111.36,108.29,105.16,102.13,99.349,97.004,95.002,93.292,91.925,90.85,89.922,89.189,88.506,87.871,87.236,86.601,86.063,85.575,84.989,84.403,83.865,83.279,82.791,82.156,81.618,81.13,80.544,80.055,79.567,79.03,78.492,78.053,77.613,77.174,76.685,76.246,75.806,75.366,74.927,74.487,74.048,73.608,73.168,72.729,72.387,71.947,71.508,71.117,70.677,70.287,69.945,69.603,69.31,69.066,68.919,69.066,69.603,70.677,72.436,74.927,78.346,83.377,90.606,99.691,108.97,116.88,122.7,126.51,128.95,130.32,131.05,131.39,131.24,130.66,129.88,128.8,127.68,126.51,125.24,123.87,122.16,120.01,117.47,114.88,112.24,109.61,106.82,103.99,101.3,98.86,96.809,95.002,93.488,92.218,91.241,90.362,89.678,89.043,88.506,87.968,87.48,86.991,86.405,85.917,85.428,84.842,84.305,83.865,83.377,82.791,82.302,81.814,81.277,80.935,80.495,80.104,79.665,79.323,78.932,78.541,78.199,77.809,77.418,77.027,76.636,76.197,75.757,75.366,74.976,74.634,74.243,73.803,73.413,73.071,72.729,72.485,72.24,72.094,72.192,72.485,73.217,74.536,76.685,79.616,83.865,90.069,98.567,108.19,117.13,124.16,129.09,132.37,134.42,135.74,136.57,137.06,137.2,136.76,135.93,134.66,133.3,131.88,130.51,129,127.29,125.24,122.79,120.11,117.37,114.44,111.51,108.48,105.7,103.06,100.67,98.616,96.858,95.344,94.171,93.195,92.315,91.485,90.752,89.971,89.238,88.554,87.968,87.431,86.845,86.356,85.819,85.282,84.793,84.305,83.816,83.23,82.693,82.156,81.667,81.179,80.739,80.3,79.86,79.469,79.03,78.59,78.199,77.662,77.174,76.734,76.343,75.904,75.464,75.073,74.536,74.097,73.755,73.364,73.071,72.729,72.533,72.485,72.68,73.315,74.487,76.441,79.225,83.23,89.043,97.2,106.72,115.91,123.38,128.85,132.66,135.3,137.06,138.13,138.62,138.67,138.33,137.5,136.47,135.3,133.98,132.76,131.29,129.83,127.87,125.63,123.14,120.45,117.62,114.49,111.22,107.95,104.92,102.18,99.886,97.981,96.418,95.099,94.123,93.243,92.511,91.729,91.045,90.41,89.824,89.092,88.506,87.919,87.284,86.747,86.161,85.624,85.135,84.549,83.914,83.377,82.791,82.253,81.667,81.13,80.593,80.055,79.469,78.932,77.906,79.372,81.423,84.158,87.675,92.511,98.909,106.43,113.42,118.98,122.75,125.19,126.7,127.53,127.83,127.63,126.99,126.07,124.85,123.67,122.35,120.89,118.98,116.74,114.25,111.85,109.56,107.16,104.72,102.18,99.74,97.542,95.637,93.927,92.56,91.387,90.313,89.434,88.701,88.066,87.48,86.845,86.308,85.721,85.184,84.696,84.158,83.621,83.035,82.449,81.863,81.277,80.739,80.153,79.616,79.03,78.444,77.858,77.32,76.734,76.246,75.806,75.318,74.78,74.341,73.901,73.51,73.12,72.729,72.387,72.045,71.654,71.41,71.117,70.873,70.531,70.238,69.994,69.652,69.359,69.114,68.821,68.528,68.235,67.942,67.6,67.307,66.965,66.721,66.428,66.135,65.842,65.598,65.549,65.598,66.135,67.112,68.87,71.508,75.366,81.374,90.069,100.91,111.8,120.6,126.75,130.66,133.1,134.66,135.69,136.13,135.88,135.1,133.88,132.51,131.1,129.88,128.61,127.43,125.92,124.02,121.67,119.13,116.64,114.05,111.22,108.24,105.16,102.28,99.789,97.688,95.93,94.513,93.292,92.315,91.485,90.752,90.117,89.482,88.945,88.359,87.822,87.284,86.747,86.161,85.624,84.989,84.5,83.914,83.426,82.937,82.351,81.814,81.277,80.788,80.349,79.86,79.421,78.981,78.59,78.248,77.858,77.467,77.125,76.685,76.294,75.855,75.464,75.122,74.683,74.292,73.999,73.657,73.51,73.413,73.413,73.559,73.657,73.803,73.901,74.097,74.438,75.073,76.246,78.004,80.3,83.182,86.991,92.413,99.935,108.68,116.98,123.43,127.87,130.76,132.51,133.49,133.93,133.93,133.49,132.61,131.54,130.32,129,127.63,126.26,124.75,122.94,120.69,118.2,115.66,113.22,110.63,107.85,105.11,102.47,100.18,98.225,96.565,95.099,93.878,92.804,91.925,91.094,90.362,89.678,89.043,88.506,87.919,87.284,86.747,86.259,85.721,85.233,84.696,84.158,83.67,83.182,82.595,82.107,81.618,81.179,80.739,80.3,79.86,79.469,79.03,78.541,78.102,77.613,77.125,76.685,76.246,75.855,75.415,75.073,74.634,74.243,73.852,73.51,73.12,72.778,72.485,72.24,72.192,72.289,72.875,74.048,75.855,78.492,82.156,87.48,95.051,104.28,113.61,121.28,127.04,131.05,133.78,135.69,136.81,137.3,137.35,136.91,136.23,135.3,134.13,132.81,131.49,130.12,128.51,126.56,124.26,121.72,119.23,116.64,113.76,110.68,107.55,104.67,102.04,99.886,97.981,96.418,95.099,93.976,93.048,92.218,91.436,90.752,90.069,89.434,88.799,88.261,87.626,87.04,86.503,85.966,85.428,84.94,84.354,83.865,83.279,82.791,82.302,81.716,81.228,80.788,80.3,79.909,79.469,79.03,78.59,78.199,77.76,77.32,76.881,76.343,75.904,75.415,74.976,74.634,74.243,73.852,73.51,73.12,72.778,72.485,72.289,72.192,72.24,72.631,73.51,74.927,77.027,79.86,83.719,89.287,97.004,105.94,114.44,121.18,125.92,129,131,132.12,132.61,132.66,132.32,131.63,130.66,129.53,128.36,127.19,125.92,124.55,122.79,120.6,118.2,115.81,113.42,110.88,108.09,105.26,102.47,99.984,97.786,95.93,94.318,92.95,91.778,90.948,90.117,89.385,88.701,88.066,87.431,86.845,86.308,85.673,85.135,84.598,84.061,83.475,82.937,82.449,81.863,81.277,80.788,80.251,79.811,79.323,78.883,78.444,77.906,77.467,77.027,76.636,76.197,75.757,75.22,74.78,74.341,73.852,73.413,72.973,72.485,72.045,71.654,71.215,70.873,70.482,70.091,69.798,69.554,69.407,69.505,69.945,70.922,72.533,74.878,78.102,82.742,89.434,98.225,107.6,115.76,121.67,125.63,128.07,129.39,130.07,130.22,129.97,129.44,128.56,127.53,126.41,125.29,124.11,122.79,121.18,119.03,116.54,114.05,111.66,109.31,106.82,104.18,101.55,99.154,97.053,95.246,93.683,92.413,91.436,90.557,89.873,89.238,88.701,88.115,87.529,87.04,86.552,86.063,85.575,84.989,84.403,83.865,83.377,82.84,82.351,81.863,81.423,80.935,80.495,80.104,79.762,79.372,78.981,78.688,78.248,77.809,77.418,76.978,76.636,76.197,75.806,75.366,74.976,74.536,74.194,73.803,73.413,73.12,72.729,72.436,72.094,71.85,71.654,71.654,71.996,72.729,74.097,76.197,79.127,83.279,89.434,97.932,107.6,116.69,123.67,128.56,131.78,133.88,135.2,135.93,136.18,135.93,135.25,134.17,133.05,131.88,130.61,129.39,127.97,126.31,124.26,121.82,119.33,116.88,114.3,111.51,108.63,105.8,103.26,101.06,99.154,97.591,96.223,95.099,94.171,93.341,92.608,91.925,91.29,90.655,90.117,89.482,88.945,88.359,87.822,87.236,86.601,86.063,85.428,84.793,84.256,83.621,83.035,82.449,81.863,81.228,80.739,80.251,79.762,79.176,78.688,78.248,77.809,77.369,77.027,76.783,76.685,76.783,77.32,78.444,80.153,82.742,86.308,91.485,98.616,107.16,115.47,122.16,126.99,130.17,132.17,133.34,133.98,134.13,133.78,133.2,132.32,131.24,130.12,128.85,127.43,125.82,123.72,121.28,118.74,116.3,113.86,111.22,108.48,105.8,103.26,100.91,98.909,97.249,95.881,94.758,93.781,92.95,92.169,91.436,90.752,90.117,89.482,88.847,88.31,87.675,87.138,86.552,85.966,85.428,84.842,84.305,83.816,83.23,82.693,82.107,81.618,81.032,80.593,80.104,79.762,79.323,78.883,78.444,78.004,77.613,77.223,76.881,76.49,76.197,75.855,75.562,75.22,74.976,74.683,74.341,73.999,73.657,73.315,72.973,72.631,72.24,71.947,71.605,71.312,70.97,70.677,70.433,70.189,69.994,69.945,70.189,70.824,72.094,74.292,77.418,82.058,89.043,98.763,109.75,120.01,127.92,133.44,137.06,139.35,140.92,141.75,141.99,141.55,140.82,139.74,138.57,137.25,135.98,134.76,133.34,131.78,129.73,127.39,124.85,122.45,119.86,116.93,113.66,110.29,107.12,104.28,101.79,99.691,97.884,96.369,95.051,93.976,93.048,92.169,91.387,90.606,89.922,89.287,88.701,88.066,87.48,86.845,86.308,85.673,85.135,84.5,83.914,83.279,82.742,82.107,81.57,80.984,80.495,79.909,79.372,78.883,78.444,78.004,77.564,77.125,76.685,76.246,75.806,75.318,74.878,74.341,73.901,73.51,72.973,72.533,72.045,71.605,71.215,70.873,70.482,70.189,69.994,69.847,70.042,70.629,71.752,73.51,75.855,79.176,83.865,90.606,99.3,108.43,116.2,121.87,125.63,127.92,129.24,129.88,129.97,129.68,129,128.07,126.85,125.63,124.36,123.14,121.62,119.81,117.62,115.22,113.07,110.83,108.48,105.99,103.5,101.11,99.007,97.053,95.344,93.878,92.657,91.632,90.752,89.922,89.238,88.603,87.968,87.431,86.845,86.308,85.673,85.038,84.5,83.914,83.377,82.84,82.302,81.814,81.228,80.788,80.3,79.86,79.421,79.03,78.688,78.297,77.906,77.564,77.223,76.881,76.49,76.05,75.66,75.318,74.878,74.487,74.194,73.803,73.413,73.071,72.729,72.436,72.094,71.801,71.557,71.41,71.361,71.557,72.192,73.413,75.366,78.199,82.107,87.968,96.223,106.04,115.57,123.14,128.31,131.68,133.74,135.05,135.74,135.93,135.54,134.76,133.69,132.61,131.49,130.41,129.29,128.07,126.56,124.55,122.11,119.62,117.18,114.78,112.24,109.56,106.82,104.23,101.94,99.984,98.421,97.053,95.881,94.806,93.927,93.097,92.413,91.778,91.192,90.557,89.971,89.434,88.799,88.261,87.675,87.04,86.503,85.917,85.379,84.793,84.256,83.67,83.182,82.693,82.253,81.814,81.277,80.886,80.349,79.909,79.421,78.981,78.492,78.053,77.564,77.125,76.636,76.197,75.806,75.366,74.976,74.634,74.243,73.852,73.608,73.413,73.413,73.657,74.487,75.855,78.004,80.984,85.233,91.485,99.886,109.41,118.3,125.24,130.17,133.54,135.69,137.01,137.74,137.98,137.79,137.3,136.47,135.44,134.32,133.1,131.78,130.32,128.56,126.41,124.02,121.62,119.33,116.88,114.2,111.22,108.29,105.5,102.91,100.72,98.909,97.444,96.321,95.344,94.513,93.732,93.048,92.413,91.778,91.241,90.655,90.069,89.482,88.945,88.31,87.724,87.236,86.698,107.6,105.06,102.62,100.37,98.372,96.76,95.295,94.074,93.048,92.169,91.436,90.801,90.117,89.482,88.945,88.408,87.919,87.382,86.796,86.308,85.819,85.233,84.745,84.158,83.67,83.182,82.693,82.156,81.667,81.179,80.69,80.251,79.811,79.323,78.932,78.492,78.102,77.662,77.223,76.734,76.294,75.904,75.464,75.073,74.634,74.194,73.755,73.364,72.973,72.68,72.387,72.192,72.094,72.24,72.729,73.803,75.562,77.906,81.179,85.673,92.218,100.81,110.09,118.3,124.41,128.61,131.29,133.05,134.08,134.52,134.42,133.88,132.95,131.73,130.41,129.09,127.87,126.75,125.58,124.11,122.11,119.86,117.62,115.47,113.32,110.83,108.09,105.36,102.72,100.33,98.225,96.467,95.051,93.878,92.95,92.12,91.387,90.606,89.922,89.238,88.554,87.871,87.187,86.503,85.868,85.233,84.598,84.012,83.377,82.693,82.058,81.423,80.788,80.251,79.665,79.127,78.59,78.102,77.662,77.223,76.783,76.294,75.855,75.366,74.927,74.438,73.999,73.51,73.071,72.533,72.094,71.654,71.215,70.824,70.433,69.994,69.652,69.407,69.163,69.114,69.31,69.945,71.166,72.973,75.562,78.932,83.67,90.508,99.154,108.39,116.1,121.72,125.43,127.53,128.8,129.29,129.44,129.09,128.51,127.63,126.6,125.58,124.5,123.28,121.91,120.16,118.01,115.47,113.12,110.92,108.82,106.48,103.99,101.45,99.105,97.004,95.099,93.536,92.218,91.192,90.313,89.531,88.847,88.261,87.675,87.138,86.552,85.966,85.428,84.842,84.305,83.719,83.23,82.693,82.107,81.57,80.984,80.446,79.909,79.421,78.932,78.492,78.004,77.564,77.125,76.685,76.246,75.806,75.366,74.927,74.487,74.048,73.608,73.168,72.729,72.289,71.85,71.41,70.97,70.629,70.287,69.994,69.652,69.407,69.261,69.31,69.652,70.433,71.801,73.803,76.734,80.935,87.138,95.637,105.41,114.73,122.01,126.85,129.93,131.63,132.51,132.86,132.76,132.17,131.29,130.22,129.05,127.87,126.6,125.38,124.02,122.26,120.06,117.62,115.32,113.17,111.12,108.82,106.43,103.99,101.79,99.789,98.128,96.76,95.539,94.513,93.634,92.853,92.169,91.534,90.85,90.313,89.678,89.092,88.554,87.919,87.284,86.698,86.063,85.428,84.793,84.158,83.572,83.035,82.498,81.912,81.374,80.886,80.446,80.055,79.762,79.567,79.469,79.665,80.3,81.374,82.84,84.793,87.04,89.629,92.608,96.223,100.57,104.67,107.75,109.41,110,109.75,109.07,108.09,106.97,105.6,103.74,101.35,98.665,96.369,94.611,93.243,91.973,90.752,89.629,88.603,87.675,86.845,86.112,85.575,84.989,84.5,84.061,83.621,83.23,82.791,82.449,82.009,81.57,81.13,80.69,80.251,79.811,79.372,78.932,78.541,78.102,77.662,77.174,76.783,76.441,76.05,75.66,75.22,74.878,74.487,74.097,73.755,73.364,72.973,72.729,72.436,72.192,71.85,71.605,71.312,71.068,70.824,70.629,70.384,70.091,69.847,69.603,69.407,69.261,69.066,68.919,68.724,68.528,68.382,68.186,67.991,67.796,67.551,67.307,67.063,66.868,66.672,66.477,66.233,65.988,65.744,65.5,65.353,65.256,65.353,65.793,66.868,68.675,71.312,75.318,81.667,91.241,103.26,115.37,125.38,132.61,137.59,141.06,143.46,144.87,145.6,145.75,145.26,144.24,143.02,141.7,140.43,139.25,138.03,136.76,135.25,133.3,130.95,128.41,125.92,123.38,120.5,117.32,114.05,110.83,107.75,105.01,102.57,100.47,98.763,97.297,96.125,95.051,94.074,93.195,92.413,91.632,90.85,90.117,89.434,88.799,88.115,87.48,86.796,86.161,85.624,84.989,84.403,83.816,83.182,82.547,82.009,81.423,80.935,80.349,79.86,79.421,78.932,78.492,78.004,77.564,77.125,76.685,76.197,75.757,75.22,74.78,74.341,73.901,73.51,73.071,72.631,72.192,71.801,71.508,71.117,70.873,70.677,70.629,70.922,71.654,73.12,75.171,78.004,81.912,87.529,95.441,104.62,113.51,120.45,125.24,128.26,129.97,130.85,131.24,131.1,130.8,130.22,129.49,128.61,127.53,126.36,125.04,123.58,121.72,119.47,117.13,114.88,112.63,110.29,107.75,105.06,102.43,99.935,97.688,95.881,94.318,93.048,91.973,91.094,90.313,89.678,89.092,88.554,87.968,87.431,86.943,86.356,85.868,85.282,84.793,84.256,83.67,83.182,82.595,82.107,81.57,81.032,80.544,80.104,79.665,79.225,78.883,78.444,78.053,77.613,77.174,76.734,76.294,75.904,75.464,75.122,74.731,74.341,73.999,73.657,73.315,72.973,72.631,72.289,71.996,71.801,71.752,71.85,72.436,73.413,75.171,77.662,81.228,86.552,94.22,103.99,114,122.35,128.41,132.32,134.81,136.32,137.11,137.45,137.3,136.76,135.79,134.66,133.44,132.22,131.05,129.93,128.61,126.85,124.6,122.16,119.81,117.57,115.13,112.44,109.66,106.92,104.28,101.99,99.984,98.323,96.907,95.734,94.66,93.781,92.999,92.315,91.68,91.094,90.557,89.922,89.385,88.799,88.261,87.724,87.187,86.601,86.063,85.575,84.989,84.403,83.865,83.377,82.84,82.449,82.009,81.57,81.032,80.544,80.055,79.567,79.03,78.541,78.102,77.613,77.174,76.734,76.294,75.904,75.464,75.122,74.731,74.341,74.048,73.852,73.852,74.194,74.976,76.441,78.688,81.814,86.405,93.243,102.23,112.05,120.89,127.53,132.17,135.25,137.35,138.67,139.5,139.79,139.6,139.06,138.13,136.91,135.69,134.37,133.1,131.68,130.07,127.97,125.63,123.23,120.79,118.25,115.37,112.39,109.31,106.38,103.74,101.5,99.691,98.177,97.004,95.93,95.099,94.318,93.634,92.95,92.364,91.729,91.094,90.557,89.922,89.385,88.799,88.261,87.675,87.138,86.552,85.966,85.428,84.793,84.305,83.719,83.23,82.791,82.302,81.814,81.277,80.886,80.349,79.909,79.421,78.981,78.492,78.004,77.564,77.125,76.685,76.246,75.806,75.318,74.927,74.536,74.243,74.048,73.901,73.999,74.487,75.611,77.369,79.909,83.572,88.945,96.614,106.14,115.61,123.48,129.09,132.95,135.44,137.01,137.94,138.33,138.18,137.59,136.81,135.74,134.57,133.25,131.88,130.36,128.61,126.56,124.26,121.91,119.67,117.18,114.34,111.32,108.19,105.26,102.47,100.13,98.128,96.467,95.246,94.171,93.292,92.56,91.876,91.241,90.655,90.117,89.531,88.945,88.359,87.724,87.138,86.503,85.868,85.233,84.549,83.914,83.377,82.742,82.058,81.423,80.788,80.153,79.567,78.932,78.297,77.76,77.174,76.685,76.197,75.806,75.562,75.415,75.562,76.099,77.223,78.981,81.472,84.793,89.385,95.686,103.45,111.22,117.57,121.87,124.41,125.68,126.16,126.12,125.68,124.99,124.11,123.04,121.87,120.5,118.79,116.64,114.1,111.66,109.41,107.16,104.72,102.23,99.789,97.493,95.49,93.781,92.413,91.241,90.215,89.482,88.847,88.359,87.919,87.48,87.138,86.698,86.259,85.819,85.379,84.842,84.354,83.816,83.279,82.791,82.302,81.814,81.277,80.788,80.3,79.811,79.372,78.932,78.492,78.102,77.76,77.369,76.978,76.685,76.294,76.05,75.757,75.415,75.171,74.927,74.683,74.438,74.243,74.048,73.852,73.657,73.413,73.168,72.924,72.68,72.387,72.045,71.752,71.41,71.166,70.873,70.629,70.287,70.042,69.798,69.603,69.603,69.798,70.482,71.801,73.852,76.929,81.618,88.75,98.812,110.49,121.48,129.97,135.79,139.6,142.04,143.55,144.29,144.43,143.99,143.16,142.23,141.16,139.99,138.77,137.35,135.88,134.13,131.98,129.53,127.04,124.55,121.91,119.13,116.05,112.93,109.95,107.16,104.72,102.67,100.91,99.495,98.225,97.2,96.223,95.441,94.66,93.976,93.292,92.608,91.925,91.241,90.557,89.873,89.238,88.603,88.066,87.48,86.943,86.356,85.819,85.282,84.793,84.305,83.816,83.279,82.791,82.302,81.814,81.374,80.935,80.495,80.055,79.616,79.176,78.737,78.346,77.906,77.467,77.027,76.539,76.197,75.855,75.464,75.171,74.927,74.78,74.731,74.927,75.415,76.49,78.248,80.739,84.305,89.434,96.809,106.04,115.47,123.38,129.05,132.95,135.54,137.3,138.47,139.16,139.35,139.01,137.98,136.67,135.25,133.88,132.56,131.1,129.44,127.39,125.04,122.6,120.25,117.62,114.73,111.66,108.63,105.8,103.31,101.11,99.3,97.737,96.565,95.49,94.611,93.781,93.048,92.315,91.534,90.85,90.215,89.678,89.043,88.506,87.919,87.382,86.796,86.308,85.721,85.184,84.598,84.061,83.475,82.986,82.498,82.058,81.618,81.13,80.69,80.251,79.811,79.372,78.932,78.492,78.004,77.564,77.174,76.783,76.441,76.001,75.611,75.318,74.878,74.487,74.097,73.852,73.608,73.559,73.755,74.292,75.464,77.32,79.909,83.475,88.603,95.93,105.11,114.3,121.87,127.19,130.61,132.81,134.17,135.01,135.3,135.1,134.52,133.49,132.17,130.85,129.49,128.12,126.7,124.99,122.99,120.89,118.59,116.35,113.86,111.17,108.43,105.6,103.01,100.67,98.616,96.858,95.441,94.171,93.097,92.169,91.29,90.557,89.873,89.189,88.506,87.871,87.236,86.552,85.917,85.233,84.598,84.012,83.377,82.742,82.107,81.472,80.935,80.3,79.762,79.127,78.492,77.906,77.418,76.929,76.49,76.05,75.757,75.562,75.415,75.464,75.855,76.685,77.906,79.469,81.374,83.426,85.575,87.822,90.41,93.634,96.858,99.251,100.37,100.37,99.74,98.763,97.542,96.125,94.123,91.729,89.238,87.187,85.624,84.403,83.475,82.595,81.814,81.13,80.495,79.909,79.421,78.981,78.59,78.297,78.004,77.76,77.564,77.223,76.978,76.685,76.343,76.05,75.757,75.366,74.976,74.683,74.292,73.999,73.608,73.364,73.071,72.729,72.485,72.192,71.85,71.605,71.361,71.068,70.824,70.482,70.287,70.042,69.847,69.603,69.407,69.261,69.114,68.919,68.821,68.626,68.431,68.284,68.089,67.991,67.796,67.698,67.6,67.503,67.307,67.161,66.965,66.819,66.526,66.379,66.184,65.94,65.744,65.549,65.305,65.109,64.865,64.67,64.621,64.572,64.67,65.06,66.135,67.844,70.531,74.731,81.423,91.387,103.7,115.81,125.87,133.25,138.38,141.89,144.29,145.85,146.53,146.48,145.8,144.73,143.55,142.28,140.92,139.45,137.79,136.08,134.13,131.98,129.73,127.48,125.14,122.6,119.77,116.54,113.32,110.19,107.31,104.82,102.57,100.67,99.105,97.737,96.565,95.49,94.611,93.781,93.048,92.364,91.729,91.094,90.508,89.922,89.385,88.75,88.164,87.626,86.991,86.405,85.819,85.233,84.598,84.061,83.426,82.937,82.449,81.912,81.423,80.984,80.495,80.055,79.616,79.127,78.688,78.199,77.662,77.223,76.783,76.343,75.904,75.562,75.171,74.731,74.341,73.999,73.657,73.51,73.364,73.413,73.803,74.731,76.343,78.688,82.009,86.747,93.781,102.91,112.63,121.04,127.24,131.54,134.37,136.23,137.45,138.03,138.33,138.13,137.54,136.67,135.49,134.17,132.86,131.63,130.17,128.51,126.36,124.02,121.62,119.18,116.54,113.61,110.49,107.36,104.48,101.94,99.74,97.932,96.418,95.246,94.22,93.341,92.56,91.876,91.094,90.508,89.873,89.287,88.75,88.164,87.626,87.138,86.552,85.966,85.477,84.94,84.354,83.719,83.182,82.693,82.156,81.667,81.277,80.886,80.446,79.909,79.469,78.981,78.492,78.053,77.564,77.125,76.685,76.246,75.806,75.366,74.927,74.487,74.048,73.657,73.364,73.071,72.778,72.631,72.729,73.12,73.999,75.464,77.662,80.69,84.94,91.045,99.3,108.53,116.98,123.43,127.87,130.76,132.51,133.49,133.88,133.78,133.44,132.81,131.98,130.95,129.73,128.36,126.99,125.29,123.38,121.13,118.74,116.54,114.3,111.85,109.17,106.43,103.6,101.01,98.616,96.565,94.806,93.341,92.12,91.094,90.215,89.434,88.75,88.115,87.48,86.845,86.259,85.673,85.135,84.549,84.012,83.475,82.986,82.498,81.912,81.423,80.935,80.349,79.86,79.372,78.883,78.346,77.858,77.418,76.929,76.441,75.904,75.415,74.927,74.438,73.901,73.51,72.973,72.533,72.094,71.654,71.215,70.726,70.287,69.945,69.554,69.261,69.066,68.87,68.919,69.31,70.238,71.752,74.048,77.174,81.863,88.75,97.688,107.31,115.61,121.62,125.43,127.68,128.85,129.44,129.63,129.39,128.85,128.07,127.14,125.97,124.8,123.43,121.72,119.67,117.32,114.93,112.78,110.68,108.29,105.75,103.11,100.57,98.225,96.223,94.611,93.243,92.12,91.192,90.362,89.678,89.092,88.554,88.066,87.48,86.991,86.405,85.966,85.477,84.989,84.5,83.914,83.426,82.937,82.449,82.009,81.472,81.032,80.593,80.153,79.811,79.421,79.03,78.688,78.248,77.858,77.467,77.125,76.685,76.246,75.855,75.415,75.073,74.683,74.243,73.852,73.51,73.168,72.875,72.533,72.24,71.996,71.85,71.947,72.289,73.217,74.78,77.027,80.251,84.989,92.071,101.3,111.12,119.67,125.92,130.12,132.81,134.57,135.49,135.93,135.88,135.35,134.57,133.44,132.17,130.85,129.63,128.17,126.51,124.41,122.16,119.81,117.47,115.13,112.49,109.66,106.92,104.38,102.04,100.13,98.47,97.102,95.93,94.855,93.976,93.195,92.413,91.729,91.045,90.41,89.824,89.189,88.506,87.871,87.236,86.601,85.966,85.379,84.793,84.158,83.621,82.986,82.449,81.863,81.277,80.788,80.3,79.86,79.421,79.03,78.786,78.59,78.541,78.737,79.176,80.104,81.472,83.182,85.233,87.48,90.117,93.341,97.444,101.6,104.92,106.87,107.55,107.41,106.68,105.75,104.62,103.26,101.35,99.056,96.614,94.513,92.804,91.436,90.313,89.238,88.261,87.382,86.601,85.868,85.184,84.598,84.061,83.621,83.23,82.84,82.449,82.058,81.667,81.228,80.788,80.349,79.909,79.469,79.127,78.688,78.297,77.906,77.564,77.174,76.734,76.343,76.001,75.562,75.171,74.78,74.438,74.048,73.755,73.364,73.071,72.729,72.436,72.192,71.947,71.654,71.508,71.215,70.97,70.726,70.482,70.287,70.042,69.847,69.652,69.407,69.261,69.066,68.87,68.675,68.431,68.235,68.04,67.796,67.6,67.356,67.112,66.868,66.623,66.379,66.184,65.94,65.744,65.598,65.598,65.94,66.672,68.186,70.482,73.852,79.03,86.845,97.493,109.17,119.62,127.53,133.05,136.81,139.3,140.87,141.7,141.79,141.31,140.38,139.11,137.89,136.57,135.3,133.98,132.61,131,129,126.6,124.11,121.67,119.23,116.49,113.51,110.24,107.07,104.14,101.55,99.3,97.493,95.979,94.66,93.634,92.755,91.973,91.29,90.655,90.069,89.434,88.799,88.164,87.529,86.943,86.308,85.673,84.989,84.354,83.816,83.23,82.693,82.058,81.472,80.886,80.349,79.811,79.225,78.737,78.248,77.76,77.32,76.881,76.441,76.001,75.464,74.976,74.487,73.999,73.51,72.973,72.485,72.045,71.605,71.166,70.726,70.287,69.945,69.603,69.31,69.114,69.066,69.31,69.945,71.166,73.12,75.806,79.567,85.135,92.95,102.28,111.32,118.45,123.23,126.26,127.97,128.95,129.39,129.29,128.8,128.07,127.04,125.92,124.75,123.48,122.11,120.35,118.3,116,113.81,111.76,109.61,107.26,104.62,101.99,99.495,97.297,95.441,93.927,92.608,91.485,90.606,89.873,89.238,88.701,88.164,87.675,87.236,86.747,86.259,85.721,85.282,84.793,84.305,83.865,83.377,82.84,82.351,81.912,81.472,81.032,80.593,80.251,79.811,79.421,79.03,78.59,78.199,77.809,77.369,76.929,76.49,76.05,75.611,75.22,74.78,74.438,74.048,73.657,73.315,72.924,72.631,72.289,71.996,71.801,71.801,72.045,72.729,73.999,75.904,78.737,82.742,88.799,97.297,107.26,116.54,123.87,128.85,132.12,134.17,135.44,136.13,136.23,135.93,135.1,133.93,132.66,131.39,130.17,129.05,127.83,126.31,124.36,122.06,119.62,117.23,114.73,112.05,109.17,106.38,103.74,101.5,99.544,97.932,96.614,95.441,94.416,93.488,92.657,91.973,91.29,90.655,89.971,89.434,88.799,88.31,87.724,87.236,86.698,86.161,85.624,85.038,84.5,83.914,83.426,82.84,82.351,81.912,81.423,80.935,80.495,80.007,79.567,79.03,78.59,78.102,77.613,77.174,76.734,76.343,75.904,75.464,75.073,74.683,74.292,73.999,73.657,73.51,73.364,73.559,74.048,75.171,76.978,79.616,83.426,89.043,97.053,106.63,116,123.48,128.8,132.32,134.57,136.08,136.91,137.3,137.11,136.47,135.54,134.37,133.2,131.98,130.76,129.44,127.92,126.07,123.87,121.48,119.18,116.79,114.2,111.32,108.43,105.7,103.16,101.01,99.154,97.688,96.418,95.344,94.416,93.634,92.804,92.12,91.436,90.801,90.166,89.629,88.994,88.408,87.871,87.284,86.747,86.112,85.575,84.989,84.5,84.012,83.475,82.986,82.498,82.058,81.618,81.179,80.739,80.3,79.811,79.372,78.883,78.346,77.906,77.418,76.978,76.539,76.05,75.611,75.171,74.731,74.341,73.999,73.657,73.413,73.217,73.217,73.559,74.341,75.757,77.858,80.739,84.94,90.948,99.105,108.43,117.13,123.82,128.31,131.1,132.86,133.88,134.37,134.42,134.17,133.49,132.56,131.39,130.07,128.75,127.29,125.63,123.62,121.38,119.13,116.98,114.88,112.44,109.75,106.92,104.18,101.6,99.251,97.249,95.539,94.123,92.95,91.973,91.094,90.362,89.678,88.994,88.359,87.724,87.187,86.601,86.063,85.428,84.94,84.354,83.816,83.23,82.693,82.156,81.618,81.032,80.495,79.909,79.421,78.932,78.444,78.004,77.467,76.978,76.49,76.001,75.464,74.976,74.487,73.999,73.559,73.071,72.533,72.094,71.654,71.215,70.824,70.384,69.994,69.603,69.359,69.261,69.31,69.749,70.726,72.436,74.78,78.199,83.133,90.215,99.447,109.07,117.18,122.75,126.16,128.07,129,129.44,129.39,129.05,128.36,127.43,126.31,125.04,123.72,122.16,120.3,118.11,115.81,113.61,111.61,109.51,107.16,104.67,102.18,99.789,97.737,95.979,94.513,93.243,92.169,91.241,90.557,89.922,89.434,88.945,88.408,87.919,87.431,86.943,86.405,85.966,85.428,84.94,84.403,83.914,83.426,82.937,82.351,81.863,81.277,80.788,80.3,79.811,79.323,78.786,78.297,77.809,77.369,76.881,76.49,76.099,75.806,75.464,75.318,75.366,75.757,76.636,78.102,80.251,83.23,87.431,93.536,101.74,110.53,118.25,123.67,126.99,128.85,129.73,130.07,129.88,129.29,128.51,127.48,126.31,125.04,123.72,122.11,120.06,117.67,115.22,112.98,110.88,108.53,106.04,103.55,101.16,99.154,97.444,95.979,94.758,93.732,92.853,92.071,91.387,90.752,90.215,89.727,89.189,88.701,88.164,87.626,87.138,86.552,85.966,85.428,84.793,84.256,83.67,83.133,82.595,82.058,81.57,80.984,80.495,80.055,79.665,79.225,78.786,78.444,78.004,77.613,77.223,76.783,76.441,76.099,75.806,75.464,75.22,74.927,74.634,74.292,73.901,73.559,73.168,72.875,72.485,72.192,71.801,71.41,71.068,70.677,70.384,70.091,69.847,69.652,69.603,69.847,70.531,71.947,74.243,77.613,82.742,90.508,100.91,112.39,122.5,130.12,135.3,138.77,141.01,142.43,143.06,143.02,142.38,141.5,140.43,139.25,137.98,136.76,135.49,134.17,132.61,130.61,128.26,125.72,123.28,120.74,117.86,114.69,111.51,108.43,105.7,103.26,101.11,99.447,97.981,96.809,95.783,94.855,94.123,93.341,92.657,91.973,91.387,90.752,90.117,89.531,88.945,88.261,87.675,87.138,86.601,86.112,85.624,84.989,84.354,83.816,83.279,82.791,82.302,81.863,81.423,80.935,80.495,80.007,79.469,79.03,78.541,78.102,77.613,77.174,76.685,76.246,75.806,75.366,74.927,74.487,74.194,73.852,73.559,73.217,73.071,73.168,73.608,74.683,76.294,78.688,82.107,87.04,94.171,103.26,112.68,120.69,126.41,130.32,132.66,134.17,134.91,135.2,134.91,134.32,133.44,132.37,131.1,129.88,128.56,127.14,125.43,123.23,120.94,118.69,116.49,114.1,111.41,108.63,105.8,103.16,100.86,98.812,97.102,95.686,94.513,93.439,92.511,91.68,90.85,90.117,89.385,88.701,87.968,87.382,86.747,86.161,85.624,84.989,84.403,83.865,83.279,82.742,82.107,81.618,81.032,80.544,80.055,79.567,79.127,78.59,78.102,77.662,77.174,76.685,76.246,75.757,75.22,74.731,74.194,73.657,73.168,72.68,72.24,71.752,71.312,70.922,70.531,70.189,69.798,69.603,69.603,69.847,70.482,71.752,73.755,76.49,80.3,85.917,93.878,103.55,113.07,120.55,125.58,128.56,130.17,130.95,131.2,130.95,130.41,129.53,128.51,127.29,126.07,124.7,123.18,121.28,119.13,116.93,114.93,112.98,110.97,108.73,106.28,103.84,101.5,99.349,97.493,95.93,94.562,93.439,92.511,91.68,91.045,90.508,89.971,89.434,88.847,88.31,87.724,87.138,86.503,85.819,85.184,84.598,84.061,83.572,82.986,82.449,81.863,81.374,80.886,80.446,79.909,79.421,78.981,78.688,78.444,78.297,78.346,78.737,79.469,80.69,82.253,84.11,86.112,88.359,90.948,94.171,98.128,101.79,104.38,105.5,105.55,104.92,103.94,102.67,101.06,99.056,96.614,94.171,92.071,90.313,88.945,87.968,87.236,86.601,86.063,85.477,85.038,84.598,84.256,83.865,83.572,83.23,82.937,82.595,82.156,81.814,81.423,81.032,80.69,80.251,79.811,79.372,78.932,78.492,78.102,77.613,77.174,76.734,76.294,75.855,75.415,74.976,74.536,74.194,73.803,73.413,73.071,72.68,72.387,71.996,71.654,71.361,71.068,70.726,70.482,70.238,69.994,69.749,69.505,69.261,68.968,68.821,68.626,68.431,68.235,68.04,67.942,67.747,67.551,67.405,67.258,67.063,66.868,66.623,66.428,66.233,66.037,65.793,65.549,65.305,65.109,65.012,64.865,64.816,64.865,65.305,66.379,68.235,71.117,75.464,82.547,92.755,105.11,117.23,127.04,134.13,138.91,142.19,144.38,145.6,146,145.75,145.12,144.24,143.16,142.04,140.72,139.3,137.79,136.32,134.52,132.37,129.97,127.48,124.99,122.31,119.33,116.1,112.78,109.66,106.72,104.18,102.04,100.23,98.763,97.493,96.369,95.344,94.513,93.683,92.95,92.218,91.534,90.85,90.166,89.482,88.799,88.164,87.529,86.943,86.356,85.721,85.233,84.696,84.158,83.719,83.23,82.791,82.302,81.716,81.228,80.739,80.3,79.86,79.469,79.03,78.59,78.248,77.76,77.223,76.734,76.246,75.806,75.366,74.927,74.487,74.048,73.657,73.315,72.973,72.68,72.436,72.24,72.24,72.485,73.315,74.683,76.734,79.469,83.279,88.945,96.662,105.75,114.44,121.18,125.82,128.8,130.61,131.68,132.12,131.98,131.49,130.76,129.73,128.56,127.39,126.26,124.99,123.58,121.82,119.67,117.47,115.42,113.37,111.12,108.63,105.94,103.31,100.81,98.47,96.369,94.562,92.999,91.729,90.606,89.678,88.847,88.164,87.529,86.943,86.308,85.721,85.184,84.598,84.11,83.572,83.035,82.498,81.912,81.423,80.886,80.3,79.811,79.225,78.59,78.102,77.613,77.174,76.783,76.441,76.001,75.464,75.073,74.536,74.048,73.51,72.973,72.485,71.996,71.508,71.068,70.531,70.091,69.652,69.31,68.968,68.675,68.431,68.186,68.089,68.382,68.968,70.189,72.045,74.731,78.59,84.305,92.413,102.38,112,119.67,124.94,128.31,130.32,131.49,132.12,132.37,132.17,131.54,130.66,129.53,128.36,127.24,125.97,124.5,122.6,120.35,117.91,115.66,113.51,111.12,108.53,105.85,103.31,100.86,98.812,97.053,95.637,94.367,93.341,92.413,91.632,90.948,90.362,89.824,89.287,88.75,88.261,87.675,87.138,86.601,86.063,85.477,84.842,84.305,83.719,83.182,82.693,82.107,81.618,81.13,80.69,80.251,79.811,79.421,78.981,78.541,78.102,77.662,77.174,76.734,76.246,75.806,75.318,74.878,74.438,73.999,73.608,73.217,72.778,72.436,72.094,71.947,71.801,71.947,72.485,73.51,75.22,77.662,81.13,86.161,93.488,102.82,112.39,120.35,126.12,129.93,132.32,133.74,134.52,134.76,134.42,133.74,132.66,131.39,129.97,128.61,127.29,125.92,124.31,122.5,120.45,118.35,116.35,114.3,111.95,109.31,106.63,104.04,101.6,99.495,97.542,95.881,94.416,93.195,92.169,91.241,90.362,89.531,88.847,88.164,87.48,86.845,86.161,85.575,84.94,84.305,83.67,83.035,82.498,81.863,81.228,80.69,80.104,79.567,78.932,78.444,77.906,77.369,76.881,85.917,85.428,84.793,84.256,83.67,83.133,82.547,82.009,81.423,80.935,80.349,79.86,79.372,78.932,78.492,78.053,77.613,77.174,76.734,76.246,75.757,75.22,74.78,74.341,73.852,73.413,72.924,72.533,72.192,71.85,71.605,71.41,71.361,71.557,72.192,73.217,75.073,77.564,81.032,86.063,93.243,102.28,111.61,119.23,124.55,127.92,129.88,130.95,131.39,131.24,130.66,129.83,128.8,127.68,126.51,125.24,123.87,122.26,120.25,117.91,115.66,113.76,111.95,109.95,107.7,105.16,102.82,100.62,98.665,96.907,95.49,94.22,93.195,92.218,91.436,90.655,90.069,89.385,88.799,88.164,87.626,87.04,86.552,85.966,85.477,84.94,84.5,84.012,83.426,82.84,82.302,81.716,81.228,80.69,80.104,79.616,79.176,78.786,78.346,77.906,77.564,77.125,76.685,76.246,75.806,75.318,74.878,74.438,73.901,73.364,72.778,72.289,71.752,71.166,70.677,70.189,69.798,69.603,69.652,70.042,71.068,72.729,75.073,78.199,82.351,88.506,96.565,105.41,113.17,118.89,122.35,124.31,125.19,125.38,125.04,124.36,123.38,122.16,120.99,119.77,118.45,116.88,114.98,112.93,110.83,108.73,106.72,104.82,102.72,100.67,98.47,96.418,94.562,92.853,91.387,90.117,89.043,88.164,87.382,86.747,86.112,85.575,85.038,84.549,84.061,83.572,83.035,82.547,82.009,81.472,80.886,80.3,79.665,79.127,78.492,77.809,77.174,76.539,75.855,75.318,74.683,74.048,73.51,72.924,72.387,71.85,71.361,70.873,70.482,70.189,69.994,69.994,70.384,71.166,72.631,74.634,77.125,80.349,84.745,90.752,97.786,104.58,109.56,112.44,113.76,114.05,113.76,113.12,112.24,111.36,110.44,109.36,107.99,106.24,103.99,101.55,99.251,96.907,94.758,92.755,91.241,89.971,88.945,87.919,86.991,86.161,85.477,84.94,84.403,83.914,83.572,83.23,82.937,82.595,82.253,81.912,81.618,81.228,80.886,80.446,80.055,79.665,79.323,78.932,78.492,78.102,77.76,77.369,76.978,76.636,76.246,75.855,75.464,75.171,74.878,74.536,74.243,73.999,73.657,73.364,73.12,72.875,72.631,72.436,72.24,72.094,72.045,71.85,71.654,71.41,71.166,70.873,70.629,70.287,69.994,69.652,69.407,69.114,68.821,68.479,68.186,67.942,67.698,67.503,67.307,67.307,67.551,68.186,69.505,71.508,74.438,78.786,85.477,94.904,105.8,116.05,124.02,129.44,132.86,134.91,136.08,136.42,136.18,135.49,134.52,133.34,132.17,130.85,129.44,127.87,126.12,124.11,121.91,119.81,117.86,115.81,113.56,110.97,108.29,105.6,103.16,101.01,99.105,97.542,96.369,95.344,94.513,93.488,92.511,91.632,90.948,90.313,89.678,88.994,88.359,87.724,87.138,86.503,85.868,85.282,84.745,84.158,83.621,83.133,82.742,82.302,81.814,81.277,80.886,80.446,79.909,79.469,78.981,78.492,78.053,77.564,77.027,76.539,76.099,75.66,75.171,74.683,74.194,73.755,73.315,72.875,72.436,71.996,71.654,71.361,71.166,71.117,71.312,71.947,73.217,75.171,77.809,81.423,86.601,93.927,102.91,111.8,118.74,123.23,126.07,127.83,128.85,129.29,129.39,129,128.31,127.24,126.07,124.75,123.38,122.01,120.45,118.59,116.69,114.78,112.98,111.07,108.92,106.63,104.14,101.74,99.447,97.297,95.441,93.878,92.608,91.632,90.655,89.824,88.994,88.164,87.431,86.747,86.063,85.428,84.793,84.158,83.572,82.986,82.449,81.863,81.277,80.739,80.153,79.665,79.127,78.492,77.906,77.418,76.929,76.441,75.904,75.415,74.927,74.438,73.901,73.51,73.071,72.631,72.24,71.752,71.312,70.726,70.238,69.749,69.31,68.87,68.382,67.942,67.503,67.161,66.916,66.868,66.965,67.6,68.821,70.677,73.168,76.783,82.253,89.873,99.056,108.04,115.22,120.06,122.94,124.5,125.19,125.29,124.99,124.36,123.43,122.31,121.04,119.86,118.54,117.18,115.61,113.81,111.8,109.95,108.09,106.28,104.23,101.99,99.691,97.444,95.344,93.439,91.632,89.971,88.554,87.431,86.698,86.112,85.721,85.282,84.696,83.914,83.279,82.986,82.791,82.595,82.302,82.009,81.667,81.228,80.69,80.104,79.762,79.421,79.127,78.786,78.444,78.102,77.809,77.467,77.174,76.929,76.734,76.441,76.05,75.66,75.318,74.878,74.487,74.048,73.657,73.217,72.924,72.68,72.436,72.289,72.289,72.289,72.24,72.24,72.436,73.12,74.243,75.806,77.662,80.251,84.549,91.094,99.593,108.73,116.64,122.45,126.31,128.7,130.17,130.95,131.1,130.8,130.17,129.29,128.17,127.04,125.87,124.5,122.79,120.69,118.3,116,113.9,112.05,110.09,107.95,105.5,103.06,100.72,98.665,96.907,95.49,94.171,93.048,92.169,91.436,90.85,90.313,89.727,89.092,88.554,87.919,87.284,86.747,86.161,85.673,85.184,84.598,83.914,83.23,82.547,82.009,81.277,80.544,79.665,78.932,78.297,77.858,77.662,77.564,77.32,77.125,76.734,76.294,75.855,75.366,75.073,74.78,74.487,74.048,73.51,72.973,72.631,72.289,71.996,71.752,71.605,71.85,72.485,73.755,75.611,78.297,82.351,88.554,97.053,106.72,115.57,122.26,126.85,129.93,131.73,132.76,133.2,133.25,132.86,132.12,130.8,129.29,127.73,126.16,124.6,122.79,120.69,118.2,115.42,112.78,110.39,107.99,105.41,102.72,100.03,97.493,95.246,93.243,91.485,90.069,89.043,88.359,87.724,86.991,86.259,85.575,85.135,84.696,84.256,83.719,83.035,82.351,81.57,80.69,79.616,78.492,77.418,76.49,75.562,74.438,73.217,72.045,71.068,70.189,69.505,68.968,68.479,67.796,66.916,66.281,66.281,66.428,66.233,65.695,64.816,64.035,63.546,63.497,63.79,64.425,65.695,68.431,73.608,81.863,91.778,101.25,108.68,114.2,118.2,121.04,122.99,124.02,124.26,124.02,123.28,122.45,121.23,119.81,118.2,116.3,114.1,111.66,109.26,106.97,104.72,102.43,100.03,97.688,95.49,93.488,91.778,90.41,89.385,88.554,87.919,87.382,86.796,86.259,85.673,85.135,84.5,84.012,83.426,82.84,82.449,82.009,81.667,81.374,81.13,80.886,80.593,80.349,80.104,79.909,79.762,79.616,79.372,79.127,78.883,78.492,78.102,77.76,77.32,76.734,76.197,75.562,74.976,74.536,74.097,73.755,73.51,73.217,73.071,72.729,72.387,71.947,71.508,71.166,70.922,70.531,70.189,69.847,69.652,69.505,69.163,68.87,68.626,68.479,68.528,68.821,69.31,70.287,72.094,74.878,79.323,86.112,95.49,106.14,115.91,123.67,129.39,133.3,135.79,137.11,137.35,136.81,135.88,134.76,133.64,132.42,131.29,130.17,129.05,127.83,126.26,124.26,122.06,119.86,117.67,115.32,112.49,109.41,106.43,103.6,101.25,99.251,97.542,96.223,95.246,94.123,92.608,91.192,90.069,89.189,88.359,87.675,87.236,87.04,86.991,86.943,86.796,86.503,85.966,85.282,84.549,83.719,82.986,82.253,81.472,80.788,80.104,79.567,79.127,78.786,78.492,78.102,77.76,77.418,77.174,76.929,76.636,76.294,76.001,75.66,75.415,75.073,74.731,74.341,74.048,73.803,73.755,73.559,73.12,72.485,72.192,72.729,74.097,76.05,78.444,81.863,87.284,95.099,104.28,113.07,120.06,125.19,128.75,131,132.07,132.37,132.12,131.49,130.66,129.63,128.51,127.29,125.97,124.55,122.79,120.79,118.74,116.74,114.73,112.49,109.85,107.07,104.28,101.74,99.447,97.297,95.49,93.927,92.657,91.632,90.362,88.945,87.675,86.552,85.624,84.842,84.549,84.354,84.061,83.426,82.791,82.449,82.253,82.156,81.912,81.57,81.032,80.446,79.762,78.932,78.199,77.369,76.636,76.099,75.757,75.464,75.22,74.976,74.683,74.292,73.901,73.51,73.071,72.533,72.094,71.654,71.215,70.873,70.482,70.042,69.652,69.31,68.919,68.626,68.382,68.186,68.479,69.359,70.922,73.168,76.05,79.762,85.038,92.511,101.35,109.85,116.64,121.28,124.26,125.97,126.99,127.53,127.53,127.19,126.56,125.63,124.6,123.43,122.01,120.25,118.25,116.2,114.25,112.39,110.44,108.39,106.24,103.99,101.74,99.593,97.884,96.369,95.099,93.976,92.999,92.12,91.387,90.655,90.117,89.482,88.945,88.261,87.529,86.845,86.161,85.624,85.184,84.745,84.354,83.914,83.475,82.986,82.449,81.814,81.228,80.593,80.104,79.616,79.225,78.883,78.492,78.053,77.662,77.369,76.929,76.49,76.001,75.464,74.976,74.487,74.194,73.999,73.901,73.901,73.852,73.559,73.168,72.924,72.729,72.533,72.436,72.631,73.413,74.927,77.027,79.86,83.572,88.847,96.321,105.16,113.66,120.25,124.36,126.85,128.7,130.12,131,131,130.32,129.19,127.92,126.8,125.68,124.6,123.43,122.01,120.25,118.35,116.49,114.73,112.88,110.73,108.43,106.04,103.74,101.69,99.935,98.47,97.444,96.467,95.539,94.562,93.488,92.56,91.778,91.241,90.655,90.215,89.922,89.678,89.434,89.092,88.847,88.506,87.871,86.991,86.112,85.282,84.354,83.279,82.253,81.179,80.3,79.567,78.981,78.541,78.248,77.906,77.564,77.369,77.369,77.858,78.932,80.593,82.937,85.819,89.482,94.562,101.3,108.82,115.47,120.45,123.58,125.38,126.31,126.6,126.41,125.72,124.6,123.23,122.06,121.23,120.3,118.69,116.25,113.51,111.12,109.17,107.26,105.16,103.11,101.11,99.349,97.932,96.662,95.539,94.513,93.634,92.804,92.12,91.485,90.948,90.41,89.873,89.434,88.945,88.408,87.871,87.284,86.698,86.112,85.428,84.745,84.11,83.475,82.742,81.912,81.13,80.495,79.86,79.225,78.59,78.102,77.76,77.467,77.223,76.978,76.734,76.441,76.05,75.66,75.318,74.927,74.634,74.292,74.097,73.901,73.755,73.608,73.51,73.217,73.071,72.729,72.485,72.192,71.947,71.654,71.508,71.312,71.068,70.726,70.287,69.945,69.652,69.407,69.407,69.798,70.726,72.387,74.78,78.053,82.742,89.678,99.056,109.61,119.18,126.56,131.63,134.86,136.67,137.45,137.35,136.81,135.93,134.91,133.78,132.61,131.44,130.22,128.8,127.04,124.99,122.75,120.6,118.79,116.79,114.44,111.76,108.92,106.04,103.45,101.06,99.007,97.249,95.734,94.562,93.488,92.608,91.778,90.997,90.215,89.482,88.75,87.968,87.284,86.601,85.966,85.379,84.696,84.012,83.279,82.693,82.107,81.57,80.935,80.349,79.86,79.421,78.981,78.492,77.906,77.369,76.881,76.343,75.904,75.415,74.927,74.438,73.999,73.559,73.12,72.68,72.24,71.752,71.312,70.873,70.433,70.042,69.749,69.359,69.066,68.724,68.479,68.382,68.479,68.919,69.945,71.557,73.755,76.539,80.251,85.379,92.56,101.01,109.07,115.37,119.57,122.11,123.48,124.06,124.02,123.48,122.75,121.72,120.69,119.57,118.5,117.18,115.57,113.56,111.41,109.17,106.97,104.72,102.62,100.72,98.86,97.102,95.49,94.074,92.755,91.632,90.655,89.922,89.238,88.603,88.066,87.529,87.04,86.601,86.112,85.575,84.989,84.5,84.012,83.572,83.035,82.547,82.058,81.472,80.984,80.495,80.007,79.469,78.981,78.541,78.053,77.564,77.125,76.685,76.294,75.855,75.464,75.122,74.683,74.292,73.901,73.559,73.12,72.778,72.436,72.094,71.801,71.41,71.117,70.824,70.531,70.384,70.433,70.873,71.801,73.413,75.611,78.492,82.498,88.408,96.565,105.85,114.49,121.13,125.68,128.56,130.22,131.05,131.2,130.8,130.12,129.09,127.87,126.56,125.24,123.92,122.5,120.79,118.89,116.88,114.88,112.88,110.92,108.92,106.87,104.87,102.91,101.11,99.495,98.03,96.76,95.539,94.513,93.536,92.853,92.169,91.534,90.85,90.313,89.727,89.189,88.603,88.066,87.431,86.796,86.112,85.477,84.793,84.158,83.572,82.986,82.449,81.912,81.423,80.886,80.349,79.811,79.323,78.786,78.297,77.858,77.418,76.929,76.441,76.001,75.562,75.073,74.634,74.243,73.901,73.608,73.315,72.973,72.631,72.387,72.289,72.631,73.51,75.073,77.174,80.055,83.865,89.482,97.297,106.63,115.42,122.31,127.14,130.36,132.42,133.69,134.22,134.22,133.74,133,132.12,131.05,129.93,128.8,127.63,126.31,124.75,122.6,120.11,117.76,115.47,113.22,110.83,108.29,105.75,103.45,101.35,99.593,98.128,96.858,95.783,94.904,94.123,93.292,92.56,91.876,91.241,90.606,89.922,89.287,88.701,88.066,87.431,86.796,86.161,85.575,84.94,84.354,83.816,83.23,82.742,82.253,81.814,81.277,80.788,80.3,79.86,79.372,78.932,78.444,77.906,77.418,76.978,76.539,76.05,75.611,75.22,74.878,74.438,74.048,73.657,73.364,73.071,72.875,72.778,73.12,73.852,75.171,77.174,79.86,83.475,88.75,96.174,105.36,114.69,122.5,128.17,131.54,133.2,133.78,134.13,134.17,133.64,132.37,130.95,129.63,128.56,127.53,126.31,124.75,122.84,120.74,118.54,116.49,114.34,112.19,109.8,107.31,104.82,102.28,100.13,98.225,96.76,95.49,94.416,93.439,92.56,91.729,90.85,90.117,89.434,88.75,88.066,87.382,86.601,85.868,85.184,84.403,83.67,82.986,82.351,81.716,81.179,80.69,80.153,79.665,79.127,78.59,78.053,77.467,76.929,76.343,75.806,75.22,74.683,74.194,73.755,73.315,72.924,72.631,72.533,72.875,73.559,74.878,76.783,79.225,82.253,85.917,90.997,97.688,105.11,111.66,116.35,119.23,120.74,121.38,121.28,120.89,120.16,119.33,118.3,117.32,116.2,114.73,112.93,110.68,108.24,105.8,103.35,100.91,98.86,97.2,95.734,94.416,93.292,92.315,91.436,90.606,89.922,89.238,88.701,88.164,87.724,87.382,86.943,86.405,85.917,85.428,84.94,84.354,83.865,83.279,82.693,82.107,81.472,81.032,80.593,80.349,80.055,79.665,79.176,78.688,78.199,77.76,77.369,77.125,76.929,76.636,76.343,76.05,75.806,75.562,75.318,75.073,74.878,74.634,74.438,74.194,73.901,73.608,73.315,72.973,72.631,72.387,72.094,71.801,71.508,71.166,70.873,70.531,70.238,70.042,69.994,70.238,71.068,72.533,74.878,77.906,81.912,87.675,95.783,105.85,115.81,123.87,129.53,133.25,135.64,136.86,137.25,136.91,136.08,134.91,133.64,132.32,131.05,129.97,128.85,127.48,125.63,123.48,121.23,119.18,117.13,114.98,112.73,110.44,108.04,105.75,103.6,101.74,100.18,98.86,97.737,96.76,95.783,95.002,94.318,93.634,92.999,92.315,91.632,90.948,90.313,89.678,89.092,88.506,87.919,87.236,86.601,85.966,85.379,84.793,84.256,83.67,83.133,82.595,82.107,81.618,81.179,80.69,80.153,79.665,79.127,78.541,78.053,77.564,77.027,76.539,76.099,75.611,75.171,74.683,74.243,73.803,73.364,72.924,72.631,72.436,72.533,73.168,74.438,76.441,79.127,82.547,87.284,94.123,102.82,112,119.91,125.63,129.39,131.68,133,133.49,133.49,133.05,132.32,131.39,130.22,129.05,127.87,126.6,125.24,123.62,121.67,119.57,117.32,115.08,112.73,110.53,108.43,106.28,104.28,102.38,100.67,99.154,97.981,96.858,95.93,95.099,94.318,93.634,92.853,92.169,91.436,90.752,90.117,89.434,88.75,88.066,87.382,86.698,85.917,85.184,84.5,83.719,82.986,82.253,81.57,80.788,80.104,79.469,78.883,78.248,77.613,76.978,76.343,75.806,75.171,74.536,73.901,73.315,72.778,72.289,71.801,71.312,70.922,70.482,70.189,69.945,69.749,69.554,69.505,69.749,70.482,71.85,73.999,76.783,80.349,85.135,91.729,100.13,108.82,116.2,121.28,124.55,126.51,127.48,127.83,127.68,127.14,126.26,125.24,124.16,123.04,122.01,120.74,119.23,117.32,115.13,112.78,110.49,108.04,105.6,103.5,101.6,99.789,98.03,96.467,95.051,93.781,92.804,91.973,91.29,90.752,90.313,89.824,89.385,88.847,88.408,87.968,87.529,87.138,86.747,86.356,85.966,85.673,85.282,84.842,84.5,84.061,83.621,83.133,82.595,82.156,81.667,81.179,80.69,80.104,79.616,79.127,78.59,78.199,77.809,77.32,76.734,76.197,75.757,75.366,75.122,74.878,74.683,74.634,74.78,75.415,76.539,78.199,80.251,82.595,85.379,88.847,93.488,99.056,104.43,108.24,110.19,110.53,109.85,108.73,107.41,106.04,104.48,102.57,100.37,98.128,96.076,94.123,92.169,90.215,88.359,86.601,85.038,83.816,82.595,81.472,80.446,79.616,79.03,78.59,78.297,77.906,77.467,76.978,76.49,76.05,75.611,75.171,74.731,74.292,73.852,73.413,72.973,72.631,72.192,71.654,71.166,70.677,70.189,69.749,69.359,68.919,68.528,68.089,67.747,67.405,67.112,66.819,66.428,66.037,65.695,65.305,65.012,64.67,64.279,64.132,63.986,64.035,64.474,65.402,67.063,69.359,72.631,77.369,84.696,94.318,104.62,113.51,120.06,124.5,127.39,129.19,130.12,130.32,129.97,129.09,127.92,126.7,125.38,124.11,122.79,121.23,119.37,117.03,114.73,112.73,111.12,109.36,107.36,105.26,103.11,101.11,99.3,97.737,96.467,95.441,94.562,93.878,93.243,92.657,92.071,91.436,90.801,90.166,89.531,88.945,88.359,87.822,87.236,86.698,86.161,85.673,85.184,84.598,84.061,83.475,82.986,82.449,81.912,81.423,80.886,80.349,79.86,79.421,78.981,78.59,78.297,78.004,77.662,77.32,76.978,76.685,76.441,76.197,75.855,75.611,75.22,74.927,74.536,74.243,73.901,73.755,73.413,73.071,72.631,72.24,71.85,71.508,71.068,70.677,70.287,69.945,69.652,69.407,69.261,69.31,69.798,70.922,72.875,75.464,78.883,83.426,89.922,98.763,108.73,117.91,124.99,129.83,132.86,134.66,135.64,135.98,135.79,135.1,134.13,132.81,131.44,129.97,128.56,126.85,124.8,122.6,120.45,118.54,116.88,115.13,113.12,110.88,108.53,106.24,104.18,102.28,100.67,99.3,98.128,97.053,96.125,95.197,94.367,93.732,93.292,92.853,92.413,91.973,91.485,90.997,90.508,90.117,89.629,88.994,88.359,87.822,87.284,86.796,86.161,85.575,84.94,84.403,83.914,83.426,82.84,82.302,81.716,81.374,80.984,80.495,79.909,79.372,78.883,78.297,77.76,77.174,76.539,76.001,75.562,75.318,75.22,75.171,74.878,74.438,73.901,73.608,73.51,73.315,73.413,74.097,75.464,77.369,79.762,83.426,89.092,97.053,105.94,113.86,119.86,123.92,126.56,128.07,128.75,128.8,128.41,127.73,126.75,125.63,124.36,123.14,121.72,120.16,118.35,116.44,114.49,112.63,110.73,109.07,107.41,105.75,103.99,102.47,101.25,100.23,99.154,98.03,97.102,96.223,95.49,94.758,93.878,93.048,92.218,91.632,90.997,90.362,89.727,89.092,88.603,88.066,87.529,86.943,86.308,85.624,84.989,84.305,83.719,83.182,82.595,82.107,81.618,81.277,80.984,80.739,80.544,80.349,80.055,79.616,79.176,78.737,78.346,78.004,77.662,77.223,76.783,76.49,76.246,76.099,76.05,75.904,75.806,76.001,76.685,78.102,80.104,82.595,85.282,88.31,91.729,96.321,102.43,109.61,116.54,122.01,125.72,127.97,129.24,129.83,129.88,129.53,128.8,127.83,126.6,125.48,124.16,122.6,120.79,118.69,116.44,114.1,111.66,109.17,106.92,105.06,103.6,102.38,101.16,100.13,99.3,98.47,97.737,97.004,96.223,95.49,94.758,94.123,93.439,92.755,91.973,91.29,90.655,90.069,89.434,88.75,87.968,87.284,86.601,85.917,85.282,84.598,83.914,83.23,82.595,81.912,81.228,80.69,80.104,79.567,79.127,78.59,78.199,77.662,77.174,76.636,76.001,75.366,74.731,74.097,73.559,73.071,72.631,72.192,71.752,71.312,70.873,70.433,70.189,70.189,70.629,71.605,73.315,75.611,78.444,81.423,84.745,88.847,94.367,101.06,107.8,113.22,116.98,119.13,120.06,120.11,119.47,118.45,117.18,116,115.08,114.3,113.42,112.29,110.63,108.39,105.8,103.06,100.42,97.932,95.881,94.367,93.243,92.218,91.29,90.606,89.971,89.434,88.847,88.359,87.919,87.48,87.04,86.552,86.112,85.575,85.038,84.5,83.914,83.377,82.742,82.253,81.716,81.228,80.739,80.251,79.665,79.225,78.883,78.444,78.004,77.564,77.027,76.636,76.197,75.806,75.415,75.073,74.683,74.292,73.901,73.51,73.071,72.631,72.192,71.85,71.654,71.508,71.312,71.068,70.873,70.629,70.482,70.384,70.384,70.629,71.166,72.289,73.999,76.246,79.127,82.742,87.48,93.878,101.69,109.41,115.57,119.62,122.01,123.18,123.43,123.18,122.55,121.62,120.55,119.42,118.25,116.93,115.47,113.81,111.61,109.17,106.72,104.48,102.47,100.72,99.349,98.177,97.053,95.93,95.002,94.171,93.439,92.804,92.169,91.68,91.241,90.801,90.313,89.873,89.385,88.945,88.506,87.968,87.48,86.991,86.503,85.966,85.477,84.989,84.5,84.012,83.426,82.937,82.351,81.716,81.13,80.544,80.055,79.567,78.981,78.492,78.004,77.613,77.32,77.027,76.978,77.125,77.76,78.786,80.495,82.693,85.282,88.506,92.755,98.616,105.7,112.49,117.76,121.18,123.14,124.11,124.41,124.26,123.67,122.79,121.72,120.69,119.62,118.45,117.03,115.32,113.07,110.68,108.29,106.04,103.94,102.13,100.67,99.495,98.372,97.297,96.369,95.441,94.562,93.781,93.195,92.608,92.12,91.632,91.094,90.606,90.117,89.629,89.043,88.408,87.822,87.138,86.503,85.917,85.379,84.793,84.256,83.67,83.133,82.547,82.009,81.423,80.935,80.446,79.909,79.469,79.03,78.688,78.297,77.906,77.613,77.223,76.929,76.685,76.343,76.099,75.855,75.562,75.22,74.878,74.487,74.097,73.755,73.364,72.973,72.68,72.387,72.045,71.801,71.557,71.312,71.068,70.922,70.873,71.215,72.094,73.657,76.001,78.981,82.986,88.701,96.858,106.92,116.98,125.24,131.1,135.2,137.79,139.3,139.94,139.74,139.06,138.03,136.91,135.74,134.61,133.44,132.32,131,129.39,127.39,125.04,122.7,120.45,118.35,116.1,113.66,111.17,108.68,106.38,104.38,102.57,101.01,99.691,98.616,97.591,96.76,95.93,95.099,94.318,93.536,92.804,92.12,91.436,90.801,90.117,89.482,88.847,88.261,87.626,87.04,86.356,85.819,85.233,84.745,84.158,83.67,83.23,82.791,82.351,82.009,81.618,81.228,80.788,80.349,79.909,79.421,78.932,78.444,78.004,77.564,77.125,76.685,76.294,75.855,75.464,75.122,74.78,74.487,74.341,74.438,74.878,75.904,77.564,79.762,82.498,85.868,90.557,97.053,105.11,113.32,120.06,124.75,127.73,129.49,130.41,130.76,130.51,129.88,128.95,127.87,126.7,125.43,124.11,122.6,120.89,118.79,116.64,114.44,112.19,109.8,107.51,105.5,103.79,102.23,100.72,99.349,98.177,97.102,96.125,95.295,94.562,93.927,93.292,92.755,92.169,91.534,90.948,90.313,89.678,89.043,88.506,87.871,87.284,86.698,86.112,85.477,84.94,84.305,83.719,83.182,82.595,82.107,81.618,81.13,80.69,80.251,79.86,79.469,78.981,78.444,77.906,77.369,76.881,76.343,75.904,75.415,74.927,74.487,74.048,73.657,73.315,73.071,72.729,72.533,72.631,73.12,74.243,76.05,78.444,81.228,84.5,88.506,93.927,100.86,108.43,115.17,120.06,123.14,124.85,125.72,125.97,125.68,124.99,124.06,122.99,121.91,120.89,119.67,118.3,116.54,114.44,112,109.56,107.07,104.67,102.47,100.67,99.154,97.737,96.369,95.197,94.171,93.243,92.413,91.534,90.85,90.166,89.531,88.847,88.115,87.382,86.796,86.308,85.819,85.282,84.793,84.403,84.012,83.426,82.693,81.912,81.179,80.593,80.104,79.665,79.225,78.737,78.248,77.662,77.125,76.636,76.197,75.855,75.562,75.22,74.927,74.683,74.341,74.097,73.803,73.364,72.778,72.192,71.605,71.117,70.531,70.189,69.847,69.749,69.798,70.042,70.726,71.85,73.608,76.001,78.786,81.912,85.379,89.434,94.758,101.25,108.04,113.86,117.91,120.25,121.28,121.57,121.28,120.6,119.67,118.69,117.57,116.49,115.42,114.2,112.63,110.63,108.24,105.75,103.35,101.16,98.909,96.76,94.806,93.048,91.632,90.362,89.287,88.408,87.626,86.796,86.112,85.477,84.842,84.256,83.621,83.035,82.449,81.814,81.228,80.69,80.055,79.469,78.786,78.102,77.369,76.685,76.099,75.66,75.415,75.122,74.78,74.438,73.999,73.608,73.217,72.875,72.533,72.24,71.85,71.41,70.97,70.629,70.238,69.847,69.505,69.163,68.87,68.479,68.186,67.844,67.6,67.405,67.356,67.6,68.382,69.652,71.752,74.243,77.223,81.179,86.991,95.051,104.28,112.93,119.62,124.16,127.19,128.95,129.88,130.07,129.68,128.95,127.83,126.56,125.24,124.02,122.75,121.48,120.01,118.01,115.57,113.07,110.97,109.26,107.6,105.8,103.99,102.28,100.67,99.3,98.03,97.004,96.076,95.246,94.562,93.781,93.195,92.608,92.071,91.436,90.85,90.313,89.824,89.287,88.799,88.261,87.675,87.138,86.552,85.966,85.428,84.94,84.403,83.865,83.279,82.791,82.253,81.716,81.228,80.739,80.251,79.811,79.421,79.03,78.932,79.176,79.86,81.13,82.937,85.233,88.115,91.485,95.93,101.99,109.17,116,121.18,124.55,126.7,128.12,129.05,129.29,129.05,128.41,127.53,126.56,125.48,124.31,122.7,120.45,117.67,114.78,112.49,110.88,109.66,108.29,106.72,104.92,103.11,101.3,99.691,98.323,97.053,95.979,95.002,94.22,93.536,92.95,92.218,91.632,91.094,90.606,90.166,89.629,88.847,87.968,87.236,86.552,85.966,85.575,85.184,84.842,84.5,83.914,83.279,82.595,81.912,81.277,80.739,80.3,80.007,79.762,79.372,78.786,78.053,77.174,76.246,75.318,74.438,73.852,73.559,73.315,73.168,73.168,73.12,72.973,72.729,72.289,71.801,71.215,70.726,70.287,69.847,69.554,69.31,69.066,68.821,68.626,68.479,68.479,68.87,69.847,71.605,74.097,77.32,81.277,86.943,94.855,104.82,114.73,122.75,128.31,131.73,133.69,134.42,134.42,133.93,133.05,131.93,130.76,129.63,128.56,127.43,126.16,124.75,122.84,120.55,118.11,115.76,113.66,111.66,109.56,107.31,105.01,102.67,100.57,98.616,97.004,95.686,94.562,93.634,92.804,92.071,91.387,90.655,89.971,89.238,88.603,88.066,87.382,86.552,85.819,85.379,85.184,84.842,84.305,83.621,82.84,82.107,81.374,80.69,80.055,79.469,79.03,78.59,78.248,77.858,77.564,77.174,76.783,76.49,76.099,75.757,75.366,74.927,74.487,74.097,73.755,73.364,72.973,72.68,72.387,72.094,71.85,71.605,71.41,71.361,71.508,72.045,73.168,74.976,77.418,80.446,84.11,89.238,96.223,104.72,112.98,119.62,124.11,126.8,128.31,128.85,128.85,128.41,127.73,126.8,125.72,124.6,123.48,122.45,121.18,119.67,117.76,115.47,113.17,110.92,108.68,106.43,104.48,102.72,101.16,99.789,98.665,97.737,96.907,96.174,95.49,94.855,94.22,93.683,93.048,92.413,91.778,91.192,90.508,89.873,89.238,88.603,87.968,87.48,86.991,86.552,86.063,85.624,85.233,84.793,84.403,84.012,83.475,82.986,82.449,81.912,81.423,80.886,80.3,79.762,79.225,78.688,78.248,77.809,77.32,76.881,76.441,75.904,75.562,75.171,74.878,74.634,74.487,74.634,75.122,76.294,78.102,80.495,83.475,87.236,92.364,99.544,108.09,116.54,123.28,127.97,131.1,133.2,134.42,135.05,135.05,134.57,133.64,132.37,131.1,129.97,128.85,127.73,126.36,124.55,122.26,119.67,117.32,115.13,112.98,110.73,108.48,106.28,104.28,102.57,101.01,99.593,98.47,97.493,96.614,95.881,95.099,94.416,93.732,93.097,92.511,91.876,91.29,90.655,90.117,89.482,88.847,88.261,87.626,86.991,86.405,85.819,85.282,84.745,84.158,83.67,83.182,82.693,82.156,81.716,81.228,80.788,80.3,79.811,79.323,78.786,78.297,77.809,77.418,77.027,76.685,76.294,76.001,75.66,75.366,75.171,75.122,75.318,75.757,76.636,78.004,80.104,82.937,86.405,90.997,97.2,104.92,113.17,120.3,125.48,129,131.2,132.51,133.1,133.1,132.66,131.88,130.76,129.49,128.17,126.99,125.87,124.6,123.04,120.99,118.54,116,113.56,111.17,108.92,106.72,104.58,102.47,100.47,98.665,97.2,95.881,94.806,93.878,93.097,92.413,91.778,91.192,90.606,90.069,89.434,88.799,88.261,87.626,87.04,86.405,85.819,85.184,84.549,84.012,83.377,82.791,82.302,81.716,81.179,80.69,80.104,79.567,79.03,78.492,78.004,77.467,76.978,76.441,75.855,75.366,74.878,74.292,73.755,73.168,72.68,72.192,71.752,71.361,70.922,70.629,70.287,70.091,70.189,70.629,71.557,73.12,75.415,78.346,82.009,86.601,93.048,101.16,109.66,116.88,122.01,125.19,126.99,127.92,128.31,128.12,127.53,126.7,125.58,124.36,123.23,122.16,121.04,119.67,117.86,115.57,112.98,110.49,108.09,105.99,104.04,102.38,100.81,99.3,98.03,96.858,95.783,94.904,94.22,93.634,93.048,92.511,91.973,91.485,90.997,90.557,90.069,89.482,88.994,88.408,87.871,87.236,86.698,86.063,85.477,84.842,84.305,83.67,83.035,82.449,81.814,81.228,80.69,80.153,79.762,79.323,78.932,78.59,78.492,78.541,79.03,80.055,81.618,83.816,86.503,89.678,93.732,99.251,106.04,113.17,118.98,122.94,125.24,126.56,127.14,127.14,126.75,125.92,124.8,123.62,122.35,121.13,119.62,117.76,115.37,112.73,110.19,107.7,105.36,103.45,101.89,100.47,99.251,98.03,97.053,96.125,95.344,94.66,94.123,93.634,93.097,92.657,92.169,91.68,91.192,90.655,90.117,89.629,89.092,88.554,88.066,87.48,86.943,86.308,85.721,85.135,84.598,84.11,83.621,83.182,82.693,82.253,81.814,81.277,80.886,80.349,80.007,79.567,79.176,78.786,78.444,78.102,77.76,77.418,77.174,76.881,76.539,76.294,76.001,75.66,75.366,75.073,74.731,74.438,74.048,73.755,73.364,73.071,72.729,72.436,72.094,71.947,71.801,71.801,72.192,73.12,74.878,77.369,80.69,84.989,90.85,99.056,108.97,119.13,127.48,133.54,137.74,140.57,142.28,143.26,143.46,143.06,142.23,141.26,140.18,139.06,137.98,136.76,135.44,133.78,131.88,129.49,126.85,124.55,122.45,120.25,117.81,115.13,112.39,109.66,107.31,105.16,103.45,101.99,100.81,99.789,98.812,97.932,97.2,96.467,95.734,95.051,94.367,93.683,92.95,92.218,91.534,90.85,90.166,89.531,88.994,88.359,87.724,87.04,86.503,85.917,85.282,84.745,84.158,83.621,83.035,82.449,81.863,81.277,80.69,80.055,79.469,78.932,78.346,77.76,77.174,76.685,76.197,75.562,74.976,74.487,74.048,73.608,73.168,72.875,72.729,72.875,73.364,74.683,76.734,79.323,82.351,86.063,90.801,97.249,105.06,113.07,119.81,124.8,128.12,130.17,131.49,132.17,132.22,131.73,130.76,129.63,128.36,127.19,125.97,124.85,123.58,121.82,119.42,116.74,114.05,111.56,109.17,106.97,104.92,103.06,101.25,99.495,97.884,96.614,95.539,94.611,93.781,93.048,92.413,91.876,91.241,90.557,89.971,89.434,88.847,88.31,87.626,86.991,86.356,85.721,85.184,84.598,84.061,83.572,83.133,82.693,82.302,82.009,81.814,81.618,81.57,81.618,81.618,81.667,81.667,81.618,81.374,81.032,80.593,80.055,79.421,78.688,77.906,77.174,76.49,75.806,75.122,74.487,73.852,73.315,72.778,72.289,71.801,71.41,71.068,70.677,70.384,70.042,69.652,69.359,69.114,68.87,68.528,68.284,68.04,67.844,67.698,67.405,67.258,67.063,66.868,66.721,66.526,66.379,66.184,65.988,65.842,65.695,65.5,65.353,65.305,65.158,65.06,64.914,64.816,64.621,64.572,64.425,64.279,64.132,63.937,63.839,63.79,63.742,63.693,63.546,63.448,63.351,63.302,63.155,63.107,63.058,63.009,63.009,62.911,62.814,62.716,62.667,62.618,62.569,62.423,62.374,62.276,62.276,62.227,62.227,62.179,62.13,62.032,61.983,61.934,61.885,61.739,61.69,61.592,61.446,61.299,61.153,61.055,61.006,60.86,60.811,60.909,61.348,62.276,63.937,66.281,69.114,72.533,76.929,83.377,92.413,103.55,114.54,123.67,130.36,134.91,137.94,139.6,140.18,139.89,139.01,137.69,136.08,134.32,132.56,130.85,129.19,127.19,124.75,122.11,119.47,116.98,114.69,112.49,110.24,108.04,105.94,103.94,102.04,100.47,99.154,98.128,97.2,96.369,95.637,94.855,94.123,93.439,92.755,92.071,91.436,90.801,90.166,89.531,88.994,88.359,87.724,87.187,86.552,85.917,85.282,84.696,84.11,83.621,83.035,82.547,82.107,81.618,81.179,80.69,80.153,79.665,79.176,78.688,78.248,77.76,77.32,76.881,76.343,75.904,75.464,89.092,88.554,87.919,87.284,86.698,86.063,85.428,84.842,84.305,83.719,83.182,82.595,82.058,81.472,80.935,80.349,79.811,79.225,78.737,78.297,77.809,77.369,76.929,76.49,76.099,75.66,75.171,74.731,74.243,73.803,73.364,72.924,72.485,72.045,71.654,71.312,70.873,70.433,70.042,69.749,69.554,69.407,69.603,70.238,71.361,73.168,75.464,78.444,82.253,87.626,95.099,103.94,112.1,118.2,121.91,124.06,125.04,125.38,125.14,124.5,123.62,122.6,121.48,120.45,119.33,118.01,116.25,114.05,111.61,109.17,106.63,103.94,101.25,99.007,97.346,96.125,95.051,94.074,93.243,92.511,91.876,91.29,90.801,90.362,89.971,89.531,89.189,88.75,88.261,87.822,87.382,86.943,86.405,85.966,85.428,84.94,84.403,83.914,83.426,82.84,82.351,81.912,81.472,81.13,80.739,80.3,79.909,79.469,79.03,78.688,78.248,77.858,77.418,77.027,76.636,76.246,75.855,75.464,75.171,74.78,74.438,74.048,73.755,73.51,73.315,73.168,73.364,73.999,75.122,76.929,79.372,82.547,87.04,93.536,102.23,111.66,119.91,125.92,129.88,132.32,133.69,134.17,134.17,133.74,132.95,131.88,130.61,129.44,128.26,127.14,125.87,124.31,122.26,119.86,117.37,114.78,112.1,109.51,107.12,105.11,103.26,101.6,100.18,98.909,97.786,96.858,95.979,95.246,94.562,93.927,93.292,92.657,92.12,91.534,90.997,90.41,89.873,89.287,88.75,88.261,87.724,87.236,86.698,86.112,85.575,85.038,84.5,84.012,83.572,83.133,82.595,82.107,81.57,81.032,80.544,80.104,79.616,79.127,78.59,78.102,77.662,77.174,76.734,76.343,76.001,75.611,75.318,75.073,74.878,74.927,75.366,76.294,77.906,80.153,83.182,87.236,93.048,101.16,110.53,119.37,126.12,130.76,133.74,135.64,136.57,136.81,136.62,135.98,135.1,134.08,132.95,131.78,130.61,129.44,128.07,126.26,124.06,121.62,119.03,116.44,113.66,111.07,108.63,106.38,104.18,102.23,100.57,99.105,97.932,96.907,96.076,95.344,94.66,94.074,93.439,92.804,92.218,91.68,91.094,90.508,89.922,89.434,88.945,88.408,87.919,87.382,86.796,86.259,85.624,85.038,84.5,83.914,83.426,82.937,82.449,81.912,81.423,80.984,80.495,80.007,79.421,78.932,78.346,77.809,77.223,76.734,76.197,75.66,75.122,74.634,74.097,73.657,73.217,72.973,72.875,73.168,73.999,75.464,77.662,80.495,84.158,89.287,96.614,105.7,114.73,122.01,126.99,130.12,131.98,132.95,133.2,133,132.37,131.49,130.51,129.39,128.17,126.99,125.72,124.11,122.06,119.77,117.32,114.78,112.1,109.36,106.87,104.62,102.47,100.47,98.665,97.053,95.686,94.513,93.536,92.804,92.169,91.534,90.997,90.41,89.873,89.238,88.701,88.066,87.48,86.943,86.356,85.819,85.184,84.598,84.012,83.426,82.84,82.253,81.667,81.13,80.593,80.104,79.616,79.127,78.688,78.199,77.76,77.32,76.783,76.343,75.904,75.415,74.976,74.487,74.048,73.608,73.12,72.68,72.289,71.947,71.557,71.166,70.922,70.726,70.824,71.166,72.045,73.559,75.66,78.492,82.302,87.675,95.246,104.43,113.37,120.35,124.94,127.53,128.95,129.49,129.44,129.05,128.36,127.39,126.31,125.19,124.06,122.94,121.57,119.77,117.47,115.08,112.54,110,107.31,104.72,102.62,100.81,99.251,97.786,96.565,95.441,94.416,93.634,92.999,92.413,91.876,91.387,90.85,90.313,89.824,89.287,88.799,88.31,87.724,87.236,86.698,86.112,85.624,85.135,84.598,84.11,83.67,83.23,82.791,82.351,81.912,81.472,80.984,80.544,80.153,79.811,79.421,79.127,78.737,78.444,78.102,77.809,77.564,77.223,76.929,76.685,76.49,76.294,76.246,76.246,76.343,76.636,76.978,77.809,79.127,81.032,83.719,87.04,90.85,95.539,101.69,109.41,117.76,124.94,130.07,133.25,135.1,136.08,136.32,136.08,135.3,134.17,132.86,131.44,130.12,128.85,127.63,126.16,124.36,122.01,119.23,116.44,113.66,110.97,108.63,106.48,104.62,102.87,101.3,99.886,98.665,97.591,96.662,95.881,95.099,94.416,93.781,93.243,92.755,92.218,91.729,91.192,90.655,90.166,89.727,89.238,88.75,88.261,87.724,87.236,86.796,86.356,85.868,85.379,84.842,84.354,83.865,83.426,82.937,82.498,82.107,81.667,81.277,80.886,80.495,80.251,80.007,79.811,79.567,79.225,78.981,78.541,78.053,77.613,77.418,77.564,78.053,78.981,80.593,82.937,85.868,89.531,94.318,100.67,108.87,117.76,125.43,131,134.61,136.81,138.03,138.62,138.67,138.33,137.59,136.67,135.54,134.42,133.3,132.22,131.1,129.53,127.24,124.5,121.62,118.94,116.1,113.37,110.88,108.63,106.48,104.48,102.72,101.25,99.984,99.007,98.128,97.346,96.662,96.076,95.344,94.611,93.878,93.195,92.511,91.876,91.29,90.655,90.117,89.482,88.847,88.261,87.529,86.845,86.161,85.575,84.842,84.11,83.475,82.986,82.595,82.302,82.058,81.814,81.472,81.179,80.739,80.349,79.86,79.421,78.932,78.444,77.906,77.369,76.881,76.343,75.904,75.562,75.171,74.927,74.878,75.122,75.855,77.32,79.469,82.253,85.819,90.606,97.297,105.94,114.88,122.31,127.53,130.95,133.05,134.22,134.76,134.61,134.08,133.05,131.88,130.56,129.24,128.07,126.8,125.38,123.48,121.23,118.74,116.2,113.51,110.83,108.24,105.99,103.94,101.94,100.13,98.567,97.2,96.125,95.246,94.416,93.732,93.195,92.608,92.071,91.485,90.948,90.362,89.727,89.092,88.408,87.724,87.04,86.356,85.721,85.038,84.354,83.621,82.84,82.156,81.472,80.886,80.251,79.616,78.981,78.346,77.809,77.32,76.881,76.539,76.343,76.49,76.929,77.858,79.421,81.423,83.914,86.943,90.655,95.734,102.18,108.87,114.25,117.62,119.33,119.86,119.67,119.03,118.11,117.03,115.91,114.73,113.37,111.41,108.97,106.24,103.5,100.81,98.225,96.076,94.513,93.243,92.315,91.436,90.655,90.069,89.434,88.945,88.506,88.115,87.724,87.382,86.991,86.601,86.161,85.721,85.233,84.793,84.305,83.816,83.377,82.84,82.449,81.912,81.472,80.984,80.544,80.104,79.665,79.323,78.932,78.541,78.199,77.809,77.467,77.125,76.783,76.49,76.099,75.855,75.562,75.318,74.976,74.731,74.487,74.243,73.999,73.755,73.559,73.364,73.168,72.924,72.729,72.533,72.289,72.045,71.752,71.508,71.215,70.922,70.677,70.384,70.042,69.798,69.603,69.407,69.359,69.554,70.238,71.557,73.608,76.636,80.984,87.675,97.297,108.87,120.01,128.75,134.91,139.11,141.75,143.16,143.75,143.7,143.06,142.14,140.87,139.5,138.18,136.86,135.64,134.17,132.37,130.12,127.63,125.14,122.5,119.77,116.98,114.25,111.61,109.12,106.82,104.87,103.11,101.74,100.57,99.495,98.567,97.786,97.102,96.467,95.881,95.246,94.611,93.927,93.292,92.608,91.973,91.436,90.85,90.215,89.678,89.092,88.554,87.968,87.431,86.796,86.259,85.673,85.135,84.549,84.012,83.475,82.986,82.498,82.058,81.667,81.277,80.935,80.544,80.153,79.762,79.225,78.737,78.248,77.76,77.223,76.783,76.343,76.05,75.757,75.464,75.464,75.66,76.246,77.467,79.372,81.814,84.94,89.092,95.002,102.91,111.95,120.25,126.51,130.8,133.69,135.49,136.47,136.81,136.67,136.13,135.2,134.17,133.1,131.98,130.8,129.53,127.92,125.82,123.28,120.74,118.11,115.22,112.39,109.8,107.51,105.26,103.16,101.3,99.691,98.225,97.004,95.93,95.099,94.367,93.634,92.999,92.315,91.68,90.997,90.362,89.727,89.092,88.408,87.724,87.138,86.405,85.721,85.038,84.354,83.816,83.133,82.449,81.814,81.277,80.788,80.251,79.665,79.225,78.786,78.297,77.809,77.369,76.929,76.441,75.855,75.318,74.878,74.292,73.755,73.168,72.729,72.387,71.996,71.557,71.166,70.97,70.97,71.166,71.85,73.168,75.22,77.906,81.277,85.917,92.755,101.69,111.12,119.13,124.8,128.36,130.51,131.49,131.88,131.73,131.29,130.51,129.44,128.31,127.19,126.07,124.8,123.23,121.28,119.03,90.069,89.482,89.092,88.847,88.554,88.164,87.871,87.48,87.187,86.796,86.356,85.917,85.477,85.038,84.549,84.061,83.572,83.035,82.498,82.058,81.57,81.13,80.69,80.3,79.86,79.421,79.03,78.59,78.248,77.858,77.467,77.125,76.685,76.294,76.001,75.611,75.318,74.976,74.634,74.194,73.803,73.413,73.071,72.729,72.436,72.24,72.289,72.68,73.608,75.122,77.223,79.86,83.133,87.138,92.511,99.691,107.85,115.32,120.89,124.55,126.85,128.26,128.85,128.95,128.56,127.83,126.8,125.68,124.6,123.62,122.7,121.62,120.3,118.45,116.05,113.42,110.83,108.09,105.36,102.82,100.81,99.154,97.884,96.614,95.637,94.66,93.878,93.243,92.755,92.218,91.876,91.485,91.045,90.606,90.166,89.824,89.434,88.994,88.506,88.066,87.529,87.04,86.503,85.917,85.428,84.842,84.354,83.865,83.426,82.84,82.351,81.863,81.374,80.886,80.3,79.811,79.372,78.883,78.346,77.858,77.369,76.929,76.49,76.05,75.611,75.22,74.927,74.634,74.487,74.536,74.927,75.855,77.418,79.616,82.302,85.575,89.873,95.783,103.6,112.05,119.37,124.75,128.31,130.76,132.22,133,133.3,133.05,132.32,131.29,130.07,128.85,127.73,126.75,125.68,124.36,122.55,120.16,117.47,114.73,111.85,108.87,106.19,103.99,102.18,100.67,99.349,98.372,97.444,96.614,95.881,95.197,94.562,93.927,93.292,92.657,92.12,91.485,90.997,90.41,89.873,89.287,88.799,88.31,87.822,87.284,86.747,86.161,85.624,85.135,84.549,84.012,83.475,83.035,82.595,82.156,81.716,81.179,80.69,80.153,79.665,79.127,78.59,78.102,77.613,77.174,76.734,76.343,76.001,75.611,75.22,74.976,74.878,74.927,75.318,76.246,77.858,80.055,82.84,86.259,90.606,96.614,104.38,112.68,119.77,124.85,128.36,130.61,131.93,132.56,132.61,132.17,131.39,130.22,129.05,127.87,126.8,125.68,124.31,122.55,120.25,117.67,114.98,112.1,109.07,106.19,103.79,101.89,100.18,98.763,97.444,96.321,95.295,94.367,93.488,92.804,92.12,91.485,90.948,90.41,89.922,89.434,88.945,88.506,87.968,87.48,86.991,86.503,85.917,85.379,84.793,84.158,83.621,83.035,82.449,81.814,81.179,80.544,80.007,79.421,78.883,78.346,77.858,77.32,76.783,76.294,75.806,75.318,74.78,74.341,73.901,73.559,73.217,73.071,73.12,73.559,74.438,76.001,78.102,80.739,83.914,87.822,92.999,99.789,107.26,113.76,118.3,121.04,122.55,123.28,123.38,122.94,122.16,121.18,120.11,118.98,117.81,116.3,114.34,111.8,108.97,106.24,103.5,100.67,98.323,96.418,95.002,93.732,92.657,91.876,91.192,90.655,90.215,89.922,89.678,89.434,89.092,88.847,88.554,88.164,87.822,87.382,86.845,86.356,85.819,85.233,84.696,84.11,83.475,82.84,82.302,81.716,81.179,80.69,80.153,79.762,79.323,78.883,78.492,78.199,77.906,77.662,77.418,77.125,76.881,76.636,76.343,76.099,75.806,75.464,75.122,74.731,74.292,73.901,73.608,73.217,72.924,72.631,72.289,71.996,71.752,71.605,71.752,72.24,73.217,74.927,77.32,80.3,84.305,89.922,97.737,107.26,116.64,124.06,129.39,132.95,135.25,136.57,137.2,137.2,136.81,135.98,135.05,133.93,132.81,131.73,130.61,129.44,127.87,125.82,123.28,120.69,117.91,114.98,112.05,109.56,107.55,105.8,104.38,103.11,101.99,101.16,100.47,99.74,98.909,98.128,97.542,97.102,96.662,96.174,95.49,94.806,94.074,93.341,92.755,92.12,91.485,90.85,90.166,89.482,88.799,88.115,87.431,86.747,86.161,85.575,84.94,84.305,83.719,83.23,82.791,82.449,82.253,82.253,82.693,83.621,85.379,87.724,90.557,93.683,97.053,100.86,105.55,111.41,117.47,122.45,125.68,127.53,128.56,128.8,128.41,127.63,126.56,125.38,124.16,122.99,121.57,119.67,117.18,114.2,111.07,107.85,104.67,101.55,98.86,96.907,95.539,94.513,93.488,92.608,91.778,91.094,90.362,89.678,89.043,88.359,87.822,87.187,86.698,86.063,85.477,84.94,84.354,83.816,83.279,82.84,82.351,81.912,81.423,80.984,80.544,80.055,79.665,79.323,78.981,78.688,78.346,78.053,77.76,77.369,77.125,76.881,76.539,76.197,75.806,75.562,75.318,75.122,74.927,74.731,74.634,74.438,74.243,73.999,73.755,73.559,73.315,73.071,72.778,72.533,72.289,72.045,71.85,71.605,71.41,71.166,70.97,70.873,70.824,70.922,71.41,72.631,74.536,77.223,80.886,86.112,93.683,103.35,113.42,121.87,127.92,132.07,134.81,136.42,137.25,137.3,136.86,135.98,134.86,133.69,132.51,131.39,130.12,128.75,126.99,124.8,122.35,119.91,117.57,114.98,112.24,109.41,106.72,104.28,102.13,100.18,98.567,97.249,96.174,95.344,94.66,94.123,93.536,92.999,92.413,91.778,91.241,90.606,89.971,89.385,88.75,88.115,87.48,86.845,86.259,85.624,85.038,84.403,83.816,83.182,82.595,82.107,81.618,81.13,80.593,80.104,79.665,79.225,78.786,78.297,77.809,77.369,76.929,76.49,76.05,75.66,75.318,74.927,74.536,74.243,73.852,73.559,73.217,72.924,72.631,72.387,72.192,72.192,72.533,73.315,74.683,76.685,79.323,82.595,86.991,93.048,101.06,109.85,117.62,123.14,126.6,128.75,129.88,130.22,130.12,129.63,128.85,127.87,126.85,125.82,124.7,123.48,121.91,119.86,117.32,114.49,111.61,108.63,105.6,103.06,101.06,99.495,98.128,96.907,95.979,95.197,94.416,93.878,93.341,92.95,92.511,92.12,91.729,91.387,90.997,90.606,90.166,89.727,89.287,88.847,88.359,87.919,87.529,87.236,86.943,86.601,86.259,85.819,85.379,84.94,84.5,84.061,83.572,83.035,82.498,81.912,81.374,80.788,80.3,79.811,79.323,78.786,78.346,77.858,77.418,76.978,76.636,76.246,75.904,75.66,75.611,75.806,76.343,77.467,79.225,81.618,84.598,88.554,94.074,101.55,110.44,118.89,125.48,130.07,133,134.86,135.88,136.18,135.98,135.35,134.37,133.2,131.98,130.8,129.68,128.51,126.95,124.85,122.26,119.42,116.49,113.51,110.49,107.85,105.75,103.94,102.43,101.16,100.13,99.251,98.421,97.737,97.2,96.614,96.076,95.441,94.904,94.416,93.927,93.488,92.999,92.413,91.778,91.192,90.41,89.678,88.945,88.164,87.48,86.845,86.259,85.624,85.038,84.598,84.256,84.012,83.865,83.914,84.256,84.989,86.112,87.48,89.043,90.606,92.218,93.781,95.099,95.93,96.369,96.418,96.369,96.125,95.734,95.246,94.66,93.927,92.999,91.778,90.557,89.434,88.701,88.261,87.871,87.626,87.236,86.796,86.308,85.868,85.428,85.135,84.793,84.549,84.305,84.11,83.865,83.621,83.279,82.986,82.693,82.302,81.912,81.472,81.032,80.593,80.153,79.811,79.421,78.981,78.541,78.199,77.76,77.32,76.881,76.441,76.001,75.611,75.318,74.976,74.683,74.292,73.999,73.608,73.315,73.071,72.729,72.485,72.289,72.045,71.801,71.557,71.215,71.068,70.824,70.629,70.433,70.189,69.945,69.749,69.505,69.261,69.066,68.821,68.479,68.235,67.942,67.6,67.307,66.965,66.623,66.233,65.94,65.549,65.256,64.914,64.67,64.572,64.572,65.012,65.988,67.844,70.482,73.901,78.492,85.233,94.758,106.24,117.18,125.68,131.54,135.49,137.89,139.06,139.3,139.01,138.33,137.45,136.47,135.49,134.42,133.25,131.98,130.56,128.8,126.6,123.92,120.99,118.06,114.98,111.95,109.12,106.72,104.62,102.67,100.91,99.3,97.932,96.662,95.686,94.806,94.074,93.292,92.608,92.071,91.436,90.801,90.166,89.482,88.847,88.164,87.626,86.991,86.356,85.721,85.135,84.5,83.914,83.279,82.742,82.156,81.618,81.13,80.593,80.104,79.665,79.225,78.883,78.444,78.004,77.564,77.174,76.734,76.294,75.904,75.562,75.171,74.78,74.487,74.194,73.852,73.559,73.315,73.071,72.875,72.729,72.729,72.875,73.217,74.048,75.366,77.223,79.762,82.937,87.138,93.048,101.01,110.09,118.45,124.6,128.8,131.49,133.05,133.88,134.08,133.78,133.05,132.07,130.85,129.73,128.56,127.43,118.35,117.13,115.86,114.3,112.44,110.05,107.55,105.31,103.31,101.35,99.3,97.249,95.295,93.634,92.218,90.997,89.922,88.994,88.164,87.431,86.747,86.112,85.624,85.184,84.745,84.305,83.865,83.426,83.035,82.693,82.302,82.009,81.618,81.179,80.788,80.495,80.251,80.007,79.665,79.421,79.176,78.883,78.541,78.248,78.004,77.76,77.467,77.174,76.929,76.734,76.49,76.246,76.001,75.757,75.464,75.318,75.073,74.78,74.634,74.536,74.536,74.683,75.171,76.099,77.613,79.616,82.253,85.477,89.873,95.783,103.35,111.17,117.67,122.11,124.8,126.26,126.8,126.8,126.41,125.72,124.85,123.82,122.75,121.72,120.74,119.57,118.25,116.54,114.34,111.66,108.97,106.53,104.43,102.18,99.886,97.591,95.637,93.878,92.511,91.29,90.215,89.385,88.603,87.919,87.284,86.747,86.161,85.673,85.233,84.793,84.403,84.012,83.621,83.23,82.937,82.595,82.156,81.814,81.423,81.032,80.69,80.3,80.007,79.665,79.421,79.127,78.883,78.541,78.248,77.906,77.613,77.223,76.929,76.636,76.246,75.855,75.415,75.073,74.683,74.292,73.901,73.51,73.168,72.875,72.631,72.485,72.485,72.924,73.803,75.22,77.223,79.811,82.986,87.04,92.511,99.544,107.26,114,118.74,121.67,123.28,124.06,124.16,123.87,123.23,122.31,121.23,120.06,118.79,117.62,116.25,114.54,112.44,109.8,107.07,104.48,102.04,99.593,97.297,95.246,93.439,91.778,90.41,89.287,88.359,87.529,86.943,86.308,85.819,85.282,84.842,84.354,83.914,83.475,83.035,82.595,82.156,81.814,81.374,80.935,80.544,80.251,79.86,79.567,79.225,78.932,78.59,78.346,78.102,77.858,77.613,77.369,77.125,76.929,76.783,76.734,76.734,76.978,77.418,78.297,79.616,81.472,84.012,86.991,90.606,95.197,100.72,106.63,111.51,114.69,116.3,116.88,116.79,116.35,115.61,114.69,113.56,112.39,110.97,109.31,107.07,104.43,101.79,99.544,97.688,95.93,94.171,92.413,90.948,89.629,88.506,87.529,86.796,86.161,85.624,85.184,84.793,84.403,84.11,83.719,83.426,83.035,82.693,82.302,81.912,81.57,81.228,80.935,80.593,80.3,80.055,79.762,79.421,79.176,78.883,78.59,78.346,78.102,77.858,77.662,77.418,77.223,77.125,76.929,76.783,76.636,76.49,76.294,76.197,76.001,75.806,75.66,75.611,75.464,75.366,75.318,75.122,74.976,74.78,74.634,74.487,74.292,74.194,73.999,73.755,73.559,73.364,73.168,72.924,72.729,72.533,72.436,72.631,73.168,74.292,76.197,78.786,82.547,87.724,95.099,104.58,114.49,122.94,128.8,132.61,135.05,136.57,137.35,137.5,137.01,135.98,134.76,133.3,131.93,130.51,129.05,127.53,125.87,123.87,121.48,118.94,116.54,114.3,111.85,109.26,106.48,103.94,101.6,99.691,97.981,96.467,95.295,94.22,93.292,92.511,91.729,90.997,90.362,89.727,89.189,88.603,88.066,87.626,87.138,86.698,86.259,85.721,85.282,84.94,84.5,84.11,83.67,83.23,82.937,82.547,82.253,81.912,81.667,81.423,81.13,80.788,80.544,80.251,80.007,79.665,79.372,79.03,78.786,78.541,78.297,78.053,77.809,77.613,77.467,77.32,77.125,76.978,76.978,77.027,77.32,78.004,79.225,81.032,83.475,86.601,90.606,95.979,103.06,110.97,118.11,123.38,126.8,128.85,130.07,130.51,130.36,129.73,128.8,127.63,126.26,124.85,123.62,122.35,120.99,119.13,116.74,114.1,111.56,109.12,106.68,104.14,101.6,99.3,97.297,95.539,94.123,92.853,91.876,90.997,90.166,89.482,88.945,88.359,87.871,87.284,86.796,86.308,85.868,85.379,84.842,84.403,84.012,83.621,83.23,82.791,82.449,82.009,81.618,81.179,80.739,80.446,80.104,79.811,79.567,79.323,78.981,78.737,78.444,78.102,77.76,77.369,77.027,76.685,76.246,75.806,75.415,75.073,74.683,74.341,73.999,73.608,73.315,72.973,72.729,72.631,72.729,73.217,74.292,76.001,78.346,81.423,85.379,90.606,97.542,105.75,113.51,119.23,122.75,124.75,125.68,125.97,125.87,125.43,124.7,123.72,122.55,121.38,120.06,118.79,117.37,115.57,113.22,110.63,108.09,105.85,103.6,101.3,99.056,97.004,95.246,93.781,92.608,91.729,90.948,90.313,89.727,89.238,88.799,88.408,88.066,87.675,87.284,86.943,86.552,86.161,85.721,85.282,84.94,84.598,84.256,83.914,83.572,83.23,82.986,82.742,82.449,82.156,81.912,81.667,81.423,81.179,80.886,80.69,80.446,80.153,79.909,79.665,79.469,79.225,79.03,78.786,78.59,78.346,78.102,77.858,77.613,77.369,77.125,76.929,76.978,77.418,78.297,79.811,81.912,84.745,88.31,92.95,99.105,106.92,115.08,121.87,126.36,129.05,130.51,131.24,131.39,131.05,130.17,129.05,127.68,126.41,125.24,124.16,122.99,121.57,119.67,117.18,114.49,111.85,109.61,107.41,105.11,102.82,100.72,98.909,97.493,96.321,95.197,94.171,93.341,92.657,92.071,91.436,90.948,90.362,89.873,89.434,88.994,88.554,88.115,87.675,87.284,86.943,86.503,86.112,85.673,85.282,84.989,84.598,84.256,83.914,83.621,83.279,82.986,82.742,82.449,82.156,81.863,81.618,81.277,81.032,80.739,80.495,80.153,79.86,79.567,79.225,78.932,78.688,78.444,78.199,78.053,78.199,78.688,79.616,81.179,83.279,86.161,89.824,94.562,100.86,108.68,116.79,123.48,127.97,130.61,132.12,132.95,133.25,133.1,132.56,131.54,130.36,129.05,127.73,126.51,125.14,123.58,121.62,119.23,116.54,113.9,111.56,109.17,106.82,104.43,102.23,100.37,98.763,97.346,96.321,95.344,94.562,93.781,93.097,92.56,91.973,91.436,90.948,90.362,89.873,89.385,88.945,88.408,87.968,87.529,87.187,86.796,86.405,86.063,85.624,85.282,84.94,84.549,84.158,83.816,83.475,83.23,82.986,82.693,82.351,82.107,81.863,81.618,81.277,80.984,80.593,80.3,79.909,79.567,79.03,78.541,78.053,77.564,77.027,76.636,76.294,76.197,76.441,77.125,78.346,80.251,82.791,86.063,90.166,95.49,102.43,110.44,117.91,123.58,127.14,129.19,130.22,130.66,130.56,130.07,129.09,127.87,126.56,125.24,123.87,122.5,120.99,119.18,116.74,114,111.12,108.29,105.5,102.91,100.67,98.812,97.102,95.686,94.562,93.536,92.755,91.973,91.387,90.85,90.313,89.824,89.238,88.75,88.31,87.822,87.382,86.943,86.503,86.112,85.819,85.428,84.989,84.696,84.354,84.012,83.621,83.182,82.791,82.547,82.253,81.912,81.667,81.423,81.179,80.935,80.593,80.3,79.909,79.567,79.127,78.688,78.199,77.662,77.174,76.734,76.246,75.66,75.171,74.731,74.341,74.048,73.803,73.755,73.999,74.683,75.855,77.76,80.251,83.621,87.919,93.781,101.35,109.75,117.18,122.35,125.48,127.14,127.87,128.07,127.87,127.29,126.51,125.43,124.31,123.14,121.82,120.35,118.69,116.64,114,111.17,108.53,106.19,103.99,101.94,99.984,98.225,96.809,95.637,94.66,93.878,93.195,92.608,92.071,91.534,91.094,90.606,90.166,89.678,89.287,88.945,88.554,88.115,87.675,87.236,86.943,86.503,86.112,85.673,85.282,84.94,84.549,84.158,83.816,83.426,83.133,82.791,82.498,82.156,81.912,81.716,81.618,81.472,81.423,81.472,81.912,82.84,84.256,86.259,88.75,92.071,96.223,101.69,108.29,115.08,120.45,123.92,125.82,126.7,126.85,126.7,126.16,125.29,124.16,122.99,121.67,120.25,118.54,116.35,113.61,110.73,108.19,105.99,103.99,101.99,100.03,98.421,97.053,95.881,94.806,93.878,93.048,92.413,91.925,91.387,90.85,90.362,89.873,89.434,88.994,88.554,88.115,87.724,87.382,86.991,86.601,86.161,85.721,85.379,85.038,84.745,84.354,84.012,83.67,83.426,83.133,82.84,82.547,82.302,82.058,81.814,81.57,81.277,81.032,80.788,80.69,80.495,80.3,80.153,80.007,79.909,79.762,79.616,79.372,79.176,78.932,78.688,78.346,78.053,77.76,77.418,77.027,76.685,76.294,75.904,75.464,75.22,75.073,75.171,75.757,76.978,78.932,81.814,85.673,91.094,98.812,108.68,118.98,127.53,83.865,83.377,82.937,82.449,82.009,81.57,81.13,80.593,80.153,79.665,79.225,78.883,78.492,78.102,77.76,77.369,77.027,76.734,76.441,76.099,75.855,75.562,75.22,74.976,74.683,74.341,74.048,73.755,73.364,73.071,72.729,72.436,72.094,71.85,71.557,71.312,71.117,70.97,71.117,71.605,72.68,74.438,76.978,80.593,85.966,93.732,103.84,114.73,123.92,130.22,134.08,136.37,137.69,138.23,138.13,137.54,136.67,135.64,134.32,132.95,131.49,129.93,128.31,126.51,124.11,121.18,117.91,114.69,111.41,108.04,104.87,102.23,100.42,99.056,97.932,96.907,96.076,95.295,94.611,93.927,93.341,92.804,92.218,91.68,91.094,90.606,90.117,89.629,89.092,88.701,88.31,87.919,87.48,87.04,86.698,86.308,85.868,85.477,85.184,84.793,84.5,84.158,83.914,83.621,83.377,83.182,82.937,82.693,82.449,82.253,82.009,81.667,81.423,81.179,80.984,80.788,80.593,80.349,80.055,79.616,79.225,78.883,78.541,78.248,78.053,78.053,78.444,79.225,80.593,82.547,85.184,88.701,93.439,99.984,108.04,116.3,123.23,128.26,131.68,133.78,135.01,135.44,135.44,135.05,134.37,133.34,132.17,131,129.68,128.36,126.95,125.19,122.84,119.91,116.69,113.56,110.88,108.39,106.19,104.23,102.57,101.16,99.984,98.909,98.128,97.444,96.809,96.174,95.686,95.295,94.904,94.513,93.976,93.488,92.999,92.56,92.071,91.632,91.094,90.606,90.215,89.824,89.434,89.092,88.799,88.554,88.359,88.115,87.822,87.529,87.187,86.747,86.308,85.819,85.233,84.745,84.158,83.67,83.182,82.693,82.107,81.57,81.13,80.593,80.153,79.762,79.323,78.932,78.688,78.59,78.737,79.421,80.69,82.547,85.038,88.164,92.169,97.542,104.48,112.68,120.5,126.7,130.95,133.54,135.05,135.69,135.74,135.3,134.61,133.74,132.76,131.68,130.61,129.44,128.17,126.7,124.75,122.16,119.03,115.76,112.39,108.97,105.7,102.87,100.86,99.544,98.616,97.786,97.102,96.467,95.881,95.246,94.66,94.171,93.634,93.048,92.56,92.12,91.68,91.241,90.801,90.362,90.069,89.873,89.629,89.385,88.994,88.506,87.919,87.284,86.601,85.917,85.233,84.745,84.305,84.061,83.914,84.061,84.549,85.379,86.552,87.968,89.482,91.192,92.853,94.416,95.734,96.662,97.297,97.688,97.737,97.542,97.249,96.662,96.076,95.197,94.123,92.95,91.778,90.948,90.166,89.531,88.945,88.164,87.431,86.747,86.112,85.477,84.989,84.598,84.354,84.158,84.061,83.865,83.67,83.475,83.279,83.035,82.742,82.449,82.058,81.618,81.179,80.739,80.3,79.86,79.421,78.981,78.59,78.248,77.858,77.467,77.174,76.783,76.49,76.197,75.806,75.415,75.122,74.731,74.438,74.097,73.852,73.608,73.364,73.12,72.924,72.729,72.631,72.485,72.289,72.192,72.045,71.85,71.752,71.605,71.508,71.361,71.215,71.166,71.068,70.97,70.873,70.726,70.677,70.629,70.482,70.384,70.238,70.042,69.945,69.749,69.554,69.359,69.163,69.066,69.114,69.407,70.287,71.801,73.852,76.685,80.544,86.405,95.295,106.97,119.18,129.29,136.32,140.87,143.8,145.56,146.39,146.48,146.24,145.75,145.12,144.24,143.16,142.14,140.92,139.74,138.42,136.86,134.86,132.12,128.85,125.38,121.82,118.25,114.78,111.95,109.8,108.09,106.87,105.85,105.16,104.62,104.18,103.74,103.26,102.67,102.04,101.45,100.72,100.03,99.349,98.616,97.884,97.2,96.418,95.734,95.051,94.367,93.683,92.95,92.218,91.485,90.752,90.117,89.482,88.847,88.31,87.822,87.284,86.845,86.308,85.819,85.233,84.745,84.158,83.621,83.035,82.547,82.058,81.618,81.179,80.69,80.251,79.762,79.323,78.932,78.541,78.248,78.199,78.297,78.737,79.762,81.228,83.279,85.966,89.434,93.976,100.23,108.19,116.79,124.26,129.73,133.34,135.79,137.35,138.18,138.38,138.18,137.69,136.86,135.93,134.81,133.64,132.37,131.1,129.73,127.97,125.63,122.5,118.94,115.37,111.76,108.24,105.11,102.82,101.16,99.935,98.86,97.932,97.102,96.418,95.734,95.197,94.66,94.123,93.634,93.048,92.56,92.12,91.632,91.192,90.752,90.313,89.873,89.482,89.043,88.701,88.31,87.919,87.626,87.236,86.943,86.601,86.405,86.259,86.063,85.819,85.379,84.842,84.354,83.816,83.279,82.742,82.107,81.472,80.788,80.153,79.567,78.932,78.346,77.809,77.369,76.978,76.685,76.636,76.929,77.76,79.127,81.13,83.67,86.943,91.192,96.76,103.94,112.1,119.81,125.72,129.68,132.17,133.69,134.57,134.86,134.61,133.88,132.86,131.68,130.51,129.39,128.17,126.99,125.48,123.43,120.74,117.57,114.3,111.07,107.6,104.23,101.45,99.3,97.932,96.907,96.076,95.344,94.758,94.22,93.732,93.243,92.804,92.364,92.071,91.632,91.192,90.752,90.313,89.873,89.482,88.994,88.554,88.164,87.822,87.48,87.187,86.845,86.503,86.161,85.819,85.379,84.842,84.354,83.914,83.426,82.84,82.302,81.814,81.228,80.739,80.153,79.665,79.127,78.59,78.102,77.613,77.125,76.685,76.246,75.806,75.415,75.122,74.976,74.976,75.366,76.197,77.564,79.616,82.253,85.721,90.362,96.614,104.67,113.37,120.94,126.26,129.53,131.49,132.66,133.34,133.49,133.25,132.61,131.73,130.8,129.73,128.7,127.48,126.12,124.36,121.91,118.89,115.47,112.1,108.73,105.31,101.99,99.007,96.467,94.416,92.755,91.29,90.117,89.189,88.31,87.529,86.845,86.259,85.624,84.989,84.354,83.719,83.182,82.595,82.058,81.472,80.935,80.3,79.665,79.127,78.541,78.004,77.418,76.881,76.441,76.001,75.562,75.122,74.683,74.194,73.755,73.217,72.729,72.24,71.801,71.361,70.922,70.482,70.091,69.749,69.359,69.066,68.675,68.382,68.089,67.844,67.844,68.04,68.675,69.847,71.557,73.852,77.32,82.791,91.387,102.38,113.61,122.94,129.49,133.69,136.37,138.13,139.16,139.69,139.69,139.11,138.18,137.01,135.69,134.37,133.05,131.73,130.36,128.61,126.31,123.38,120.11,117.03,114.34,111.85,109.36,107.07,104.92,103.16,101.6,100.37,99.154,98.225,97.346,96.662,95.979,95.344,94.758,94.171,93.634,93.097,92.56,91.925,91.29,90.752,90.166,89.678,89.092,88.603,88.164,87.724,87.284,86.845,86.405,85.966,85.575,85.184,84.793,84.403,84.11,83.914,83.816,83.816,84.061,84.598,85.673,87.236,89.385,92.315,96.369,101.79,108.68,116.2,122.79,127.63,130.8,132.81,134.08,134.61,134.61,134.17,133.44,132.37,131.24,129.97,128.7,127.19,125.24,122.5,119.33,116.1,113.37,110.88,108.43,106.04,103.94,102.18,100.72,99.544,98.47,97.591,96.809,96.125,95.49,94.855,94.22,93.634,93.048,92.511,91.925,91.387,90.801,90.313,89.873,89.434,88.994,88.554,88.115,87.675,87.284,86.845,86.503,86.063,85.673,85.233,84.842,84.5,84.256,84.012,83.816,83.621,83.475,83.23,82.986,82.595,82.156,81.667,81.228,80.788,80.446,80.104,79.762,79.372,78.932,78.541,78.199,77.809,77.369,76.929,76.49,76.099,75.757,75.318,74.927,74.634,74.292,74.048,73.852,73.852,74.194,75.073,76.636,78.883,82.156,86.796,93.536,102.72,113.37,123.23,130.76,135.54,138.57,140.33,141.26,141.7,141.75,141.35,140.48,139.3,137.98,136.62,135.25,133.74,132.17,130.22,127.73,124.75,121.48,118.45,115.57,112.78,110.09,107.6,105.31,103.45,101.79,100.47,99.3,98.323,97.444,96.662,96.076,95.441,94.806,94.22,93.683,93.097,92.56,91.973,91.485,90.997,90.557,90.069,89.629,89.092,88.701,88.164,87.724,87.382,86.943,86.601,86.259,85.868,85.477,85.184,84.842,84.598,84.403,84.158,83.914,83.572,83.23,82.84,82.498,82.058,81.618,81.228,80.788,80.446,80.055,79.762,79.421,79.176,78.932,78.688,78.541,78.59,79.127,80.055,81.618,83.816,86.796,90.85,96.614,104.28,113.22,121.62,128.12,132.42,135.1,136.62,137.35,137.59,137.35,136.81,135.98,134.91,133.78,132.51,131.05,129.53,127.87,125.92,123.38,120.35,117.23,114.44,111.8,109.31,106.92,104.72,102.87,101.35,100.18,99.154,98.323,97.542,96.809,96.223,95.637,95.051,94.513,93.927,93.439,92.95,92.511,91.973,91.485,91.094,90.655,90.215,89.824,89.385,88.945,88.554,88.164,87.822,87.48,87.236,86.943,86.698,86.356,85.966,85.721,85.428,85.184,84.842,84.696,84.5,84.5,84.696,85.135,85.868,86.845,88.164,89.531,91.045,92.511,93.927,95.051,95.881,96.321,96.369,96.223,96.076,95.734,95.295,94.806,93.976,93.097,92.169,91.387,90.557,89.922,89.434,88.994,88.554,88.164,87.724,87.431,87.187,86.991,86.845,86.796,86.698,86.552,86.405,86.259,85.966,85.673,85.282,84.989,84.598,84.256,83.816,83.377,82.937,82.498,82.107,81.667,81.277,80.886,80.495,80.104,79.762,79.323,78.932,78.492,78.199,77.809,77.418,77.125,76.783,76.539,76.246,76.001,75.855,75.806,76.099,76.929,78.199,80.055,82.449,85.477,89.385,94.513,101.16,108.87,116,121.23,124.36,125.92,126.41,126.26,125.58,124.55,123.28,121.91,120.45,118.69,116.54,113.81,110.53,107.31,104.28,101.45,98.616,96.321,94.758,93.976,93.683,93.439,93.097,92.804,92.511,92.12,91.778,91.485,91.094,90.801,90.508,90.215,89.922,89.678,89.385,89.043,88.799,88.554,88.31,87.968,87.724,87.48,87.284,87.138,86.943,86.698,86.308,85.868,85.379,84.94,84.5,84.061,83.621,83.23,82.791,82.351,82.009,81.618,81.228,80.935,80.544,80.251,79.909,79.567,79.176,78.883,78.492,78.199,77.906,77.613,77.32,76.978,76.685,76.294,76.001,75.66,75.415,75.171,74.927,74.731,74.536,74.292,74.048,73.852,73.608,73.315,73.071,72.778,72.485,72.192,71.801,71.508,71.215,70.97,70.824,70.629,70.433,70.433,70.677,71.41,72.875,74.976,77.858,81.912,88.066,97.053,108.24,119.62,128.8,135.2,139.3,141.99,143.55,144.19,144.24,143.94,143.46,142.72,141.99,141.06,139.89,138.57,137.11,135.64,133.93,131.98,129.44,126.36,123.04,120.06,117.37,114.93,112.54,110.29,108.24,106.24,104.23,102.47,101.01,99.789,98.812,97.981,97.249,96.614,95.979,95.344,94.66,93.976,93.341,92.657,91.973,91.29,90.557,89.824,89.092,88.506,87.822,87.236,86.601,86.063,85.477,84.94,84.403,83.865,83.377,82.84,82.449,82.058,81.667,81.277,80.935,80.544,80.251,79.86,79.469,79.127,78.737,78.444,78.053,77.76,77.369,77.027,76.685,76.343,76.099,75.855,75.66,75.562,75.66,76.099,76.978,78.444,80.349,82.986,86.503,91.387,98.177,106.82,115.91,123.67,129.19,132.86,135.1,136.47,137.06,137.2,136.86,136.13,135.05,133.88,132.61,131.44,130.32,129.24,128.07,126.6,124.6,121.91,118.74,115.42,112.24,109.31,106.72,104.87,103.6,102.67,101.94,101.35,100.91,100.42,99.886,99.3,98.665,97.981,97.297,96.662,95.979,95.344,94.66,94.074,93.439,92.804,92.169,91.485,90.85,90.166,89.531,88.945,88.31,87.675,87.138,86.552,86.063,85.477,84.989,84.5,83.914,83.426,82.84,82.351,81.863,81.277,80.788,80.3,79.811,79.323,78.883,78.346,77.906,77.467,77.174,76.929,76.783,76.929,77.467,78.541,80.251,82.547,85.477,89.482,95.051,102.47,111.36,119.86,126.7,131.39,134.42,136.42,137.69,138.23,138.38,137.94,137.2,136.13,135.05,133.98,132.95,131.88,130.66,129.24,127.39,124.85,121.67,118.2,114.73,111.61,108.82,106.68,105.16,104.04,103.26,102.57,101.89,101.06,100.23,99.495,98.665,97.981,97.297,96.662,96.076,95.441,94.806,94.171,93.488,92.853,92.169,91.534,90.85,90.166,89.629,88.994,88.359,87.724,87.138,86.552,86.063,85.477,84.989,84.403,83.914,83.377,82.84,82.302,81.716,81.179,80.593,80.055,79.567,79.127,78.59,78.102,77.613,77.174,76.783,76.49,76.294,76.246,76.441,77.125,78.248,80.007,82.302,85.233,89.238,94.66,101.89,110.44,118.74,125.29,129.88,132.81,134.52,135.3,135.54,135.35,134.91,134.32,133.49,132.56,131.44,130.17,128.85,127.39,125.63,123.18,120.11,116.74,113.37,109.95,106.68,103.84,101.94,100.62,99.74,99.154,98.763,98.225,97.688,97.004,96.369,95.686,95.051,94.416,93.781,93.195,92.56,91.876,91.192,90.41,89.727,89.043,88.359,87.675,86.943,86.259,85.624,84.989,84.354,83.719,83.182,82.595,82.058,81.57,80.984,80.446,79.86,79.372,78.786,78.248,77.662,77.125,76.539,76.001,75.464,74.976,74.536,74.097,73.657,73.217,72.875,72.485,72.24,72.192,72.436,73.12,74.292,76.05,78.492,81.814,86.356,92.657,101.01,110.19,118.45,124.36,128.12,130.32,131.54,132.17,132.32,132.07,131.54,130.8,129.88,128.8,127.68,126.56,125.24,123.72,121.82,119.13,115.81,112.29,108.92,105.6,102.62,100.33,98.812,97.932,97.2,96.565,96.076,95.637,95.246,94.904,94.66,94.367,94.123,93.878,93.536,93.292,92.95,92.608,92.218,91.925,91.534,91.094,90.655,90.215,89.727,89.189,88.701,88.164,87.675,87.187,86.747,86.308,85.819,85.282,84.793,84.354,83.865,83.426,82.937,82.498,82.058,81.618,81.179,80.739,80.251,79.811,79.372,78.981,78.59,78.297,78.102,78.102,78.444,79.225,80.69,82.693,85.428,88.945,93.781,100.47,108.87,117.76,125.29,130.76,134.32,136.57,137.79,138.42,138.57,138.23,137.59,136.67,135.49,134.17,132.86,131.68,130.56,129.24,127.53,125.14,122.01,118.5,114.98,111.8,108.92,106.82,105.31,104.28,103.55,103.06,102.67,102.38,101.94,101.45,100.86,100.23,99.544,98.909,98.225,97.493,96.76,95.979,95.246,94.513,93.683,92.853,92.071,91.241,90.41,89.629,88.847,88.164,87.48,86.796,86.161,85.624,85.184,84.745,84.354,84.11,84.012,84.256,84.842,86.112,87.871,90.215,93.195,96.809,101.45,107.36,114.05,120.35,125.19,128.17,129.83,130.32,130.07,129.19,127.92,126.41,124.8,123.04,120.79,118.01,114.88,111.76,108.73,105.85,103.31,101.45,100.13,99.154,98.47,97.981,97.688,97.444,97.249,97.053,96.809,96.467,96.125,95.686,95.197,94.66,94.123,93.488,92.853,92.169,91.485,90.801,90.117,89.434,88.701,87.919,87.236,86.552,85.917,85.233,84.549,83.914,83.377,82.791,82.302,81.814,81.374,80.935,80.495,80.055,79.665,79.323,78.981,78.59,78.297,77.906,77.613,77.369,77.125,76.881,76.685,76.441,76.197,75.904,75.611,75.318,74.927,74.634,74.243,73.852,73.559,73.168,72.778,72.485,72.192,71.801,71.508,71.312,71.361,71.752,72.729,74.292,76.636,79.762,84.305,91.094,100.57,111.76,122.26,130.17,135.44,138.67,140.62,141.7,142.04,141.89,141.16,140.13,138.77,137.25,135.74,134.42,133.1,131.88,130.36,128.31,125.48,122.11,118.5,114.93,111.61,108.82,106.72,105.41,104.48,103.6,102.62,101.5,100.47,99.544,98.763,98.03,97.346,96.662,95.93,95.246,94.562,93.878,93.195,92.413,91.68,90.997,90.215,89.531,88.799,88.115,87.382,86.698,85.966,85.282,84.598,84.012,83.426,82.84,82.351,81.863,81.374,80.886,80.349,79.86,79.372,78.883,78.346,77.858,77.369,76.881,76.441,75.904,75.464,75.073,74.634,74.194,73.803,73.413,73.12,72.924,72.924,73.217,73.999,75.318,77.174,79.567,82.693,86.991,93.048,101.01,110,118.2,124.26,128.17,130.56,131.93,132.66,132.86,132.66,132.12,131.39,130.32,129.05,127.83,126.41,125.04,123.28,120.99,117.91,114.44,110.88,107.51,104.43,102.04,100.57,99.691,99.007,98.47,98.03,97.737,97.493,97.297,97.2,97.004,96.809,96.467,96.174,95.783,95.344,94.855,94.318,93.634,92.95,92.218,91.485,90.801,90.069,89.287,88.603,87.968,87.431,86.845,86.356,85.868,85.379,84.842,84.354,83.865,83.377,82.791,82.302,81.814,81.228,80.739,80.251,79.762,79.323,78.883,78.492,78.053,77.662,77.369,77.125,76.978,77.174,77.809,78.932,80.69,82.986,86.063,90.362,96.321,77.174,76.636,76.05,75.464,74.976,74.487,74.048,73.608,73.168,72.778,72.387,71.996,71.557,71.166,70.873,70.531,70.238,69.945,69.603,69.31,68.968,68.675,68.382,68.04,67.747,67.356,67.063,66.672,66.379,66.135,65.842,65.549,65.305,65.06,64.865,64.718,64.865,65.353,66.379,67.991,70.384,73.999,80.104,89.629,101.94,114.49,124.99,132.56,137.59,141.06,143.36,144.73,145.16,145.02,144.19,143.02,141.6,140.18,138.86,137.54,136.18,134.66,132.86,130.61,127.87,124.75,121.62,118.79,116.2,113.66,111.32,109.12,107.31,105.75,104.58,103.6,102.91,102.38,101.74,101.16,100.57,99.886,99.154,98.421,97.688,97.004,96.321,95.539,94.806,94.074,93.292,92.608,91.876,91.094,90.313,89.531,88.847,88.115,87.48,86.845,86.259,85.721,85.184,84.598,84.012,83.475,82.937,82.351,81.814,81.228,80.739,80.153,79.616,79.03,78.492,78.053,77.613,77.174,76.783,76.441,76.294,76.343,76.881,77.858,79.421,81.57,84.256,87.822,92.608,99.3,107.7,116.69,124.41,130.07,133.74,135.98,137.3,137.94,137.94,137.35,136.42,135.25,134.08,132.81,131.63,130.32,128.8,126.99,124.55,121.62,118.25,114.93,112,109.51,107.55,105.94,104.62,103.45,102.23,101.01,99.74,98.665,97.737,96.858,96.125,95.295,94.513,93.683,92.853,92.12,91.387,90.606,89.873,89.043,88.359,87.675,86.991,86.259,85.575,84.94,84.305,83.67,82.986,82.351,81.863,81.374,80.788,80.3,79.762,79.176,78.688,78.199,77.662,77.125,76.539,76.001,75.415,74.927,74.341,73.852,73.413,73.071,72.68,72.289,71.996,71.947,72.045,72.533,73.559,75.122,77.174,80.007,83.816,89.238,96.614,105.7,114.88,122.5,127.68,130.8,132.61,133.54,133.93,133.74,133.1,132.17,131,129.73,128.51,127.19,125.82,124.11,121.91,119.18,116,112.54,109.17,106.19,103.84,102.23,101.06,99.984,99.056,98.03,97.053,96.125,95.246,94.416,93.781,93.195,92.608,92.071,91.485,90.85,90.313,89.727,89.092,88.408,87.822,87.187,86.503,85.868,85.233,84.549,83.914,83.279,82.693,82.107,81.472,80.935,80.3,79.762,79.127,78.541,78.004,77.467,76.978,76.49,76.05,75.611,75.318,74.976,74.927,75.073,75.562,76.539,78.199,80.349,83.23,87.138,92.56,99.886,108.48,116.74,123.23,127.43,129.93,131.29,131.98,132.17,131.93,131.29,130.41,129.39,128.17,126.85,125.43,123.72,121.62,118.98,115.91,112.68,109.36,106.14,103.26,101.25,99.984,99.105,98.421,97.786,97.249,96.76,96.321,95.881,95.441,95.002,94.562,94.123,93.683,93.195,92.657,92.169,91.68,91.094,90.557,89.922,89.287,88.701,88.066,87.48,86.943,86.356,85.819,85.233,84.696,84.11,83.475,82.937,82.351,81.814,81.228,80.69,80.153,79.665,79.176,78.688,78.248,77.809,77.467,77.174,77.027,77.223,77.906,79.176,81.13,83.816,87.529,92.999,100.62,110.05,119.67,127.68,133.25,136.86,139.16,140.62,141.31,141.5,141.26,140.57,139.55,138.23,136.91,135.49,134.13,132.61,130.95,128.75,125.92,122.7,119.23,115.81,112.68,110.09,108.19,106.82,105.7,104.72,103.74,102.62,101.55,100.62,99.74,98.909,98.177,97.444,96.662,95.93,95.197,94.513,93.781,93.048,92.315,91.534,90.801,90.117,89.385,88.603,87.871,87.138,86.405,85.721,85.135,84.5,83.914,83.426,82.937,82.449,81.912,81.472,80.984,80.495,80.055,79.616,79.225,78.883,78.492,78.102,77.76,77.32,76.929,76.539,76.197,75.757,75.366,74.927,74.487,74.048,73.657,73.364,73.071,72.729,72.436,72.192,72.045,72.24,72.778,73.901,75.757,78.199,81.57,86.552,93.878,103.74,114.73,124.75,132.32,137.35,140.67,142.82,143.94,144.38,144.14,143.46,142.48,141.35,140.18,138.91,137.59,136.23,134.66,132.95,130.8,128.07,124.8,121.38,117.81,114.34,111.36,109.07,107.31,105.85,104.48,103.06,101.6,100.33,99.105,98.177,97.249,96.418,95.686,94.855,94.123,93.341,92.608,91.876,91.094,90.41,89.727,89.043,88.359,87.724,87.04,86.356,85.673,84.94,84.256,83.621,82.937,82.302,81.716,81.179,80.69,80.104,79.616,79.127,78.541,78.053,77.564,76.978,76.49,75.904,75.366,74.878,74.341,73.852,73.364,72.924,72.533,72.192,71.996,71.85,71.996,72.485,73.559,75.171,77.223,80.007,83.67,88.799,95.881,104.67,113.76,121.28,126.56,129.88,131.73,132.81,133.2,133.05,132.56,131.73,130.66,129.53,128.36,127.14,125.82,124.26,122.16,119.42,116.25,112.73,109.26,105.94,103.26,101.3,100.03,99.056,98.323,97.591,96.907,96.321,95.637,95.002,94.318,93.732,93.097,92.56,91.925,91.29,90.655,90.069,89.385,88.701,88.066,87.382,86.601,85.917,85.282,84.598,84.012,83.426,82.937,82.449,81.912,81.472,80.984,80.495,80.055,79.616,79.176,78.688,78.248,77.858,77.418,77.027,76.636,76.246,75.855,75.464,75.122,74.731,74.438,74.194,73.901,73.755,73.803,74.097,74.927,76.294,78.248,80.788,84.354,89.434,96.76,105.94,115.57,123.82,129.68,133.44,135.74,137.11,137.74,137.74,137.3,136.47,135.35,134.13,132.86,131.68,130.41,129,127.29,125.14,122.26,118.94,115.42,112,108.92,106.53,104.92,103.74,102.87,102.13,101.55,101.01,100.42,99.74,99.105,98.421,97.737,97.053,96.418,95.734,95.099,94.416,93.781,93.097,92.511,91.778,91.094,90.362,89.678,88.994,88.31,87.675,87.138,86.503,85.917,85.379,84.842,84.354,83.816,83.23,82.693,82.107,81.57,80.935,80.349,79.86,79.372,78.883,78.346,77.858,77.418,76.978,76.636,76.246,76.05,76.05,76.441,77.223,78.59,80.544,83.133,86.552,91.485,98.421,107.26,116.64,124.75,130.66,134.66,137.3,139.01,139.94,140.23,139.99,139.35,138.33,137.06,135.74,134.52,133.2,131.78,130.22,128.12,125.43,122.26,118.74,115.13,111.66,108.68,106.43,104.87,103.74,102.91,102.28,101.74,101.16,100.57,99.935,99.3,98.616,97.932,97.249,96.565,95.881,95.197,94.562,93.878,93.243,92.56,91.876,91.241,90.557,89.873,89.092,88.261,87.236,86.308,85.428,84.696,84.012,83.377,82.742,82.156,81.57,80.984,80.349,79.811,79.225,78.737,78.248,77.76,77.223,76.734,76.246,75.806,75.318,74.927,74.634,74.438,74.438,74.683,75.318,76.49,78.297,80.739,84.11,88.847,95.686,104.48,114.25,122.94,129.39,133.74,136.57,138.33,139.35,139.94,139.94,139.5,138.62,137.45,136.08,134.61,133.2,131.68,129.97,127.83,124.94,121.57,117.91,114.1,110.39,107.12,104.72,103.31,102.28,101.55,100.81,100.03,99.154,98.225,97.346,96.565,95.783,95.051,94.318,93.536,92.804,92.071,91.29,90.557,89.824,89.092,88.408,87.724,86.991,86.308,85.575,84.745,83.914,83.182,82.449,81.667,80.935,80.153,79.421,78.737,78.053,77.418,76.881,76.343,76.001,75.66,75.562,75.757,76.343,77.564,79.323,81.57,84.5,88.31,93.488,100.18,107.85,115.22,120.89,124.55,126.7,127.83,128.26,128.12,127.63,126.8,125.82,124.6,123.38,121.91,120.16,117.86,114.93,111.56,108.04,104.67,101.89,99.789,98.47,97.591,96.907,96.321,95.686,95.051,94.416,93.781,93.097,92.413,91.68,90.948,90.215,89.629,88.945,88.31,87.529,86.845,86.161,85.477,84.793,84.11,83.426,82.693,82.009,81.277,80.69,80.104,79.469,78.981,78.492,78.004,77.564,77.027,76.636,76.197,75.757,75.318,74.927,74.634,74.292,73.999,73.755,73.51,73.217,73.071,72.778,72.533,72.289,71.996,71.752,71.508,71.215,70.922,70.677,70.433,70.189,69.945,69.652,69.407,69.31,69.261,69.31,69.749,70.677,72.192,74.438,77.662,82.693,90.362,101.01,113.07,123.92,131.98,137.2,140.43,142.28,143.31,143.6,143.36,142.72,141.89,140.67,139.35,137.94,136.42,134.91,133.34,131.63,129.49,126.7,123.38,119.77,116.1,112.68,109.75,107.6,106.28,105.41,104.82,104.14,103.26,102.23,101.3,100.37,99.495,98.616,97.786,97.004,96.223,95.539,94.806,94.123,93.439,92.755,92.071,91.387,90.655,89.922,89.238,88.506,87.822,87.138,86.405,85.819,85.184,84.598,84.061,83.572,82.986,82.498,82.009,81.423,80.886,80.349,79.86,79.323,78.786,78.297,77.809,77.32,76.783,76.294,75.855,75.464,75.122,74.878,74.731,74.927,75.464,76.539,78.199,80.349,83.279,87.431,93.243,101.16,110.63,119.81,127.14,132.12,135.44,137.5,138.77,139.3,139.25,138.81,137.98,137.06,135.93,134.76,133.54,132.22,130.8,129,126.7,123.67,120.16,116.49,112.78,109.17,105.8,103.16,101.5,100.47,99.886,99.251,98.665,98.177,97.737,97.346,96.907,96.565,96.174,95.686,95.197,94.66,94.123,93.488,92.95,92.315,91.68,91.045,90.41,89.824,89.189,88.554,87.919,87.382,86.747,86.161,85.673,85.135,84.598,84.061,83.475,82.986,82.449,81.863,81.228,80.69,80.104,79.616,79.03,78.541,78.004,77.467,76.978,76.539,76.197,75.855,75.66,75.66,76.001,76.734,78.102,80.055,82.742,86.405,91.729,99.105,108.24,117.62,125.48,131.2,135.05,137.54,139.06,139.74,139.79,139.35,138.62,137.59,136.42,135.05,133.74,132.51,131.2,129.53,127.53,124.8,121.57,118.01,114.44,111.17,108.68,106.92,105.7,104.62,103.45,102.18,101.01,99.886,98.86,97.884,97.004,96.125,95.246,94.416,93.634,92.804,92.071,91.29,90.557,89.873,89.092,88.408,87.724,86.991,86.356,85.673,84.94,84.256,83.572,82.937,82.302,81.716,81.179,80.593,80.055,79.469,78.932,78.444,77.858,77.223,76.685,76.099,75.611,75.122,74.634,74.097,73.657,73.168,72.729,72.289,71.996,71.654,71.605,71.752,72.24,73.315,74.878,77.027,79.86,83.719,89.189,96.76,105.8,114.93,122.31,127.43,130.51,132.37,133.3,133.69,133.54,133.05,132.22,131.2,129.93,128.7,127.39,125.87,124.06,121.82,118.94,115.61,112.1,108.68,105.55,103.16,101.6,100.47,99.495,98.47,97.493,96.565,95.686,94.806,94.123,93.488,92.853,92.315,91.68,91.045,90.41,89.824,89.043,88.359,87.626,86.943,86.259,85.477,84.793,84.11,83.426,82.791,82.156,81.618,81.032,80.495,80.007,79.421,78.932,78.444,77.906,77.418,76.929,76.441,75.904,75.415,74.927,74.438,73.999,73.559,73.12,72.631,72.192,71.801,71.41,71.117,70.922,70.824,70.922,71.41,72.485,74.048,76.246,79.176,83.475,89.678,98.225,108.24,117.76,124.99,129.68,132.51,134.22,135.25,135.64,135.44,134.86,133.98,132.95,131.88,130.76,129.49,128.12,126.51,124.5,121.72,118.5,114.93,111.36,107.95,105.11,103.11,101.89,101.06,100.42,99.886,99.349,98.86,98.421,97.932,97.444,96.907,96.369,95.783,95.246,94.66,94.123,93.488,92.804,92.12,91.436,90.752,89.971,89.287,88.603,87.919,87.187,86.503,85.819,85.184,84.5,83.865,83.182,82.547,81.912,81.277,80.69,80.153,79.665,79.323,79.127,79.127,79.567,80.495,82.058,84.256,87.236,91.29,96.907,104.28,112.68,120.6,126.75,130.95,133.64,135.35,136.23,136.47,136.18,135.44,134.52,133.3,132.12,130.8,129.44,127.87,125.87,123.23,120.06,116.49,112.88,109.31,106.14,103.74,102.18,101.16,100.42,99.789,99.154,98.665,98.177,97.688,97.2,96.662,96.174,95.637,95.051,94.416,93.781,93.097,92.413,91.68,90.997,90.313,89.629,88.945,88.261,87.529,86.943,86.259,85.624,84.989,84.403,83.816,83.23,82.693,82.156,81.618,81.13,80.593,80.153,79.762,79.323,78.932,78.541,78.199,77.809,77.418,76.978,76.636,76.246,75.855,75.415,74.976,74.634,74.194,73.803,73.413,73.071,72.729,72.387,72.094,71.947,71.85,72.094,72.778,74.194,76.099,78.932,83.035,89.287,98.372,109.51,120.74,129.93,136.37,140.57,143.16,144.73,145.56,145.75,145.41,144.73,143.7,142.28,140.92,139.5,138.13,136.76,135.25,133.34,131,127.97,124.55,120.89,117.18,113.56,110.44,108.24,106.68,105.6,104.72,103.94,103.11,102.38,101.6,100.86,100.03,99.251,98.421,97.542,96.614,95.734,94.855,93.976,93.097,92.315,91.436,90.606,89.727,88.945,88.115,87.382,86.552,85.819,85.038,84.305,83.67,83.035,82.449,81.863,81.277,80.739,80.153,79.616,79.03,78.492,77.906,77.369,76.881,76.294,75.806,75.22,74.731,74.243,73.755,73.315,72.875,72.436,72.192,71.996,72.045,72.436,73.315,74.731,76.685,79.176,82.449,87.04,93.536,101.94,111.22,119.47,125.63,129.53,131.93,133.25,133.93,133.93,133.49,132.61,131.49,130.22,129,127.73,126.41,124.94,122.84,120.16,116.93,113.42,109.85,106.53,103.74,101.79,100.47,99.495,98.567,97.688,96.858,96.125,95.441,94.758,94.074,93.439,92.804,92.169,91.534,90.85,90.166,89.482,88.799,88.066,87.382,86.601,85.917,85.233,84.549,83.865,83.23,82.595,82.009,81.423,80.886,80.3,79.811,79.225,78.688,78.199,77.662,77.174,76.734,76.246,75.757,75.22,74.78,74.292,73.901,73.51,73.12,72.729,72.436,72.094,71.801,71.508,71.361,71.312,71.605,72.289,73.51,75.318,77.662,81.032,85.868,92.95,102.18,112.24,121.18,127.63,131.68,134.17,135.69,136.42,136.62,136.23,135.49,134.52,133.3,132.12,130.8,129.49,128.07,126.36,124.11,121.28,118.01,114.49,110.92,107.41,103.94,100.86,98.225,96.125,94.367,92.999,91.778,90.752,89.873,89.092,88.359,87.675,86.991,86.308,85.624,84.842,84.158,83.475,82.791,82.107,81.423,80.739,80.104,79.421,78.737,78.102,77.467,76.978,76.49,76.001,75.611,75.22,75.073,74.976,75.22,75.855,76.881,78.199,79.762,81.472,83.475,85.721,87.968,90.362,93.195,96.321,98.909,100.47,100.86,100.42,99.544,98.421,97.2,95.734,93.976,91.973,89.873,87.919,86.356,85.184,84.158,83.279,82.547,81.912,81.374,80.788,80.3,79.86,79.469,79.03,78.688,78.297,77.906,77.564,77.125,76.734,76.343,75.904,75.562,75.122,74.731,74.292,73.901,73.559,73.12,72.729,72.387,71.996,71.605,71.312,70.97,70.677,70.384,70.042,69.749,69.407,69.163,68.919,68.675,68.431,68.186,67.942,67.698,67.405,67.161,66.965,66.721,66.526,66.379,66.184,65.988,65.793,65.598,65.402,65.305,65.109,64.914,64.816,64.621,64.425,64.279,64.132,63.937,63.693,63.497,63.351,63.155,63.009,62.862,62.716,62.618,62.472,62.569,62.814,63.546,64.816,66.721,69.652,74.438,82.107,93.292,106.48,119.23,129.53,136.86,141.75,144.82,146.48,147.26,147.31,146.92,146.29,145.56,144.73,143.7,142.43,140.87,139.16,137.3,135.2,132.66,129.73,126.51,123.28,120.25,117.32,114.49,111.85,109.41,107.31,105.41,103.94,102.67,101.6,100.67,99.789,99.007,98.225,97.542,96.858,96.223,95.637,95.002,94.416,93.781,93.243,92.657,92.169,91.68,91.192,90.655,90.166,89.727,89.238,88.799,88.359,87.871,87.382,86.845,86.308,85.673,85.135,84.5,83.914,83.377,82.791,82.253,81.667,81.13,80.544,80.007,79.421,78.883,78.346,77.809,77.32,76.783,76.294,75.855,75.415,75.073,74.78,74.731,75.073,75.806,77.125,78.981,81.374,84.5,88.701,94.367,101.6,109.56,116.93,122.75,126.75,129.39,131.05,132.07,132.56,132.61,132.22,131.63,130.66,129.63,128.36,126.99,125.48,123.67,121.43,118.59,115.47,112.44,109.56,106.97,104.92,103.16,101.74,100.57,99.544,98.616,97.737,97.004,96.223,95.539,94.855,94.22,93.683,93.097,92.511,91.925,91.29,90.752,90.117,89.531,88.945,88.31,87.724,87.187,86.552,85.966,85.428,84.94,84.354,83.865,83.377,82.84,82.449,81.912,81.472,81.032,80.544,80.104,79.665,79.176,78.688,78.248,77.76,77.223,76.783,76.343,75.904,75.562,75.122,74.78,74.487,74.341,74.341,74.731,75.562,76.978,78.932,81.57,85.184,90.41,97.688,106.53,115.81,123.82,129.68,133.54,136.08,137.54,138.38,138.57,138.23,137.54,136.57,135.35,134.13,132.86,131.68,130.36,128.85,126.85,124.26,121.18,117.91,114.69,111.51,108.68,106.53,105.11,104.23,103.55,102.87,102.18,101.5,100.72,100.03,99.349,98.665,97.981,97.297,96.614,95.93,95.246,94.562,93.781,93.097,92.413,91.68,90.948,90.166,89.434,88.701,87.968,87.284,86.601,85.966,85.428,84.842,84.305,83.719,83.182,82.547,82.009,81.374,80.886,80.3,79.811,79.225,78.737,78.199,77.662,77.223,76.734,76.343,76.001,75.757,75.611,75.66,76.197,77.174,78.737,80.984,84.012,88.261,94.367,102.47,111.76,120.55,127.48,132.42,135.79,137.98,139.3,139.99,140.04,139.69,138.86,137.79,136.57,135.25,133.98,132.66,131.39,129.88,127.83,125.14,121.82,118.3,114.73,111.17,107.85,105.31,103.6,102.67,101.99,101.5,101.06,100.47,99.935,99.251,98.567,97.884,97.2,96.467,95.734,95.051,94.318,93.683,92.999,92.364,91.68,90.997,90.313,89.531,88.847,88.164,87.529,86.845,86.259,85.624,84.989,84.5,84.012,83.426,82.84,82.302,81.667,81.13,80.495,79.909,79.323,78.688,78.102,77.467,76.929,76.343,75.757,75.22,74.731,74.292,73.999,73.803,73.852,74.341,75.366,77.027,79.323,82.449,86.796,92.95,101.01,110.39,119.18,126.07,130.8,133.88,135.88,137.01,137.5,137.5,137.06,136.23,135.25,134.08,132.86,131.68,130.36,128.95,126.99,124.41,121.28,117.91,114.44,110.97,107.8,105.36,103.79,102.82,101.94,101.01,100.03,99.154,98.323,97.493,96.76,95.979,95.246,94.562,93.781,93.097,92.364,91.632,90.85,90.117,89.385,88.603,87.871,87.138,86.356,85.624,84.793,84.012,83.23,82.498,81.716,80.984,80.3,79.616,78.932,78.248,77.662,77.125,76.685,76.343,76.197,76.246,76.734,77.858,79.567,81.716,84.598,88.506,93.634,100.18,107.6,114.49,119.77,123.14,124.94,125.87,126.12,125.87,125.29,124.5,123.58,122.45,121.23,119.77,117.81,115.22,112.19,108.82,105.5,102.47,100.18,98.763,97.884,97.2,96.467,95.686,94.904,94.318,93.683,93.097,92.608,92.12,91.632,91.094,90.557,90.069,89.482,88.945,88.31,87.724,87.187,86.601,86.063,85.575,85.038,84.549,84.061,83.572,83.035,82.595,82.156,81.716,81.277,80.886,80.495,80.055,79.616,79.225,78.932,78.541,78.199,77.809,77.418,77.125,76.783,76.539,76.246,75.904,75.66,75.366,75.073,74.78,74.487,74.097,73.803,73.51,73.168,72.924,72.631,72.387,72.094,71.85,71.654,71.557,71.557,71.801,72.436,73.608,75.464,78.248,82.351,88.75,98.128,109.75,121.48,131.1,138.03,142.72,145.8,147.61,148.53,148.83,148.63,148.19,147.51,146.53,145.41,144.14,142.62,141.06,139.35,137.5,135.2,132.37,129.05,125.63,122.11,118.74,115.66,113.42,111.8,110.39,108.87,107.36,105.94,104.62,103.35,102.23,101.16,100.18,99.251,98.372,97.444,96.565,95.686,94.806,93.927,93.097,92.218,91.436,90.655,89.873,89.043,88.31,87.529,86.845,86.161,85.575,84.94,84.305,83.67,83.133,82.547,82.009,81.423,80.788,80.251,79.616,78.981,78.346,77.76,77.125,76.539,76.001,75.415,74.878,74.292,73.803,73.364,72.973,72.68,72.533,72.631,73.12,74.194,75.806,78.053,81.032,85.233,91.29,99.349,108.82,117.81,124.94,129.93,133.25,135.3,136.47,136.86,136.67,136.13,135.3,134.37,133.3,132.17,130.95,129.63,128.12,126.26,123.82,120.79,117.47,114,110.44,106.72,103.31,100.57,98.763,97.884,97.493,97.249,97.004,96.662,96.321,95.783,95.246,94.66,93.976,93.292,92.608,91.876,91.192,90.508,89.824,89.043,88.359,87.626,86.943,86.259,85.575,84.793,84.11,83.426,82.791,82.107,81.472,80.935,80.349,79.86,79.323,78.786,78.297,77.809,77.32,76.881,76.343,75.904,75.562,75.171,74.78,74.438,74.048,73.657,73.315,72.924,72.68,72.485,72.436,72.729,73.413,74.683,76.539,79.176,82.986,88.603,96.614,106.43,116.44,124.8,130.61,134.37,136.76,138.13,138.81,138.86,138.57,137.89,136.91,135.74,134.52,133.2,131.88,130.41,128.8,126.8,124.16,121.04,117.62,114.2,110.73,107.51,105.06,103.55,102.72,102.18,101.55,100.81,100.03,99.251,98.47,97.786,97.2,96.565,95.881,95.197,94.562,93.878,93.195,92.511,91.778,91.094,90.41,89.727,88.994,88.261,87.529,86.845,86.259,85.624,85.038,84.403,83.914,83.377,82.791,82.253,81.716,81.228,80.69,80.153,79.616,79.03,78.541,78.053,77.564,77.125,76.685,76.246,75.806,75.366,75.073,74.78,74.731,74.927,75.66,76.978,78.932,81.57,85.233,90.606,98.177,107.55,117.23,125.48,131.54,135.64,138.33,139.89,140.62,140.67,140.23,139.45,138.38,137.2,135.98,134.81,133.54,132.17,130.61,128.61,125.92,122.7,119.18,115.76,112.24,108.92,106.19,104.43,103.35,102.72,102.23,101.74,101.16,100.62,99.984,99.349,98.763,98.03,97.346,96.614,95.93,95.246,94.513,93.732,93.048,92.315,91.534,90.85,90.117,89.434,88.75,88.066,87.284,86.601,85.966,85.282,84.745,84.11,83.572,82.937,82.351,81.814,81.179,80.593,80.055,79.567,78.981,78.492,78.004,77.467,76.929,76.49,76.001,75.562,75.22,74.976,74.927,75.122,75.806,77.027,78.932,81.57,85.135,90.41,97.932,107.36,117.18,125.58,131.73,135.93,138.67,140.33,141.16,141.5,141.35,140.82,139.94,138.81,137.54,136.23,134.86,133.44,131.78,129.68,126.99,123.72,120.3,116.69,113.12,109.8,107.31,105.8,104.92,104.18,103.45,102.62,101.89,101.06,100.33,99.593,98.86,98.177,97.444,96.662,95.93,95.099,94.318,93.488,92.608,91.729,90.801,89.922,88.994,88.066,87.187,86.259,85.379,84.5,83.621,82.742,81.863,81.13,80.349,79.665,79.03,78.541,78.102,77.906,78.004,78.541,79.616,81.277,83.475,86.356,89.971,94.758,100.81,107.8,114.54,119.81,123.38,125.43,126.6,127.04,126.95,126.41,125.48,124.41,123.23,121.91,120.45,118.45,115.81,112.54,109.12,105.75,102.67,100.23,98.665,97.737,97.004,96.174,95.295,94.416,93.634,92.853,92.169,91.485,90.85,90.313,89.678,89.092,88.506,87.871,87.187,86.552,85.917,85.233,84.598,83.914,83.182,82.498,81.814,81.13,80.446,79.811,79.176,78.541,78.004,77.418,76.929,76.343,75.855,75.415,74.927,74.487,74.048,73.608,73.315,72.924,72.631,72.289,71.947,71.605,71.312,70.97,70.677,70.384,70.091,69.847,69.603,69.359,69.066,68.724,68.431,68.089,67.796,67.503,67.112,66.819,66.477,66.184,65.842,65.695,65.549,65.598,65.988,66.868,68.382,70.531,73.657,78.688,86.503,97.444,109.85,121.18,129.53,134.91,138.18,139.94,140.57,140.48,139.94,139.16,138.23,137.2,135.93,134.52,133,131.44,129.63,127.39,124.5,121.18,117.81,114.49,111.22,108.29,106.14,104.67,103.79,103.01,102.23,101.45,100.62,99.789,99.007,98.225,97.493,96.76,95.979,95.246,94.513,93.732,93.048,92.315,91.534,90.85,90.117,89.434,88.701,87.919,87.236,86.552,85.868,85.184,84.549,84.012,83.377,82.742,82.156,81.667,81.179,80.69,80.153,79.762,79.225,78.786,78.297,77.809,77.369,76.881,76.343,75.855,75.366,74.927,74.487,74.048,73.657,73.217,72.924,72.68,72.631,72.729,73.315,74.341,75.904,78.102,81.032,85.184,91.241,99.495,109.12,118.3,125.58,130.61,133.98,136.18,137.45,137.98,137.94,137.35,136.42,135.3,134.08,132.86,131.63,130.36,128.95,127.14,124.75,121.72,118.35,114.78,111.32,107.8,104.48,101.94,100.18,99.251,98.616,98.128,97.591,97.297,97.053,96.858,96.614,96.321,95.93,95.49,95.002,94.416,93.781,93.243,92.608,91.973,91.387,90.655,90.069,89.287,88.603,87.919,87.236,86.601,85.966,85.428,84.793,84.305,83.719,83.182,82.693,82.107,81.57,81.032,80.495,79.909,79.372,78.883,78.346,77.858,77.418,76.929,76.441,76.001,75.611,75.318,75.122,75.122,75.464,76.343,77.809,79.811,82.547,86.356,91.876,99.544,108.82,118.2,125.87,131.44,135.1,137.54,139.01,139.74,139.79,139.5,138.77,137.89,136.81,135.69,134.42,133.2,131.78,130.22,128.17,125.48,122.26,118.69,115.08,111.51,108.24,105.75,104.23,103.35,102.62,101.74,100.86,99.935,99.105,98.225,97.346,96.565,95.686,94.806,93.976,93.097,92.315,91.436,90.557,89.727,88.994,88.164,87.431,86.698,85.917,85.233,84.5,83.816,83.182,82.498,81.863,81.228,80.69,80.055,79.469,78.883,78.297,77.662,77.125,76.49,75.904,75.366,74.878,74.292,73.803,73.315,72.778,72.289,71.801,71.361,70.97,70.726,70.629,70.824,71.361,72.436,74.097,76.294,79.176,83.279,89.238,97.444,106.92,116.05,123.23,128.12,131.24,133.2,134.17,134.57,134.37,133.74,132.81,131.73,130.51,129.24,127.92,126.51,124.85,122.79,120.11,116.93,113.56,110.09,106.68,103.5,101.01,99.495,98.665,98.177,97.591,96.907,96.125,95.344,94.66,94.074,93.439,92.755,92.12,91.485,90.801,90.117,89.434,88.75,88.066,87.382,86.698,85.966,85.282,84.696,84.012,83.279,82.595,82.009,81.423,80.935,80.349,79.86,79.323,78.786,78.248,77.76,77.32,76.783,76.294,75.806,75.318,74.878,74.438,73.999,73.559,73.168,72.729,72.436,72.045,71.801,71.557,71.41,71.508,71.947,72.875,74.341,76.49,79.372,83.572,89.824,98.372,108.43,118.06,125.63,130.76,134.08,136.08,137.2,137.54,137.35,136.76,135.79,134.76,133.64,132.42,131.24,129.88,128.41,126.56,124.16,121.04,117.57,114.05,110.63,107.16,104.14,101.74,100.33,99.544,99.056,98.763,98.47,98.225,98.03,97.786,97.444,97.004,96.565,96.125,95.539,95.002,94.416,93.732,93.097,92.413,91.68,90.948,90.166,89.434,88.603,87.871,87.138,86.356,85.624,84.94,84.256,83.621,82.937,82.302,81.667,81.13,80.69,80.251,80.007,79.909,80.251,81.032,82.498,84.549,87.284,91.094,96.321,103.26,111.22,118.98,125.24,129.68,132.66,134.61,135.74,136.23,136.18,135.69,134.81,133.74,132.56,131.39,129.97,128.41,126.51,123.92,120.79,117.32,113.76,110.09,106.72,103.94,102.04,101.06,100.57,100.18,99.789,99.349,98.86,98.372,97.884,97.297,96.76,96.125,95.49,94.855,94.171,93.488,92.804,92.071,91.387,90.606,89.922,89.189,88.408,87.675,86.943,86.259,85.575,84.842,84.305,83.719,83.133,82.547,82.058,81.57,81.032,80.544,80.104,79.616,79.176,78.786,78.444,78.053,77.662,77.369,76.978,76.636,76.246,75.855,75.464,75.122,74.731,74.341,73.999,73.608,73.217,72.875,72.533,72.192,71.947,71.654,71.605,71.801,72.387,73.559,75.415,78.053,81.814,87.626,96.125,107.07,118.5,128.12,135.1,139.69,142.58,144.24,145.12,145.51,145.36,144.87,143.94,142.72,141.5,140.23,139.01,137.59,136.13,134.37,132.12,129.19,125.72,122.11,118.5,114.93,111.85,109.61,108.09,106.87,105.55,104.18,102.82,101.6,100.47,99.495,98.47,97.542,96.614,95.686,94.806,93.878,92.999,92.169,91.29,90.508,89.727,88.994,88.261,87.48,86.796,86.112,85.379,84.696,84.012,83.279,82.595,82.009,81.374,80.739,80.153,79.665,79.127,78.541,78.004,77.418,76.929,76.343,75.855,75.366,74.878,74.292,73.755,73.217,72.778,72.387,71.947,71.557,71.166,70.922,70.873,70.97,71.605,72.778,74.536,76.783,79.665,83.67,89.531,97.542,106.87,115.76,122.75,127.48,130.36,132.07,132.95,133.25,133.05,132.51,131.54,130.51,129.29,128.17,126.95,125.48,123.72,121.48,118.54,115.13,111.56,108.04,104.87,102.38,100.86,99.935,99.105,98.323,97.346,96.418,95.49,94.66,93.927,93.292,92.608,91.925,91.241,90.508,89.824,89.092,88.408,87.675,87.04,86.356,85.673,84.989,84.354,83.719,83.182,82.595,82.009,81.472,80.935,80.495,80.055,79.616,79.176,78.737,78.297,77.809,77.369,76.929,76.49,76.05,75.66,75.22,74.78,74.438,74.097,73.755,73.413,73.12,72.778,72.533,72.387,72.387,72.729,73.608,75.073,77.027,79.762,83.67,89.482,97.737,107.75,117.62,125.68,131.29,134.91,137.3,138.67,139.3,139.25,138.81,137.98,137.01,135.88,134.61,133.34,132.07,130.56,128.8,126.56,123.62,120.16,116.54,112.93,109.41,106.28,104.04,102.67,101.99,101.5,101.01,100.47,99.935,99.3,98.616,97.981,97.346,96.76,96.125,95.49,94.806,94.171,93.488,92.853,92.12,91.436,90.752,89.971,89.287,88.554,87.871,87.187,86.503,85.819,85.233,84.598,84.061,83.475,82.986,82.498,81.912,81.374,80.788,80.3,79.762,79.176,78.59,78.102,77.613,77.125,76.685,76.246,75.855,75.562,75.318,75.171,75.366,75.904,77.125,78.932,81.374,84.793,89.727,96.907,106.24,116.2,124.85,131.29,135.69,138.57,140.33,141.26,141.5,141.26,140.57,139.6,138.47,137.3,136.18,135.01,133.74,132.32,130.51,128.12,124.99,121.43,117.76,114.1,110.53,107.51,105.36,104.14,103.45,102.82,102.23,101.6,101.06,100.62,100.03,99.495,98.812,98.177,97.493,96.858,96.174,95.49,94.806,94.171,93.488,92.804,92.12,91.485,90.801,90.117,89.434,88.75,88.066,87.431,86.845,86.308,85.721,85.184,84.549,84.012,83.377,82.791,82.156,81.618,81.032,80.495,80.007,79.421,78.932,78.346,77.906,77.467,77.027,76.685,76.441,76.294,76.49,77.125,78.248,80.007,82.351,85.575,89.971,96.369,104.82,114.34,123.28,130.22,134.91,137.98,139.94,141.01,141.45,141.45,140.92,140.18,139.11,137.79,136.42,135.05,133.54,131.88,129.83,127.14,123.87,120.25,116.54,112.98,109.85,107.6,106.04,104.82,103.45,101.99,100.62,99.349,98.225,97.249,96.321,95.441,94.562,93.781,93.048,92.364,91.632,90.85,90.166,89.434,88.701,87.919,87.187,86.356,85.624,84.842,84.061,83.279,82.498,81.814,80.984,80.251,79.469,78.737,78.053,77.369,76.734,76.246,75.806,75.464,75.22,75.171,75.464,76.343,77.809,79.762,82.302,85.721,90.557,96.907,104.67,112.54,119.03,123.62,126.41,127.92,128.7,128.75,128.41,127.68,126.7,125.58,124.36,123.04,121.43,119.37,116.74,113.56,110.09,106.72,103.84,101.79,100.47,99.495,98.421,97.297,96.125,95.051,94.123,93.292,92.56,91.876,91.241,90.655,89.971,89.385,88.701,88.066,87.382,86.601,85.917,85.233,84.549,83.914,83.182,82.547,81.863,81.228,80.593,80.007,79.372,78.883,78.297,77.76,77.223,76.734,76.294,75.806,75.366,74.927,74.634,74.243,73.852,73.51,73.168,72.875,72.631,72.387,72.094,71.85,71.557,71.312,70.97,70.677,70.384,70.091,69.798,69.554,69.261,68.968,68.724,68.479,68.284,68.186,68.089,68.284,68.919,70.042,71.85,74.487,78.492,84.94,94.513,106.43,118.5,128.36,135.3,139.79,142.62,144.24,144.82,144.63,143.99,143.06,141.99,140.92,139.79,138.57,137.25,135.88,134.42,132.76,130.56,127.73,124.31,120.69,117.03,113.61,110.68,108.63,107.31,106.28,105.31,104.18,103.16,102.18,101.16,100.33,99.447,98.616,97.884,97.102,96.418,95.686,94.855,94.123,93.292,92.56,91.778,91.045,90.313,89.629,88.945,88.31,87.675,87.04,86.503,85.966,85.428,84.94,84.5,84.012,83.475,82.986,82.449,82.009,81.57,81.228,80.935,80.739,80.788,80.984,81.423,81.912,82.449,82.986,83.426,83.719,84.012,84.11,84.061,83.816,83.377,82.791,82.058,81.179,80.251,79.372,78.492,77.76,76.978,76.294,75.757,75.22,74.731,74.292,73.901,73.559,73.217,72.924,72.631,72.387,72.045,71.801,71.557,71.312,71.068,70.824,70.531,70.287,70.042,69.798,69.554,69.31,69.066,68.821,68.479,68.284,68.04,67.844,67.698,67.405,67.161,66.916,66.721,66.526,66.379,66.184,65.94,65.744,65.549,65.353,65.158,65.012,64.865,64.718,64.621,64.474,64.279,64.181,63.986,63.839,63.742,63.546,63.448,63.302,63.155,63.107,63.058,63.009,62.862,62.716,62.569,62.423,62.227,62.13,61.983,61.885,61.69,61.495,61.299,61.153,61.104,61.055,61.153,61.592,62.618,64.181,66.135,68.431,71.605,76.978,85.868,98.128,111.32,122.79,131,136.18,139.3,141.01,141.7,141.55,140.82,139.69,138.33,136.86,135.44,133.98,132.56,131,129.09,126.75,123.82,120.5,116.93,113.51,110.44,107.99,106.19,104.62,103.06,101.5,99.984,98.665,97.493,96.565,95.637,94.806,94.074,93.292,92.608,91.925,91.192,90.41,89.678,88.994,88.31,87.675,86.991,86.356,85.819,85.233,84.598,84.061,83.426,82.937,82.351,81.814,81.228,80.739,80.251,79.811,79.323,78.786,78.297,77.858,77.418,76.929,76.441,75.904,75.415,74.976,74.536,74.048,73.559,73.071,72.631,72.192,71.801,71.508,71.312,71.312,71.605,72.289,73.559,75.366,77.613,80.544,84.598,90.362,98.128,106.92,115.42,122.16,126.95,129.93,131.88,132.95,133.34,133.2,132.56,131.54,130.51,129.29,128.12,126.85,125.58,124.02,122.01,119.42,116.3,112.93,109.36,106.04,103.26,101.35,100.13,99.056,97.884,96.565,95.246,94.074,92.999,92.071,91.192,90.362,89.678,88.945,88.261,87.529,86.845,86.161,85.575,84.842,84.158,83.475,82.791,82.107,81.374,80.593,79.909,79.323,78.688,78.053,77.467,76.929,76.441,75.855,75.318,74.731,74.243,73.755,73.217,72.68,72.192,71.654,71.166,70.677,70.189,69.652,69.261,68.821,68.431,68.04,67.747,67.6,67.698,68.089,69.114,70.629,72.729,75.562,79.421,85.184,93.097,102.47,111.61,118.94,124.06,127.24,129.19,130.32,130.95,131.05,130.66,129.97,129.09,128.12,127.04,125.97,124.85,123.62,122.01,119.81,117.03,113.81,110.44,106.92,103.5,100.18,97.2,94.611,92.413,90.655,89.189,87.919,86.991,86.161,85.575,84.94,84.403,83.914,83.475,82.986,82.498,81.912,81.423,80.935,80.349,79.811,79.225,78.59,78.053,77.467,76.929,76.343,75.757,75.171,74.634,74.048,73.51,72.924,72.387,71.85,71.361,70.922,70.482,70.189,69.994,69.994,70.384,71.215,72.729,74.78,77.809,82.498,89.531,98.567,107.99,116.3,122.75,127.29,130.32,132.22,133.34,133.88,133.88,133.3,132.37,131.24,130.07,128.85,127.73,126.51,125.04,123.14,120.55,117.47,114.25,111.22,108.68,106.63,104.87,103.45,102.38,101.35,100.37,99.3,98.225,97.2,96.223,95.344,94.611,93.878,93.195,92.511,91.778,91.094,90.41,89.727,89.092,88.408,87.724,87.04,86.308,85.624,84.94,84.305,83.67,83.035,82.498,81.863,81.374,80.788,80.251,79.762,79.225,78.786,78.346,78.004,77.662,77.32,76.978,76.636,76.294,75.904,75.562,75.122,74.683,74.243,73.852,73.413,73.071,72.68,72.387,71.996,71.605,71.312,71.117,71.068,71.117,71.557,72.533,74.194,76.49,79.909,85.233,93.195,103.31,113.9,123.43,130.76,135.79,139.16,141.45,142.72,143.26,143.16,142.72,141.99,141.06,139.99,138.77,137.45,136.23,135.01,133.54,131.73,129.29,126.26,122.75,119.13,115.57,112.24,109.56,107.7,106.19,104.82,103.35,101.99,100.72,99.691,98.665,97.737,96.907,96.125,95.344,94.562,93.732,92.95,92.218,91.485,90.801,90.069,89.385,88.701,88.066,87.431,86.747,85.966,85.282,84.598,84.012,83.377,82.693,82.058,81.423,80.886,80.153,79.469,78.786,78.102,77.467,76.783,76.246,75.611,75.073,74.487,73.901,73.364,72.778,72.289,71.947,71.557,71.215,71.117,71.215,71.752,72.875,74.438,76.636,79.469,83.719,89.922,98.128,107.07,115.32,122.01,126.75,129.88,131.78,132.95,133.49,133.64,133.44,132.81,131.93,130.95,129.73,128.56,127.24,125.72,123.82,121.38,118.35,114.98,111.61,108.63,106.14,104.23,102.72,101.3,99.691,98.03,96.614,95.344,94.318,93.292,92.413,91.632,90.948,90.215,89.531,88.847,88.115,87.48,86.796,86.112,85.428,84.745,84.11,83.426,82.84,82.253,81.57,80.935,80.251,79.665,79.127,78.59,78.102,77.613,77.125,76.636,76.099,75.611,75.122,74.634,74.097,73.657,73.168,72.729,72.289,71.85,71.508,71.068,70.677,70.384,70.091,69.994,69.994,70.384,71.166,72.533,74.487,77.125,80.935,86.845,95.197,105.01,114.54,122.35,127.97,131.63,133.93,135.25,135.88,136.08,135.88,135.3,134.52,133.34,132.12,130.8,129.44,127.97,126.26,124.02,121.18,117.91,114.49,111.32,108.48,106.38,104.92,103.74,102.57,101.35,100.23,99.105,98.128,97.2,96.369,95.637,94.855,94.171,93.536,92.853,92.169,91.534,90.85,90.166,89.482,88.799,88.115,87.431,86.747,86.112,85.477,84.842,84.256,83.67,83.133,82.547,82.009,81.423,80.935,80.446,79.909,79.372,78.786,78.248,77.76,77.223,76.734,76.294,75.806,75.366,74.927,74.487,74.194,73.999,73.852,73.999,74.487,75.464,77.027,79.225,82.253,86.796,93.536,102.28,111.85,120.55,127.48,132.37,135.64,137.74,139.06,139.69,139.69,139.25,138.47,137.5,136.37,135.25,133.98,132.76,131.29,129.49,127.24,124.26,120.79,117.18,113.51,109.95,106.82,104.58,103.11,102.23,101.55,100.91,100.18,99.495,98.763,98.03,97.346,96.76,96.076,95.344,94.66,93.976,93.292,92.56,91.876,91.192,90.508,89.824,89.092,88.359,87.675,86.991,86.356,85.721,85.184,84.598,84.061,83.475,82.937,82.351,81.814,81.228,80.69,80.104,79.616,79.03,78.541,78.004,77.418,76.929,76.49,76.001,75.611,75.171,74.927,74.78,74.927,75.366,76.294,77.858,80.055,83.133,87.626,94.171,102.82,112.44,121.38,128.41,133.34,136.76,138.91,140.18,140.72,140.72,140.33,139.55,138.47,137.3,135.98,134.66,133.3,131.73,129.88,127.39,124.31,120.74,117.03,113.37,109.95,107.12,105.26,104.14,103.31,102.57,101.69,100.72,99.886,99.056,98.225,97.444,96.76,96.076,95.344,94.66,93.927,93.195,92.511,91.729,91.045,90.313,89.482,88.75,87.919,87.04,86.161,85.282,84.403,83.621,82.742,81.912,81.13,80.349,79.616,78.932,78.297,77.76,77.223,76.929,76.783,77.027,77.809,79.127,80.984,83.377,86.503,90.801,96.614,103.7,110.88,117.18,121.87,125.04,126.99,127.97,128.36,128.17,127.53,126.6,125.63,124.5,123.14,121.57,119.47,116.93,113.66,110.09,106.48,103.31,100.91,99.447,98.421,97.493,96.418,95.295,94.318,93.439,92.608,91.925,91.241,90.606,90.069,89.434,88.799,88.164,87.48,86.796,86.112,85.428,84.745,84.061,83.377,82.742,82.058,81.423,80.739,80.055,79.372,78.786,78.248,77.76,77.223,76.734,76.294,75.806,75.318,74.878,74.341,73.901,73.51,73.071,72.68,72.289,71.996,71.654,71.41,71.117,70.873,70.531,70.238,69.945,69.652,69.359,69.066,68.821,68.479,68.089,67.796,67.405,67.063,66.672,66.379,66.037,65.94,65.988,66.281,67.161,68.626,70.677,73.559,78.102,85.233,95.344,106.97,117.81,126.26,131.93,135.44,137.54,138.67,139.11,138.86,138.03,137.01,135.74,134.57,133.3,132.07,130.66,129,126.85,124.11,120.94,117.57,114.25,111.12,108.43,106.43,105.06,103.94,102.82,101.6,100.47,99.447,98.47,97.542,96.662,95.881,95.099,94.318,93.536,92.755,91.973,91.241,90.508,89.824,89.092,88.408,87.675,86.991,86.308,85.624,84.989,84.403,83.816,83.23,82.595,82.107,81.618,81.179,80.739,80.3,79.86,79.372,78.932,78.492,78.004,77.467,76.978,76.49,76.05,75.611,75.122,74.683,74.292,73.852,73.51,73.12,72.778,72.631,72.533,72.778,73.413,74.536,76.294,78.59,81.716,86.405,93.097,101.74,111.12,119.57,126.12,130.66,133.64,135.49,136.62,137.11,137.06,136.47,135.49,134.22,133,131.78,130.66,129.44,127.92,125.92,123.18,119.86,116.2,112.49,108.92,105.6,103.01,101.3,100.37,99.886,99.447,99.056,98.567,97.981,97.346,96.76,96.125,95.441,94.758,94.074,93.439,92.755,92.071,91.387,90.655,89.971,89.385,88.701,87.968,87.284,86.601,85.966,85.428,84.793,84.256,83.67,83.182,82.595,82.058,81.57,80.984,80.446,79.86,79.372,78.786,78.297,77.809,77.32,76.783,76.294,75.855,75.415,75.073,74.683,74.438,74.292,74.341,74.731,75.66,77.125,79.127,81.912,86.063,92.071,100.18,109.56,118.54,125.87,131.05,134.52,136.81,138.33,139.11,139.45,139.16,138.47,137.5,136.23,134.91,133.64,132.37,131,129.29,127.14,124.16,120.74,117.03,113.42,109.95,106.97,105.01,103.74,102.87,101.99,101.06,100.03,99.105,98.323,97.493,96.662,95.881,95.099,94.367,93.536,92.755,91.973,91.192,90.41,89.678,88.847,88.066,87.236,86.503,85.624,84.793,84.061,83.23,82.498,81.716,81.032,80.446,79.811,79.176,78.59,78.004,77.418,76.881,76.294,75.757,75.171,74.683,74.097,73.608,73.12,72.533,72.045,71.605,71.166,70.824,70.482,70.238,70.189,70.384,71.068,72.387,74.243,76.636,79.86,84.598,91.534,100.23,109.51,117.67,123.82,127.92,130.36,131.68,132.32,132.37,132.07,131.39,130.36,129.24,127.97,126.8,125.63,124.26,122.45,120.06,117.13,113.76,110.24,106.82,103.79,101.55,100.18,99.251,98.323,97.249,96.125,95.099,94.171,93.292,92.56,91.876,91.192,90.557,89.873,89.238,88.554,87.871,87.187,86.503,85.819,85.184,84.5,83.865,83.23,82.595,82.009,81.423,80.886,80.3,79.762,79.225,78.786,78.297,77.76,77.174,76.685,76.197,75.66,75.122,74.634,74.097,73.657,73.168,72.729,72.289,71.947,71.508,71.068,70.677,70.287,69.994,69.798,69.798,70.091,70.824,72.045,73.803,76.197,79.762,85.282,93.243,102.91,112.54,120.6,126.41,130.12,132.32,133.49,133.98,134.08,133.69,133,132.12,131.05,129.93,128.75,127.43,125.97,124.16,121.82,118.69,115.17,111.61,108.09,104.87,102.18,100.42,99.495,99.007,98.665,98.323,97.932,97.346,96.809,96.223,95.637,95.002,94.416,93.878,93.292,92.755,92.169,91.534,90.85,90.069,89.385,88.701,88.066,87.284,86.552,85.819,85.184,84.549,84.061,83.572,82.986,82.498,82.009,81.423,80.935,80.446,80.007,79.567,79.176,78.737,78.297,77.809,77.369,76.881,76.441,76.001,75.562,75.171,74.927,74.683,74.683,74.976,75.806,77.125,79.03,81.472,84.745,89.482,96.174,104.67,113.66,121.87,128.17,132.51,135.3,137.06,138.18,138.67,138.57,137.98,137.2,136.32,135.35,134.32,133.2,131.93,130.36,128.31,125.68,122.55,119.33,116.05,112.88,109.75,106.92,104.72,103.31,102.57,102.23,102.04,101.74,101.35,100.91,100.42,99.886,99.251,98.567,97.786,97.2,96.565,95.979,95.344,94.66,93.976,93.292,92.657,91.973,91.29,90.606,89.873,89.092,88.359,87.675,86.943,86.161,85.428,84.745,84.012,83.279,82.693,82.009,81.423,80.935,80.544,80.349,80.495,81.13,82.351,84.158,86.503,89.385,92.999,97.542,103.45,110.29,117.18,123.18,127.68,130.8,132.76,133.74,133.98,133.74,133.2,132.32,131.24,129.97,128.61,127.04,125.14,122.55,119.37,115.91,112.49,109.12,106.04,103.79,102.43,101.69,101.01,100.33,99.495,98.763,97.981,97.297,96.565,95.881,95.246,94.562,93.878,93.195,92.511,91.729,90.948,90.117,89.238,88.359,87.431,86.552,85.721,84.94,84.158,83.475,82.791,82.156,81.57,81.032,80.495,80.007,79.469,78.981,78.492,77.906,77.418,76.881,76.294,75.806,75.318,74.878,74.438,74.048,73.657,73.364,73.071,72.68,72.289,71.947,71.508,71.068,70.629,70.238,69.798,69.407,69.066,68.724,68.479,68.235,68.186,68.284,68.87,69.945,71.605,73.901,77.32,82.449,90.215,100.37,111.22,120.89,128.07,132.86,135.69,137.3,138.18,138.38,137.98,137.2,136.13,134.81,133.54,132.32,131,129.53,127.83,125.58,122.75,119.67,116.64,113.51,110.44,107.6,105.5,103.99,102.67,101.45,100.13,98.763,97.493,96.321,95.295,94.367,93.536,92.657,91.925,91.094,90.362,89.629,88.847,88.115,87.431,86.698,85.966,85.282,84.598,84.012,83.279,82.595,81.912,81.277,80.69,80.055,79.469,78.932,78.444,77.906,77.418,76.929,76.441,75.904,75.415,74.927,74.487,73.999,73.51,72.973,72.533,72.094,71.752,71.361,70.97,70.677,70.384,70.042,69.798,69.652,69.798,70.287,71.312,72.973,75.318,78.492,82.937,89.238,97.493,106.72,115.57,122.55,127.48,130.56,132.22,133.1,133.34,133.25,132.66,131.88,130.8,129.68,128.51,127.19,125.72,124.06,121.67,118.59,115.22,111.85,108.63,105.75,103.45,101.99,101.06,100.33,99.544,98.665,97.884,97.053,96.223,95.49,94.758,94.074,93.341,92.755,92.12,91.436,90.801,90.166,89.482,88.847,88.164,87.529,86.845,86.259,85.575,84.94,84.354,83.816,83.23,82.742,82.253,81.667,81.179,80.69,80.104,79.616,79.03,78.541,78.053,77.467,76.978,76.539,76.05,75.611,75.22,74.78,74.341,73.999,73.608,73.315,73.168,73.168,73.657,74.731,76.441,78.883,82.058,86.552,92.853,101.25,110.63,119.33,126.16,131,134.13,135.98,137.11,137.69,137.74,137.45,136.67,135.69,134.61,133.44,132.32,131.05,129.53,127.63,125.04,121.91,118.54,115.22,112.05,109.26,107.12,105.6,104.43,103.31,102.13,101.01,99.886,98.86,97.884,96.907,96.076,95.246,94.416,93.683,92.95,92.169,91.485,90.801,90.069,89.385,88.701,87.968,87.284,86.601,85.966,85.379,84.745,84.11,83.475,82.937,82.351,81.814,81.228,80.69,80.104,79.616,79.03,78.492,78.004,77.418,76.929,76.441,75.904,75.415,74.976,74.487,74.048,73.657,73.315,72.973,72.875,72.973,73.559,74.634,76.49,79.03,82.547,87.48,94.318,102.72,111.66,119.86,126.31,130.95,133.93,135.79,136.86,137.3,137.25,136.67,135.79,134.66,133.44,132.12,130.66,129.09,127.19,124.75,121.82,118.59,115.37,112.05,109.07,106.63,104.82,103.26,101.6,99.984,98.421,97.053,95.783,94.611,93.536,92.56,91.68,90.85,89.971,89.189,88.359,87.529,86.845,86.161,85.428,84.745,84.061,83.377,82.595,81.912,81.228,80.544,79.86,79.176,78.541,78.004,77.418,76.929,76.343,75.806,75.318,74.731,74.194,73.608,73.071,72.436,71.85,71.312,70.824,70.287,69.798,69.31,68.87,68.479,68.04,67.698,67.356,67.112,67.063,67.307,68.04,69.505,71.654,74.683,78.932,84.94,92.853,101.89,110.73,118.25,123.72,127.39,129.44,130.56,131.1,131.24,130.95,130.32,129.39,128.26,126.95,125.58,124.02,122.16,119.81,116.98,113.9,110.83,107.7,104.72,102.43,100.86,99.74,98.763,97.688,96.614,95.637,94.758,93.927,93.243,92.608,91.973,91.387,90.752,90.117,89.434,88.75,88.066,87.431,86.747,86.112,85.428,84.793,84.158,83.572,82.986,82.449,81.863,81.277,80.739,80.153,79.665,79.176,78.688,78.102,77.662,77.32,77.125,77.125,77.467,78.444,80.055,82.302,85.379,89.531,95.197,101.89,108.82,115.17,120.35,124.06,126.41,127.68,128.26,128.17,127.73,126.95,125.87,124.7,123.28,121.67,119.62,116.93,113.86,110.68,107.51,104.48,101.6,99.007,96.76,94.758,93.048,91.534,90.215,89.092,88.066,87.187,86.356,85.624,84.842,84.256,83.572,82.986,82.351,81.716,81.179,80.544,79.86,79.225,78.541,77.906,77.369,76.881,76.294,75.757,75.171,74.683,74.194,73.608,73.12,72.68,72.192,71.752,71.361,70.922,70.482,70.091,69.798,69.505,69.163,68.87,68.479,68.089,67.796,67.551,67.307,67.063,66.819,66.526,66.281,66.037,65.744,65.5,65.158,64.865,64.572,64.23,63.937,63.595,63.351,63.107,62.911,62.814,62.814,63.107,63.839,65.353,67.698,71.508,77.809,87.431,99.495,112.1,123.18,131.54,137.3,141.11,143.55,145.07,145.6,145.51,144.87,143.94,142.72,141.35,139.99,138.47,137.01,135.3,133.34,131.05,128.26,125.24,122.31,119.47,116.69,113.86,111.22,108.92,107.07,105.7,104.58,103.5,102.47,101.45,100.42,99.495,98.616,97.737,96.858,95.979,95.099,94.22,93.341,92.56,91.778,91.045,90.313,89.531,88.799,88.066,87.284,86.552,85.819,85.038,84.305,83.572,82.791,82.107,81.374,80.69,80.055,79.469,78.883,78.248,77.613,76.978,76.343,75.757,75.171,74.634,74.048,73.51,72.973,72.436,71.996,71.557,71.166,70.824,70.482,70.238,70.238,70.531,71.508,72.973,75.171,78.199,82.449,88.408,96.321,105.11,113.32,119.91,124.7,127.87,129.97,131.29,131.88,131.93,131.49,130.66,129.53,128.26,126.85,125.48,124.06,122.45,120.3,117.76,114.88,112.05,109.36,107.07,105.06,103.45,101.89,100.33,98.763,97.249,95.881,94.66,93.683,92.755,91.925,91.094,90.41,89.678,88.994,88.31,87.626,86.943,86.259,85.575,84.842,84.158,83.475,82.791,82.156,81.57,80.935,80.349,79.811,79.323,78.737,78.248,77.662,77.174,76.685,76.197,75.66,75.22,74.731,74.292,73.803,73.364,72.875,72.436,72.045,71.654,71.215,70.873,70.482,70.189,69.847,69.603,69.505,69.407,69.749,70.482,71.85,73.999,76.929,81.228,87.48,95.979,105.6,114.73,122.11,127.43,130.85,133,134.17,134.66,134.66,134.22,133.44,132.32,131.1,129.83,128.56,127.24,125.82,124.06,121.72,118.94,116,113.17,110.73,108.68,107.12,105.94,104.72,103.55,102.28,101.11,99.984,98.909,97.932,97.053,96.223,95.49,94.66,93.927,93.097,92.315,91.485,90.752,89.922,89.092,88.359,87.529,86.747,85.966,85.233,84.549,83.914,83.23,82.595,82.009,81.472,80.984,80.69,80.495,80.544,80.935,81.814,83.133,84.94,86.991,89.238,91.778,94.611,97.591,100.81,103.6,105.7,106.82,107.12,106.92,106.28,105.36,104.23,102.82,100.91,98.421,95.49,92.755,90.362,88.506,87.138,86.308,85.917,85.868,85.819,85.819,85.819,85.819,85.819,85.819,85.819,85.819,85.721,85.673,85.624,85.477,85.282,84.989,84.598,84.158,83.67,83.182,82.693,82.107,81.618,81.032,80.544,80.055,79.567,78.981,78.492,78.053,77.564,77.125,76.685,76.246,75.806,75.415,75.073,74.731,74.438,74.097,73.803,73.51,73.217,72.924,72.68,72.387,71.996,71.752,71.41,71.215,70.97,70.824,70.629,70.433,70.238,70.042,69.798,69.603,69.31,69.066,68.821,68.479,68.235,67.991,67.698,67.405,67.161,66.916,66.721,66.623,66.672,67.063,68.089,69.945,72.729,76.978,83.572,92.657,103.55,114.49,124.11,131.68,137.11,140.67,142.87,144.14,144.73,144.82,144.48,143.94,143.06,141.94,140.62,139.11,137.59,135.98,134.17,132.07,129.49,126.7,123.87,121.18,118.59,116.25,114.1,111.95,109.66,107.51,105.5,103.74,102.18,100.86,99.691,98.616,97.591,96.662,95.686,94.758,93.878,92.95,91.973,91.094,90.313,89.482,88.701,87.968,87.236,86.552,85.868,85.184,84.549,83.914,83.23,82.595,81.912,81.374,80.788,80.251,79.665,79.176,78.688,78.102,77.564,77.027,76.49,75.904,75.464,74.976,74.487,73.999,73.51,72.973,72.533,72.094,71.654,71.312,70.922,70.629,70.433,70.433,70.824,71.605,73.071,74.927,77.467,80.984,86.259,93.439,101.89,110.19,117.23,122.55,126.26,128.61,129.93,130.56,130.66,130.36,129.63,128.56,127.39,126.12,124.85,123.58,122.11,120.25,118.01,115.32,112.49,109.75,107.26,105.16,103.55,102.18,100.81,99.349,97.981,96.662,95.49,94.513,93.634,92.804,91.973,91.241,90.557,89.922,89.238,88.554,87.871,87.187,86.503,85.819,85.184,84.549,84.012,83.377,82.742,82.156,81.618,81.032,80.544,80.055,79.567,79.03,78.541,78.053,77.613,77.174,76.734,76.294,75.904,75.464,75.073,74.634,74.194,73.755,73.315,72.924,72.533,72.192,71.801,71.508,71.215,71.117,71.312,71.947,73.168,75.073,77.76,81.618,87.236,95.051,104.28,113.42,121.13,127.04,131.2,133.78,135.35,136.18,136.42,136.18,135.49,134.61,133.49,132.37,131.2,129.97,128.7,127.14,125.19,122.84,120.11,117.32,114.44,111.41,108.53,106.24,104.67,103.79,103.11,102.38,101.55,100.62,99.74,98.86,98.03,97.297,96.565,95.783,95.051,94.318,93.536,92.755,91.973,91.241,90.508,89.678,88.945,88.164,87.431,86.698,85.966,85.282,84.696,84.061,83.475,82.986,82.595,82.449,82.498,82.937,83.816,85.135,86.796,88.799,91.094,93.878,97.2,100.86,104.48,107.51,109.56,110.63,110.88,110.53,109.85,108.87,107.7,106.24,104.38,101.89,99.056,96.369,93.878,91.68,89.678,87.919,86.503,85.184,84.11,83.23,82.547,82.009,81.423,80.935,80.446,80.007,79.469,78.981,78.541,78.053,77.613,77.125,76.636,76.197,75.66,75.22,74.78,74.341,73.999,73.51,73.071,72.631,72.192,71.801,71.41,70.97,70.629,70.238,69.847,69.505,69.114,68.821,68.479,68.235,67.942,67.698,67.405,67.161,66.916,66.721,66.477,66.233,66.037,65.793,65.695,65.5,65.305,65.06,64.914,64.718,64.572,64.377,64.181,63.986,63.79,63.595,63.448,63.253,63.009,62.814,62.618,62.374,62.179,61.983,61.885,61.739,61.788,62.032,62.716,64.035,66.135,69.31,74.78,83.621,95.441,108.29,120.01,129.24,135.98,140.48,143.31,145.07,145.95,146.19,145.85,145.26,144.48,143.6,142.62,141.55,140.23,138.81,137.2,135.2,132.81,130.12,127.24,124.41,121.62,118.74,115.86,113.37,111.22,109.41,107.7,105.99,104.38,102.87,101.6,100.47,99.447,98.421,97.444,96.467,95.49,94.562,93.634,92.755,91.876,91.045,90.313,89.531,88.799,88.115,87.431,86.747,86.063,85.379,84.696,84.061,83.426,82.791,82.253,81.667,81.13,80.544,80.055,79.567,79.03,78.492,78.004,77.418,76.929,76.49,76.001,75.464,74.976,74.487,73.999,73.559,73.12,72.68,72.289,71.947,71.752,71.605,71.801,72.436,73.559,75.318,77.662,80.886,85.477,92.071,100.13,108.53,116.05,121.87,126.07,128.8,130.41,131.24,131.54,131.29,130.76,129.93,128.85,127.68,126.41,125.19,123.87,122.35,120.45,118.06,115.22,112.39,109.8,107.7,105.94,104.48,103.11,101.6,100.03,98.616,97.297,96.125,95.051,94.171,93.341,92.608,91.925,91.29,90.655,90.069,89.434,88.75,88.115,87.431,86.796,86.161,85.575,84.94,84.305,83.67,83.035,82.498,81.863,81.277,80.739,80.251,79.762,79.225,78.737,78.297,77.858,77.418,76.978,76.539,76.099,75.66,75.318,74.878,74.487,74.097,73.755,73.413,73.12,72.778,72.533,72.387,72.436,72.68,73.51,74.78,76.734,79.421,83.377,89.238,97.297,106.68,115.76,123.28,128.85,132.51,134.61,135.88,136.47,136.62,136.32,135.64,134.57,133.34,132.12,130.85,129.63,128.31,126.75,124.75,122.16,119.33,116.44,113.76,111.41,109.51,107.95,106.43,104.92,103.35,101.99,100.72,99.593,98.616,97.688,96.907,96.174,95.441,94.758,94.074,93.341,92.755,92.071,91.387,90.655,89.971,89.238,88.554,87.822,87.187,86.503,85.868,85.282,84.745,84.256,83.67,83.182,82.693,82.156,81.618,81.13,80.544,80.007,79.469,78.932,78.346,77.858,77.369,76.881,76.343,75.904,75.464,75.122,74.731,74.487,74.438,74.634,75.22,76.49,78.297,80.935,84.598,90.069,97.688,106.72,115.86,123.72,129.73,133.78,136.42,138.03,139.06,139.45,139.35,138.81,137.98,137.01,135.88,134.66,133.54,132.32,130.95,129.19,126.85,124.11,121.04,118.01,115.17,112.78,110.83,109.07,107.26,105.36,103.7,102.18,100.86,99.886,98.909,98.128,97.297,96.565,95.783,95.099,94.367,93.634,92.853,92.12,91.436,90.752,89.971,89.385,88.701,88.066,87.431,86.796,86.112,85.477,84.842,84.305,83.816,83.23,82.693,82.156,81.618,81.032,80.544,80.007,79.421,78.932,78.346,77.858,77.32,76.783,76.294,75.855,75.366,74.976,74.634,74.292,74.194,74.341,74.878,75.904,77.662,80.153,83.67,88.799,96.076,105.01,114.34,122.6,129,133.34,136.18,137.79,138.77,139.16,139.06,138.62,137.74,136.67,135.49,134.22,133,131.73,130.17,128.31,125.97,123.18,120.16,117.23,114.34,111.85,109.95,108.09,106.28,104.38,102.47
1.501,1.4707,1.4208,1.3807,1.3407,1.3006,1.2708,1.2405,1.2204,1.2053,1.1955,1.1804,1.1706,1.1657,1.1505,1.1354,1.1305,0.71505,0.71994,0.71994,0.71505,0.71505,0.71505,0.71994,0.73021,0.75513,0.7654,0.8304,1.0503,1.2605,1.2708,1.0152,0.92033,0.91007,0.88025,0.81525,0.76002,0.73998,0.73021,0.71994,0.71994,0.73021,0.73509,0.72532,0.73021,0.73998,0.73998,0.74536,0.75513,0.77028,0.79032,0.79521,0.79521,0.81036,0.82502,0.82502,0.82014,0.82014,0.81525,0.80499,0.79521,0.78543,0.78006,0.7654,0.7654,0.79032,0.80499,0.8001,0.8001,0.79521,0.78006,0.77028,0.7654,0.7654,0.76002,0.75513,0.75513,0.76002,0.76002,0.77028,0.78006,0.78006,0.7654,0.76002,0.75513,0.74536,0.74536,0.75024,0.75513,0.73509,0.73021,0.73021,0.73509,0.73998,0.74536,0.76002,0.76002,0.81036,1.0152,1.2253,1.2405,1.0152,0.93548,0.93011,0.90029,0.82014,0.76002,0.72532,0.71505,0.71994,0.73021,0.73021,0.71994,0.71505,0.71505,0.73021,0.73509,0.73998,0.75513,0.7654,0.77517,0.78006,0.78543,0.78543,0.79032,0.78543,0.77517,0.77517,0.77517,0.77028,0.77028,0.77517,0.7654,0.7654,0.76002,0.75513,0.75024,0.75513,0.76002,0.76002,0.7654,0.7654,0.77028,0.77517,0.78006,0.78006,0.78006,0.77517,0.77028,0.7654,0.76002,0.76002,0.7654,0.7654,0.76002,0.75513,0.75024,0.74536,0.74536,0.75024,0.74536,0.74536,0.74536,0.75513,0.75513,0.75513,0.7654,0.77517,0.78006,0.78543,0.79032,0.79521,0.78543,0.77517,0.75513,0.73998,0.73509,0.74536,0.75513,0.75024,0.73998,0.73998,0.74536,0.75513,0.75513,0.75513,0.75513,0.75513,0.74536,0.73998,0.73998,0.73509,0.73509,0.73509,0.73998,0.76002,0.78006,0.8001,0.89052,1.1105,1.2405,1.1305,0.9653,0.90518,0.90518,0.85533,0.79032,0.7654,0.7654,0.75024,0.73998,0.74536,0.75513,0.75513,0.73998,0.73021,0.73509,0.75024,0.76002,0.76002,0.76002,0.7654,0.78006,0.8001,0.81036,0.8001,0.79521,0.8001,0.80499,0.79521,0.78543,0.78006,0.77517,0.7654,0.77028,0.78006,0.78543,0.7654,0.75024,0.73998,0.73998,0.73998,0.73998,0.74536,0.74536,0.74536,0.75024,0.75513,0.76002,0.7654,0.76002,0.7654,0.79032,0.8001,0.78543,0.78543,0.8001,0.80499,0.8001,0.78543,0.77517,0.7654,0.74536,0.72532,0.71017,0.71017,0.71505,0.71994,0.69501,0.69013,0.69013,0.69501,0.69501,0.69013,0.68524,0.68524,0.68035,0.68035,0.68524,0.68524,0.68035,0.68524,0.69501,0.69501,0.69013,0.69013,0.69013,0.78006,1.0455,1.2757,1.2805,1.0005,0.87537,0.85533,0.82502,0.75513,0.70528,0.68035,0.67009,0.6652,0.6652,0.67498,0.68524,0.69501,0.70039,0.71017,0.71017,0.71505,0.72532,0.73998,0.75513,0.7654,0.77517,0.78006,0.78543,0.79521,0.79032,0.78543,0.77517,0.7654,0.76002,0.75513,0.75024,0.75024,0.75024,0.73998,0.73509,0.73509,0.73021,0.73021,0.72532,0.71994,0.71994,0.71994,0.73021,0.73509,0.73998,0.75024,0.77028,0.78006,0.79032,0.8001,0.81036,0.81525,0.80499,0.79521,0.78543,0.77517,0.75513,0.73509,0.73509,0.73509,0.73998,0.71994,0.71017,0.70039,0.70039,0.70039,0.70039,0.70039,0.70039,0.70039,0.71017,0.71017,0.71505,0.71994,0.72532,0.73021,0.73021,0.73021,0.73998,0.75513,0.79521,0.9653,1.2253,1.2957,1.1153,0.95015,0.91544,0.90518,0.84506,0.78006,0.74536,0.73021,0.72532,0.71994,0.71994,0.71994,0.72532,0.73509,0.73998,0.74536,0.75024,0.75513,0.76002,0.7654,0.77517,0.79521,0.80499,0.80499,0.81525,0.82014,0.81036,0.80499,0.8001,0.79521,0.79032,0.78543,0.78006,0.78006,0.7654,0.75513,0.75513,0.75024,0.74536,0.73998,0.73998,0.74536,0.74536,0.76002,0.77028,0.77517,0.77028,0.78006,0.78543,0.78543,0.79521,0.80499,0.82014,0.82014,0.81036,0.79521,0.78006,0.76002,0.74536,0.73998,0.73998,0.73998,0.73021,0.71994,0.71017,0.70528,0.71017,0.71505,0.71505,0.71017,0.71017,0.71017,0.71017,0.71505,0.71994,0.71505,0.71994,0.73021,0.73998,0.73998,0.75513,0.77028,0.8001,0.97019,1.1955,1.2405,1.0455,0.92522,0.90518,0.88514,0.8304,0.77028,0.73021,0.71994,0.71994,0.72532,0.72532,0.71505,0.71505,0.71505,0.72532,0.73509,0.73021,0.73509,0.75024,0.7654,0.78006,0.79521,0.8001,0.8001,0.80499,0.81036,0.81036,0.80499,0.8001,0.78543,0.77028,0.7654,0.76002,0.75513,0.74536,0.73998,0.73998,0.73509,0.73021,0.71994,0.71505,0.71017,0.71994,0.73509,0.73998,0.73998,0.74536,0.74536,0.75513,0.77028,0.77517,0.77517,0.78006,0.78006,0.78006,0.77517,0.76002,0.74536,0.73509,0.73021,0.72532,0.72532,0.71994,0.71017,0.69501,0.68524,0.68035,0.68035,0.67498,0.67498,0.67009,0.67498,0.68035,0.68524,0.68035,0.68524,0.69501,0.70039,0.71017,0.72532,0.74536,0.75024,0.74536,0.88025,1.1256,1.2253,1.0855,0.92522,0.87537,0.87048,0.81036,0.73509,0.71994,0.71994,0.71017,0.68524,0.68035,0.68035,0.69013,0.70039,0.70528,0.70039,0.70039,0.71505,0.73998,0.74536,0.74536,0.75513,0.77517,0.78006,0.78543,0.78543,0.78543,0.77517,0.7654,0.77028,0.77517,0.74536,0.73021,0.73021,0.75024,0.77028,0.77517,0.76002,0.74536,0.73021,0.73021,0.73021,0.71994,0.71017,0.71017,0.71994,0.72532,0.71994,0.71994,0.73021,0.73509,0.73509,0.73021,0.71994,0.71505,0.71017,0.71017,0.71505,0.71017,0.70039,0.69501,0.69501,0.70039,0.71017,0.71017,0.69501,0.71505,0.87537,1.1657,1.2708,1.1202,0.96041,0.91544,0.90029,0.82014,0.73509,0.69013,0.68035,0.67498,0.67498,0.67498,0.68035,0.67498,0.67498,0.68035,0.69013,0.70039,0.70528,0.71017,0.72532,0.73998,0.75513,0.76002,0.76002,0.7654,0.76002,0.75513,0.74536,0.73998,0.73998,0.73998,0.73998,0.73998,0.73998,0.73998,0.73998,0.73021,0.73021,0.73021,0.73021,0.73021,0.73998,0.75024,0.75513,0.76002,0.7654,0.77517,0.77517,0.77517,0.77517,0.77517,0.78006,0.77517,0.7654,0.76002,0.74536,0.74536,0.74536,0.75024,0.74536,0.73998,0.73998,0.73998,0.73998,0.75513,0.77028,0.77517,0.78006,0.77517,0.77517,0.77517,0.7654,0.76002,0.75024,0.73998,0.73998,0.74536,0.74536,0.73509,0.71994,0.71994,0.73021,0.73021,0.73509,0.73509,0.73509,0.73021,0.73021,0.73021,0.73021,0.73509,0.73998,0.74536,0.74536,0.75513,0.7654,0.81036,0.98045,1.2454,1.3157,1.1354,0.96041,0.91007,0.90029,0.85044,0.78543,0.75513,0.73998,0.73509,0.73509,0.73509,0.73509,0.73998,0.75024,0.75513,0.75513,0.75513,0.7654,0.78006,0.79032,0.8001,0.81036,0.82014,0.82502,0.8304,0.83529,0.8304,0.82502,0.82014,0.81036,0.80499,0.80499,0.80499,0.8001,0.79521,0.8001,0.79521,0.78006,0.77028,0.77028,0.77517,0.77517,0.77517,0.77028,0.77517,0.78543,0.8001,0.80499,0.80499,0.81525,0.83529,0.85044,0.84506,0.84506,0.84506,0.84018,0.82502,0.81525,0.80499,0.79521,0.78006,0.76002,0.75513,0.75513,0.75513,0.74536,0.73998,0.73021,0.73021,0.73021,0.73021,0.73021,0.73509,0.73509,0.73509,0.73509,0.73021,0.73509,0.73509,0.73509,0.74536,0.76002,0.77517,0.78006,0.86022,1.0904,1.2708,1.1906,1.0054,0.93011,0.93011,0.88514,0.81036,0.76002,0.73998,0.73998,0.73998,0.73998,0.73509,0.73021,0.73021,0.73998,0.74536,0.74536,0.75024,0.76002,0.78006,0.8001,0.81036,0.81525,0.81525,0.82014,0.82014,0.82014,0.81036,0.8001,0.79521,0.79032,0.79032,0.78543,0.78006,0.77517,0.77517,0.7654,0.75513,0.73998,0.73998,0.74536,0.74536,0.76002,0.7654,0.77028,0.7654,0.7654,0.77517,0.78006,0.77517,0.78543,0.79521,0.8001,0.81036,0.81525,0.80499,0.79521,0.78543,0.77517,0.76002,0.73509,0.73021,0.73021,0.73021,0.73021,0.71994,0.71505,0.71994,0.73021,0.73509,0.73509,0.73998,0.73998,0.73998,0.73998,0.73509,0.73509,0.73021,0.73509,0.73509,0.73509,0.75024,0.77028,0.78006,0.84018,1.0503,1.2307,1.1657,0.98534,0.90029,0.90518,0.88514,0.82502,0.78006,0.75024,0.73509,0.73021,0.71994,0.73021,0.75024,0.76002,0.73998,0.73021,0.73509,0.74536,0.75513,0.76002,0.76002,0.78006,0.8001,0.80499,0.79521,0.79521,0.79521,0.79032,0.78006,0.77517,0.77028,0.77517,0.7654,0.75513,0.74536,0.73509,0.73021,0.73998,0.73998,0.71994,0.71017,0.71017,0.71505,0.71505,0.71994,0.73509,0.73998,0.73509,0.73509,0.73998,0.75024,0.76002,0.77517,0.78006,0.78006,0.77517,0.77028,0.75513,0.73998,0.73509,0.71017,0.70039,0.70039,0.70528,0.70039,0.70039,0.70039,0.69501,0.68524,0.67498,0.67498,0.68035,0.68524,0.69013,0.68524,0.67498,0.67009,0.67498,0.69013,0.70039,0.70039,0.69501,0.69013,0.69013,0.78543,1.0455,1.2757,1.2854,1.0103,0.88025,0.8651,0.84018,0.7654,0.71505,0.70039,0.69501,0.68524,0.67009,0.67009,0.67498,0.69013,0.69501,0.69013,0.69013,0.70039,0.71505,0.72532,0.73509,0.71017,0.71017,0.71505,0.71505,0.71994,0.73021,0.75024,0.7654,0.78006,0.88514,1.1105,1.2155,1.0855,0.92522,0.87537,0.88025,0.84018,0.78006,0.74536,0.73509,0.72532,0.71505,0.71505,0.71505,0.71994,0.71994,0.73021,0.73998,0.73998,0.73998,0.75024,0.7654,0.77517,0.77517,0.77517,0.78543,0.79521,0.80499,0.8001,0.78006,0.7654,0.76002,0.75024,0.73998,0.73021,0.73021,0.73021,0.73509,0.73021,0.71505,0.71017,0.71017,0.71017,0.70528,0.71017,0.73021,0.73021,0.71994,0.72532,0.73021,0.73998,0.74536,0.75513,0.76002,0.7654,0.7654,0.7654,0.75513,0.74536,0.73021,0.71994,0.71017,0.69501,0.69501,0.69013,0.67498,0.6652,0.66031,0.66031,0.66031,0.6652,0.67009,0.66031,0.65494,0.66031,0.6652,0.6652,0.6652,0.67009,0.67498,0.67498,0.68035,0.68035,0.68035,0.68035,0.68524,0.78543,1.0455,1.2405,1.1505,0.95015,0.85533,0.84506,0.80499,0.73021,0.69501,0.69013,0.69013,0.68524,0.68524,0.69013,0.69013,0.69013,0.69501,0.69501,0.71017,0.71994,0.73021,0.73998,0.74536,0.75513,0.7654,0.77028,0.78006,0.78543,0.78543,0.78006,0.77028,0.76002,0.75024,0.74536,0.73998,0.73509,0.73509,0.73509,0.73021,0.72532,0.72532,0.72532,0.71994,0.71505,0.71505,0.71994,0.73021,0.73998,0.74536,0.74536,0.76002,0.78006,0.79521,0.8001,0.81036,0.81036,0.80499,0.79521,0.78006,0.7654,0.75513,0.73998,0.73998,0.73998,0.73509,0.72532,0.71505,0.71017,0.71017,0.71017,0.70528,0.70528,0.71017,0.71017,0.71017,0.70528,0.71017,0.71017,0.71017,0.71017,0.71505,0.71994,0.71994,0.73021,0.73998,0.82014,1.0606,1.2757,1.2107,1.0005,0.89541,0.89052,0.86022,0.78543,0.73021,0.71017,0.70528,0.70528,0.70528,0.70528,0.70528,0.71017,0.71994,0.73021,0.73021,0.73509,0.74536,0.75513,0.76002,0.77517,0.79521,0.8001,0.80499,0.81036,0.81036,0.8001,0.79521,0.78006,0.77517,0.77517,0.7654,0.76002,0.75513,0.75024,0.74536,0.74536,0.75024,0.74536,0.73998,0.73021,0.73021,0.73509,0.74536,0.75513,0.7654,0.77517,0.78543,0.8001,0.80499,0.81036,0.82014,0.82014,0.81036,0.80499,0.79521,0.77517,0.75513,0.73998,0.73998,0.73998,0.73998,0.73021,0.71994,0.71994,0.71994,0.71994,0.71994,0.71505,0.71505,0.71505,0.70528,0.71017,0.71994,0.72532,0.73021,0.72532,0.72532,0.73021,0.73998,0.75513,0.77028,0.90518,1.1603,1.2654,1.1153,0.95015,0.90518,0.90029,0.84506,0.77028,0.73509,0.73021,0.73021,0.73021,0.73021,0.73509,0.73509,0.73509,0.73509,0.73509,0.73998,0.74536,0.75513,0.77028,0.78543,0.8001,0.80499,0.81036,0.81525,0.81036,0.81036,0.80499,0.8001,0.79521,0.79032,0.78543,0.78543,0.78006,0.78006,0.77028,0.76002,0.75024,0.75024,0.74536,0.74536,0.74536,0.75513,0.7654,0.7654,0.76002,0.7654,0.7654,0.77517,0.79032,0.80499,0.80499,0.8001,0.80499,0.8001,0.79521,0.78543,0.77517,0.76002,0.74536,0.73509,0.73509,0.73998,0.73021,0.71505,0.71505,0.71505,0.71505,0.71017,0.71017,0.71017,0.71017,0.71505,0.71505,0.71994,0.71994,0.71994,0.73021,0.73021,0.73021,0.73021,0.73998,0.75513,0.78006,0.92522,1.1603,1.2253,1.0655,0.92522,0.89541,0.89052,0.8304,0.7654,0.74536,0.74536,0.74536,0.73998,0.73998,0.73509,0.73509,0.73998,0.75024,0.75024,0.75513,0.7654,0.77517,0.78543,0.8001,0.81036,0.82014,0.82502,0.8304,0.8304,0.82502,0.82014,0.81036,0.80499,0.79032,0.78006,0.77517,0.78006,0.79521,0.80499,0.81036,0.79521,0.77517,0.7654,0.7654,0.77028,0.77028,0.77028,0.77028,0.77517,0.78006,0.78543,0.78543,0.78006,0.78006,0.78006,0.78006,0.78006,0.77028,0.76002,0.76002,0.75513,0.74536,0.73998,0.73998,0.73998,0.73998,0.73998,0.74536,0.75024,0.74536,0.90518,1.1603,1.2405,1.0904,0.9653,0.94037,0.94526,0.86022,0.78543,0.75024,0.73509,0.71994,0.71994,0.71994,0.72532,0.73021,0.73021,0.73509,0.73998,0.73998,0.74536,0.75513,0.77517,0.79521,0.8001,0.78543,0.77517,0.77517,0.77517,0.77517,0.77028,0.77517,0.7654,0.75024,0.73998,0.73998,0.74536,0.73509,0.72532,0.71994,0.71505,0.71505,0.71994,0.71994,0.72532,0.73509,0.73998,0.74536,0.74536,0.75024,0.75024,0.75024,0.74536,0.73998,0.73998,0.73509,0.73021,0.73021,0.73021,0.71994,0.71505,0.71505,0.71505,0.71994,0.71505,0.71017,0.71505,0.71994,0.73021,0.73021,0.73021,0.73509,0.75024,0.75513,0.75024,0.74536,0.73998,0.73021,0.71017,0.70039,0.70039,0.71017,0.71505,0.71017,0.70039,0.69501,0.69013,0.68524,0.69013,0.69501,0.69013,0.69013,0.69013,0.69501,0.69501,0.70039,0.70039,0.70528,0.71017,0.71017,0.71994,0.8304,1.1153,1.3104,1.2053,0.98534,0.87048,0.86022,0.82014,0.75024,0.71994,0.71505,0.71017,0.71017,0.70039,0.70039,0.70039,0.71017,0.71994,0.73021,0.73509,0.74536,0.75024,0.76002,0.7654,0.77517,0.78543,0.79521,0.8001,0.80499,0.8001,0.79521,0.79032,0.79032,0.78543,0.78543,0.78006,0.77517,0.7654,0.7654,0.76002,0.75513,0.75024,0.74536,0.73998,0.73998,0.73998,0.74536,0.75513,0.76002,0.77028,0.78006,0.78543,0.79032,0.8001,0.80499,0.82014,0.8304,0.8304,0.83529,0.84018,0.8304,0.82014,0.80499,0.78543,0.77517,0.76002,0.75024,0.74536,0.73998,0.73021,0.71994,0.71505,0.71505,0.71505,0.71505,0.71017,0.71017,0.71017,0.71017,0.71017,0.71017,0.71017,0.71017,0.71017,0.71017,0.71505,0.73021,0.74536,0.76002,0.89541,1.1403,1.2507,1.1105,0.94526,0.89541,0.89052,0.83529,0.76002,0.72532,0.71017,0.71017,0.71017,0.71505,0.71505,0.71505,0.71505,0.71505,0.71994,0.73021,0.73509,0.75513,0.77028,0.78543,0.79521,0.80499,0.81036,0.82014,0.81525,0.80499,0.8001,0.8001,0.79521,0.78543,0.78006,0.77517,0.7654,0.7654,0.75513,0.74536,0.74536,0.74536,0.73998,0.73509,0.73509,0.73509,0.73998,0.74536,0.75513,0.76002,0.7654,0.7654,0.78006,0.79032,0.79521,0.8001,0.80499,0.81036,0.8001,0.79521,0.78006,0.75513,0.73998,0.73509,0.73509,0.73021,0.71994,0.71505,0.71505,0.71505,0.71505,0.71505,0.71505,0.71505,0.71505,0.71017,0.70039,0.70039,0.70039,0.71017,0.71505,0.71505,0.71994,0.73509,0.75024,0.76002,0.79521,0.98045,1.1955,1.2204,1.0054,0.90029,0.89052,0.89541,0.81525,0.76002,0.73509,0.73021,0.71994,0.71994,0.71994,0.73021,0.72532,0.72532,0.73021,0.73509,0.73998,0.75513,0.7654,0.77517,0.78006,0.79521,0.8001,0.8001,0.81036,0.82014,0.81525,0.80499,0.8001,0.79521,0.78006,0.77517,0.77028,0.7654,0.75513,0.73998,0.73021,0.72532,0.72532,0.71994,0.72532,0.73509,0.74536,0.74536,0.73509,0.73509,0.74536,0.75513,0.75513,0.76002,0.77517,0.78006,0.78543,0.79032,0.79521,0.79521,0.79521,0.78006,0.7654,0.75513,0.73998,0.73998,0.73998,0.73998,0.73509,0.71994,0.71505,0.71017,0.70039,0.70039,0.71017,0.71505,0.71505,0.71505,0.71994,0.71994,0.71994,0.71994,0.71994,0.71994,0.73509,0.75513,0.7654,0.8001,0.97019,1.1906,1.2356,1.0406,0.89541,0.87048,0.88025,0.82502,0.76002,0.73021,0.71505,0.71017,0.71017,0.71505,0.71994,0.71994,0.71994,0.71994,0.73021,0.73509,0.73998,0.7654,0.78006,0.78006,0.79032,0.8001,0.8001,0.79521,0.79521,0.8001,0.78543,0.78006,0.78543,0.78006,0.7654,0.75513,0.74536,0.73998,0.73509,0.72532,0.72532,0.72532,0.71994,0.71017,0.70039,0.70528,0.71505,0.71994,0.73021,0.73509,0.73509,0.75024,0.7654,0.77517,0.77517,0.78543,0.79521,0.79521,0.79521,0.79032,0.78006,0.76002,0.73998,0.73509,0.73998,0.74536,0.74536,0.73509,0.73021,0.71994,0.71017,0.70039,0.69501,0.69501,0.69501,0.69501,0.69501,0.69501,0.69013,0.67498,0.68035,0.69013,0.69501,0.69501,0.69501,0.69501,0.74536,0.95552,1.2155,1.2556,1.0352,0.89541,0.87048,0.85533,0.79032,0.73021,0.70039,0.68035,0.67498,0.67498,0.67009,0.67498,0.68524,0.69501,0.70528,0.71505,0.71994,0.73509,0.74536,0.75513,0.7654,0.77517,0.78543,0.79521,0.8001,0.80499,0.8001,0.79521,0.78543,0.78006,0.77517,0.77028,0.7654,0.76002,0.75513,0.74536,0.73509,0.73021,0.71994,0.71994,0.71505,0.71505,0.71505,0.71994,0.73021,0.73998,0.75024,0.7654,0.78006,0.79032,0.79521,0.80499,0.81525,0.82502,0.82014,0.80499,0.79032,0.77517,0.76002,0.75513,0.75513,0.75513,0.74536,0.73021,0.71994,0.71505,0.71505,0.71017,0.71017,0.70039,0.70039,0.69501,0.70039,0.70528,0.70039,0.70039,0.70528,0.71017,0.71017,0.72532,0.73998,0.74536,0.84506,1.0953,1.2507,1.1403,0.96041,0.89052,0.89541,0.85533,0.78543,0.74536,0.71994,0.71994,0.71994,0.71994,0.72532,0.72532,0.73021,0.73509,0.73998,0.73998,0.74536,0.76002,0.77028,0.78543,0.79521,0.80499,0.81036,0.82014,0.82014,0.82502,0.82014,0.81525,0.80499,0.79521,0.79032,0.78543,0.77517,0.7654,0.7654,0.72532,0.73021,0.73998,0.7654,0.90029,1.1305,1.2004,1.0606,0.90518,0.87048,0.87048,0.82502,0.7654,0.73509,0.71994,0.71505,0.71505,0.71994,0.71994,0.73021,0.73509,0.73509,0.73998,0.75024,0.76002,0.77517,0.78006,0.78543,0.79521,0.80499,0.81525,0.82502,0.82502,0.82014,0.82014,0.81525,0.8001,0.79032,0.78543,0.77517,0.7654,0.76002,0.76002,0.78006,0.79521,0.8001,0.79032,0.77517,0.7654,0.7654,0.7654,0.76002,0.75513,0.75024,0.75513,0.75513,0.76002,0.76002,0.76002,0.75513,0.74536,0.73998,0.73021,0.73021,0.71994,0.71505,0.71505,0.71505,0.71505,0.71505,0.71994,0.75024,0.79032,0.80499,0.85533,1.0806,1.2957,1.3006,0.97019,0.81036,0.78006,0.76002,0.73021,0.71017,0.69501,0.69013,0.67498,0.68035,0.68524,0.67498,0.67498,0.68524,0.69501,0.70039,0.70039,0.70039,0.71017,0.71505,0.73021,0.75024,0.75513,0.74536,0.74536,0.75513,0.7654,0.7654,0.75513,0.73998,0.73509,0.73021,0.73509,0.73998,0.73998,0.73021,0.71994,0.71017,0.71017,0.72532,0.73509,0.73509,0.73509,0.73509,0.73509,0.73998,0.74536,0.75024,0.75513,0.76002,0.75513,0.75513,0.76002,0.7654,0.75513,0.73998,0.73998,0.73998,0.73509,0.73021,0.71994,0.71994,0.73021,0.73509,0.73998,0.74536,0.75513,0.7654,0.7654,0.76002,0.76002,0.74536,0.73509,0.73021,0.72532,0.72532,0.73021,0.71505,0.70039,0.70039,0.71017,0.71994,0.72532,0.71994,0.71505,0.71017,0.70528,0.70528,0.71017,0.71505,0.71994,0.72532,0.73021,0.73509,0.73998,0.7654,0.92033,1.1906,1.3006,1.1403,0.95015,0.88025,0.88514,0.83529,0.77028,0.73509,0.71505,0.71017,0.71017,0.71505,0.70039,0.70528,0.71017,0.71994,0.73021,0.73021,0.73998,0.74536,0.75513,0.77028,0.78543,0.79521,0.79521,0.79521,0.79521,0.8001,0.8001,0.8001,0.8001,0.78543,0.77517,0.77028,0.77517,0.78543,0.78006,0.7654,0.7654,0.76002,0.75513,0.75513,0.75513,0.75513,0.76002,0.7654,0.76002,0.76002,0.77517,0.78006,0.78543,0.8001,0.82014,0.82502,0.8304,0.83529,0.84018,0.8304,0.82502,0.81525,0.8001,0.77517,0.75024,0.73998,0.73998,0.74536,0.75024,0.73509,0.71994,0.71505,0.71505,0.71994,0.75024,0.79032,0.81525,0.82502,0.83529,0.85044,0.88025,0.88514,0.78543,0.565,0.26002,0.0097752,-0.095308,-0.05523,0.059629,0.1999,0.34995,0.52004,0.70039,0.81525,0.88025,0.91007,0.93011,0.95015,0.96041,0.97556,1.0005,1.0152,1.0352,1.0655,1.1105,1.1603,1.2107,1.2605,1.3055,1.3504,1.3807,1.4008,1.4008,1.3705,1.3407,1.2854,1.2155,1.1457,1.0855,1.0303,0.9653,0.90029,0.85533,0.81525,0.78006,0.75513,0.73998,0.73021,0.73021,0.72532,0.71505,0.71017,0.70528,0.70528,0.71505,0.71505,0.71505,0.71017,0.71017,0.71017,0.71017,0.71505,0.70528,0.71017,0.71505,0.71505,0.71017,0.71017,0.71017,0.69501,0.67498,0.66031,0.66031,0.6652,0.65494,0.65005,0.65005,0.65005,0.65005,0.65494,0.6652,0.65494,0.65494,0.6652,0.67009,0.67009,0.67009,0.6652,0.67009,0.67498,0.67498,0.68524,0.70528,0.72532,0.77517,0.96041,1.1603,1.1804,0.96041,0.85044,0.83529,0.84506,0.77028,0.71505,0.69501,0.69501,0.69501,0.69013,0.69013,0.69013,0.69501,0.70528,0.71017,0.71017,0.71994,0.73021,0.73509,0.74536,0.75513,0.77517,0.78006,0.78543,0.78543,0.79521,0.8001,0.8001,0.79521,0.78543,0.78006,0.77028,0.7654,0.76002,0.76002,0.76002,0.76002,0.74536,0.73998,0.73998,0.73998,0.73998,0.73998,0.74536,0.75513,0.7654,0.77517,0.78006,0.79032,0.80499,0.81036,0.80499,0.80499,0.81036,0.82014,0.81525,0.80499,0.78543,0.77028,0.75513,0.73998,0.73021,0.71994,0.71505,0.71505,0.71505,0.71017,0.71017,0.70528,0.70039,0.70039,0.69501,0.69501,0.70039,0.70528,0.68524,0.68035,0.70039,0.71017,0.70039,0.70528,0.72532,0.73509,0.79521,1.0303,1.2356,1.2405,0.98045,0.88025,0.87537,0.83529,0.77028,0.72532,0.71017,0.70039,0.69013,0.68035,0.69013,0.71017,0.71017,0.71017,0.71017,0.71505,0.71994,0.73021,0.73998,0.76002,0.7654,0.76002,0.77028,0.79032,0.8001,0.8001,0.79032,0.78006,0.77517,0.76002,0.74536,0.73998,0.73998,0.73998,0.73998,0.73021,0.71505,0.71017,0.71505,0.71505,0.71017,0.71505,0.72532,0.73998,0.73021,0.72532,0.73509,0.75024,0.75513,0.77028,0.78543,0.79521,0.79521,0.78543,0.78006,0.78006,0.7654,0.73998,0.71505,0.70528,0.70528,0.71505,0.71994,0.71017,0.70039,0.70039,0.70039,0.70039,0.70528,0.70039,0.70039,0.70039,0.70039,0.70039,0.71017,0.71017,0.71017,0.71017,0.71505,0.71994,0.71994,0.73021,0.78006,0.98045,1.2507,1.3055,1.0806,0.91007,0.88514,0.87537,0.81036,0.73998,0.71505,0.71017,0.70528,0.70039,0.69501,0.69501,0.70039,0.70039,0.71505,0.72532,0.73021,0.73998,0.75513,0.76002,0.76002,0.77028,0.78543,0.8001,0.81036,0.81036,0.80499,0.80499,0.80499,0.8001,0.78543,0.78006,0.77028,0.76002,0.75513,0.75024,0.74536,0.73509,0.72532,0.72532,0.73021,0.73998,0.73998,0.73509,0.74536,0.75513,0.75513,0.77517,0.8001,0.81036,0.82014,0.83529,0.84506,0.8304,0.81036,0.79032,0.76002,0.73509,0.71994,0.72532,0.73021,0.71994,0.70528,0.70039,0.70039,0.69501,0.69013,0.69501,0.70039,0.70039,0.69013,0.69501,0.69501,0.68524,0.68035,0.69013,0.70039,0.71017,0.71505,0.73021,0.73998,0.79032,0.98534,1.2004,1.2253,1.0103,0.90029,0.89052,0.87048,0.8001,0.75024,0.73509,0.73021,0.71994,0.71994,0.71994,0.71994,0.71994,0.71994,0.73021,0.73998,0.73998,0.74536,0.76002,0.77517,0.78543,0.79521,0.80499,0.81036,0.80499,0.80499,0.81036,0.79521,0.79032,0.79521,0.79032,0.78543,0.77517,0.77028,0.75024,0.72532,0.71994,0.73998,0.7654,0.78006,0.78543,0.78006,0.77517,0.76002,0.76002,0.7654,0.75513,0.74536,0.74536,0.75513,0.7654,0.7654,0.75513,0.74536,0.73509,0.73021,0.72532,0.72532,0.73021,0.73021,0.72532,0.71505,0.70528,0.71017,0.71505,0.72532,0.73998,0.74536,0.7654,0.93011,1.1603,1.2107,1.0303,0.91007,0.89052,0.87537,0.81036,0.75024,0.72532,0.71994,0.71994,0.71017,0.71017,0.71505,0.71994,0.71994,0.72532,0.73021,0.73509,0.72532,0.73509,0.75024,0.76002,0.77028,0.78006,0.79032,0.78543,0.78006,0.77517,0.7654,0.76002,0.75513,0.75513,0.75024,0.74536,0.73998,0.73998,0.73509,0.73509,0.73998,0.73021,0.71994,0.71994,0.71994,0.71994,0.73509,0.74536,0.75024,0.75513,0.74536,0.73998,0.73998,0.74536,0.74536,0.73998,0.73509,0.73509,0.73509,0.73509,0.73509,0.73998,0.74536,0.73998,0.73998,0.75024,0.76002,0.7654,0.7654,0.77517,0.78006,0.77028,0.7654,0.7654,0.76002,0.73998,0.73021,0.73509,0.74536,0.73998,0.73021,0.73021,0.73021,0.73021,0.71994,0.71994,0.73509,0.73998,0.73021,0.71994,0.72532,0.73509,0.73509,0.73509,0.73509,0.73509,0.74536,0.75024,0.8304,1.0655,1.2356,1.1457,0.95015,0.86022,0.8651,0.85044,0.79032,0.73998,0.73021,0.73021,0.73021,0.73021,0.73021,0.73509,0.73998,0.73509,0.73021,0.73509,0.74536,0.75513,0.76002,0.77517,0.79521,0.80499,0.8001,0.79032,0.79521,0.8001,0.79032,0.78543,0.79521,0.8001,0.79521,0.78543,0.77517,0.7654,0.7654,0.76002,0.74536,0.74536,0.73998,0.73998,0.73509,0.73998,0.74536,0.75024,0.75513,0.76002,0.7654,0.77517,0.78006,0.78543,0.79032,0.79521,0.80499,0.80499,0.80499,0.81036,0.82014,0.80499,0.79032,0.77517,0.75513,0.73509,0.73021,0.73509,0.73509,0.71994,0.70528,0.69501,0.70039,0.71017,0.70528,0.70528,0.70039,0.69013,0.69013,0.69501,0.70039,0.70039,0.70039,0.71017,0.71505,0.71994,0.71994,0.72532,0.73509,0.87048,1.1603,1.3157,1.1706,0.96041,0.88025,0.87537,0.83529,0.7654,0.73021,0.71994,0.71017,0.70039,0.70528,0.71017,0.71017,0.71505,0.71994,0.72532,0.73509,0.74536,0.75513,0.7654,0.77517,0.78006,0.79521,0.80499,0.81036,0.81525,0.81036,0.80499,0.79521,0.79521,0.78543,0.78006,0.78006,0.78543,0.78543,0.77517,0.7654,0.76002,0.74536,0.74536,0.75513,0.75513,0.75513,0.76002,0.77028,0.77517,0.77028,0.77028,0.79032,0.80499,0.82014,0.82014,0.82502,0.82502,0.8304,0.84018,0.82502,0.79521,0.77028,0.76002,0.76002,0.7654,0.75024,0.73021,0.71505,0.71505,0.71994,0.72532,0.72532,0.72532,0.72532,0.72532,0.72532,0.71994,0.71994,0.72532,0.73021,0.73021,0.73509,0.73998,0.75513,0.77028,0.8001,0.9653,1.2004,1.2507,1.0606,0.92522,0.90518,0.91544,0.84506,0.78543,0.75513,0.73998,0.73509,0.73021,0.72532,0.72532,0.73509,0.73998,0.74536,0.75513,0.76002,0.7654,0.78006,0.79032,0.8001,0.81525,0.82502,0.8304,0.84018,0.85044,0.84506,0.82502,0.81036,0.8001,0.79521,0.79521,0.79521,0.78543,0.77517,0.77517,0.7654,0.76002,0.75024,0.74536,0.74536,0.74536,0.75513,0.76002,0.77028,0.74536,0.75024,0.75513,0.75513,0.75513,0.76002,0.76002,0.76002,0.77517,0.78543,0.79521,0.80499,0.81525,0.82502,0.83529,0.84506,0.85044,0.84018,0.83529,0.8304,0.83529,0.82014,0.80499,0.80499,0.8001,0.79521,0.78543,0.77517,0.7654,0.75513,0.74536,0.73998,0.73998,0.73998,0.73998,0.74536,0.75024,0.76002,0.77028,0.77517,0.78006,0.78006,0.78543,0.79521,0.8001,0.80499,0.81525,0.82014,0.80499,0.79032,0.77517,0.75513,0.73509,0.72532,0.71994,0.71994,0.71017,0.69501,0.68524,0.68035,0.69501,0.69013,0.67009,0.67009,0.67009,0.67009,0.67009,0.67009,0.68035,0.69013,0.69501,0.69501,0.70039,0.69501,0.69501,0.70528,0.75024,0.95552,1.2356,1.3006,1.0855,0.90518,0.85533,0.85044,0.79521,0.73509,0.70528,0.69501,0.69501,0.69501,0.69013,0.69013,0.69501,0.70039,0.70528,0.71017,0.71505,0.71994,0.73021,0.74536,0.75513,0.7654,0.78006,0.78543,0.79032,0.79521,0.79521,0.79032,0.78006,0.7654,0.75024,0.73998,0.73509,0.73998,0.73021,0.71994,0.71505,0.70528,0.70039,0.70039,0.70039,0.70039,0.70039,0.70528,0.71017,0.71994,0.73509,0.75024,0.76002,0.77517,0.79032,0.8001,0.80499,0.8001,0.8001,0.79521,0.78006,0.75513,0.73998,0.73021,0.73021,0.73021,0.72532,0.71505,0.71017,0.70528,0.70039,0.70039,0.70039,0.69501,0.69501,0.71017,0.71505,0.71505,0.71505,0.71505,0.71505,0.71017,0.71017,0.71994,0.73509,0.74536,0.8304,1.0704,1.2507,1.1706,0.97556,0.88514,0.88025,0.85533,0.78543,0.74536,0.73021,0.71994,0.71505,0.71505,0.71505,0.71994,0.72532,0.73021,0.73998,0.75024,0.75024,0.75024,0.76002,0.77517,0.79032,0.80499,0.81036,0.82502,0.83529,0.84018,0.82502,0.81036,0.8001,0.79032,0.78543,0.78543,0.77028,0.76002,0.76002,0.74536,0.72532,0.71505,0.71505,0.71994,0.73509,0.74536,0.74536,0.75024,0.74536,0.74536,0.75024,0.75513,0.76002,0.77028,0.78006,0.78543,0.79521,0.79521,0.79032,0.79032,0.77517,0.74536,0.73021,0.71994,0.71994,0.72532,0.71994,0.71505,0.70528,0.70039,0.70039,0.70039,0.71017,0.71505,0.71017,0.71505,0.71994,0.71505,0.71505,0.71017,0.71017,0.71017,0.71505,0.73021,0.75513,0.7654,0.84018,1.0606,1.2405,1.1603,0.96041,0.87537,0.88514,0.8651,0.79521,0.75024,0.73509,0.71994,0.71505,0.71017,0.71017,0.71505,0.73021,0.73509,0.73021,0.73021,0.73998,0.74536,0.76002,0.7654,0.77028,0.79032,0.80499,0.80499,0.80499,0.80499,0.8001,0.79521,0.79032,0.79521,0.78543,0.77028,0.76002,0.75024,0.73998,0.73998,0.73509,0.73021,0.73021,0.73021,0.71505,0.71505,0.71994,0.73021,0.73509,0.74536,0.75024,0.76002,0.7654,0.77517,0.78006,0.79032,0.80499,0.81036,0.8001,0.78543,0.7654,0.75513,0.73021,0.71017,0.71017,0.71505,0.71017,0.69013,0.68035,0.68035,0.69013,0.69501,0.69501,0.69501,0.70039,0.71017,0.71017,0.71505,0.71505,0.71505,0.71994,0.71994,0.72532,0.73509,0.75024,0.75513,0.81036,1.0054,1.1955,1.2155,0.9956,0.89541,0.89052,0.87048,0.8001,0.75513,0.73509,0.73509,0.73509,0.73998,0.73998,0.73998,0.74536,0.75513,0.76002,0.7654,0.77028,0.79032,0.80499,0.81036,0.79521,0.79032,0.80499,0.82014,0.82014,0.81036,0.81036,0.81525,0.80499,0.78543,0.77517,0.77517,0.77028,0.75513,0.73509,0.73998,0.75513,0.75024,0.72532,0.71505,0.72532,0.73509,0.73998,0.73509,0.73509,0.74536,0.75513,0.75024,0.75513,0.77517,0.80499,0.81036,0.8001,0.79521,0.79521,0.8001,0.80499,0.78006,0.75024,0.73021,0.71994,0.73021,0.74536,0.73509,0.71505,0.70528,0.70039,0.69501,0.71017,0.71994,0.70528,0.69013,0.68524,0.70039,0.70528,0.70528,0.71505,0.71994,0.71994,0.71505,0.71505,0.71505,0.71994,0.8304,1.1056,1.2708,1.1505,0.96041,0.88025,0.87048,0.8304,0.77028,0.72532,0.70039,0.68524,0.68524,0.69013,0.69501,0.70039,0.70528,0.71017,0.72532,0.73021,0.73021,0.73509,0.75024,0.76002,0.77028,0.78543,0.79521,0.8001,0.79032,0.78543,0.78543,0.78006,0.76002,0.76002,0.76002,0.76002,0.75513,0.75513,0.74536,0.73998,0.73509,0.73021,0.73021,0.72532,0.71505,0.71505,0.71505,0.73021,0.73998,0.74536,0.75513,0.77517,0.8001,0.80499,0.80499,0.82014,0.82502,0.81525,0.8001,0.79032,0.77517,0.76002,0.75024,0.73998,0.73509,0.72532,0.71017,0.70039,0.69501,0.69501,0.70039,0.70039,0.69501,0.69501,0.69501,0.70039,0.70528,0.70039,0.69501,0.70528,0.71505,0.71994,0.71994,0.71994,0.73021,0.7654,0.94526,1.2053,1.2708,1.0753,0.92033,0.89052,0.89541,0.82014,0.76002,0.73509,0.72532,0.71994,0.71994,0.71994,0.71994,0.71994,0.72532,0.73509,0.74536,0.75513,0.75513,0.7654,0.77517,0.78543,0.80499,0.81525,0.82502,0.8304,0.83529,0.82502,0.81525,0.81036,0.80499,0.8001,0.79521,0.78543,0.78006,0.78006,0.77517,0.7654,0.76002,0.75513,0.74536,0.73998,0.74536,0.75513,0.76002,0.7654,0.7654,0.77517,0.78543,0.8001,0.81036,0.82014,0.8304,0.83529,0.82502,0.82014,0.81036,0.79521,0.77517,0.75513,0.74536,0.75024,0.75513,0.73509,0.73021,0.73021,0.73021,0.73021,0.73021,0.73509,0.73021,0.72532,0.72532,0.72532,0.73509,0.73998,0.73998,0.73509,0.73509,0.73509,0.73998,0.76002,0.77517,0.87537,1.1056,1.2405,1.1305,0.9653,0.90518,0.90518,0.85533,0.79032,0.75513,0.74536,0.73509,0.73021,0.73021,0.73021,0.73509,0.74536,0.75024,0.75513,0.76002,0.76002,0.77028,0.78006,0.79521,0.80499,0.81525,0.8304,0.8304,0.82502,0.8304,0.82502,0.81525,0.80499,0.8001,0.79521,0.78543,0.77517,0.77517,0.7654,0.75513,0.73998,0.73509,0.75024,0.78006,0.8001,0.8001,0.8001,0.79521,0.78543,0.78543,0.78006,0.77517,0.7654,0.7654,0.7654,0.76002,0.76002,0.7654,0.7654,0.7654,0.75513,0.73998,0.73509,0.73998,0.73509,0.73021,0.71994,0.71994,0.71994,0.73021,0.73509,0.75024,0.75513,0.79032,0.98534,1.1857,1.2053,1.0054,0.93011,0.93011,0.89541,0.82014,0.7654,0.74536,0.73998,0.73509,0.73509,0.73998,0.74536,0.75024,0.75513,0.75513,0.76002,0.7654,0.77028,0.78006,0.78543,0.79032,0.79521,0.80499,0.81036,0.80499,0.8001,0.8001,0.79032,0.78006,0.77517,0.76002,0.76002,0.76002,0.75024,0.73998,0.73021,0.72532,0.71994,0.71505,0.71505,0.71994,0.73509,0.73998,0.73509,0.73509,0.73509,0.73998,0.73998,0.73509,0.73021,0.73509,0.73998,0.73509,0.72532,0.73021,0.73509,0.73021,0.71994,0.71505,0.71017,0.71505,0.71994,0.72532,0.73021,0.73509,0.74536,0.76002,0.7654,0.73998,0.73021,0.71994,0.71017,0.70039,0.69501,0.71017,0.71017,0.69013,0.69013,0.70039,0.71017,0.71017,0.70528,0.69501,0.69501,0.71017,0.71505,0.70528,0.70039,0.70039,0.71017,0.71994,0.73509,0.73998,0.73509,0.8304,1.1007,1.2854,1.1804,0.97019,0.87048,0.8651,0.8304,0.7654,0.71994,0.71017,0.71017,0.70528,0.70039,0.70039,0.70528,0.71017,0.71505,0.71505,0.71994,0.73021,0.73998,0.74536,0.74536,0.76002,0.77028,0.78543,0.8001,0.80499,0.80499,0.80499,0.8001,0.79032,0.78543,0.77517,0.7654,0.76002,0.76002,0.76002,0.75513,0.75024,0.74536,0.74536,0.73998,0.74536,0.73998,0.73509,0.73998,0.74536,0.76002,0.7654,0.77028,0.77517,0.78006,0.79521,0.81036,0.82014,0.82502,0.82502,0.82502,0.82014,0.81036,0.79521,0.78543,0.7654,0.75513,0.75513,0.75513,0.74536,0.73021,0.71505,0.71505,0.71017,0.70528,0.71017,0.71505,0.71994,0.71505,0.71017,0.71017,0.71017,0.71505,0.71994,0.73021,0.73021,0.73509,0.74536,0.75513,0.81036,1.0303,1.2605,1.2805,1.0455,0.92522,0.90518,0.89052,0.82014,0.76002,0.73998,0.73021,0.71994,0.71994,0.71994,0.71994,0.73021,0.73509,0.74536,0.74536,0.74536,0.75513,0.77517,0.78543,0.79032,0.8001,0.81525,0.82502,0.82502,0.82014,0.82014,0.81525,0.79521,0.78006,0.77517,0.7654,0.76002,0.76002,0.76002,0.75024,0.73509,0.73509,0.73509,0.73509,0.73509,0.73998,0.73998,0.73998,0.73998,0.75024,0.76002,0.77028,0.78006,0.79521,0.8001,0.8001,0.8001,0.80499,0.8001,0.78543,0.77028,0.75513,0.73509,0.71994,0.71994,0.72532,0.71994,0.71017,0.70039,0.70039,0.71017,0.71017,0.71505,0.71017,0.70528,0.70039,0.70039,0.71017,0.71994,0.72532,0.73021,0.73021,0.72532,0.73509,0.75513,0.7654,0.8304,1.0455,1.2307,1.1603,0.98534,0.90518,0.90029,0.86022,0.79521,0.75024,0.73021,0.71994,0.71505,0.71505,0.71994,0.71994,0.71994,0.73021,0.74536,0.75024,0.75024,0.75513,0.77028,0.78543,0.79521,0.79521,0.80499,0.81525,0.82502,0.8304,0.8304,0.81036,0.78543,0.77028,0.7654,0.77028,0.7654,0.76002,0.75513,0.75024,0.73998,0.73509,0.73509,0.73021,0.73021,0.73509,0.73998,0.74536,0.73998,0.75024,0.75513,0.76002,0.75513,0.77517,0.79521,0.8001,0.79521,0.79521,0.79521,0.79521,0.79521,0.77517,0.75024,0.77517,0.77028,0.7654,0.77517,0.79521,0.80499,0.81525,0.82014,0.82502,0.81036,0.8001,0.8001,0.8001,0.79521,0.78006,0.77517,0.76002,0.74536,0.74536,0.73998,0.73509,0.73509,0.73509,0.73998,0.73509,0.73509,0.75513,0.7654,0.76002,0.75513,0.76002,0.77028,0.78006,0.8001,0.80499,0.8001,0.79521,0.79032,0.77517,0.76002,0.75024,0.73509,0.72532,0.72532,0.73021,0.71994,0.70528,0.70039,0.70528,0.70528,0.70528,0.71017,0.71017,0.71017,0.71017,0.71994,0.72532,0.73021,0.73021,0.73021,0.73509,0.74536,0.76002,0.7654,0.78543,0.95015,1.1857,1.2454,1.0606,0.92522,0.90518,0.90029,0.84018,0.78006,0.76002,0.75024,0.74536,0.73998,0.73998,0.74536,0.75513,0.75513,0.76002,0.76002,0.7654,0.77517,0.78006,0.78543,0.79521,0.81525,0.8304,0.83529,0.82502,0.81525,0.81525,0.82502,0.82502,0.80499,0.79032,0.77517,0.7654,0.76002,0.78006,0.77028,0.73998,0.71994,0.71505,0.73509,0.75513,0.74536,0.73509,0.71505,0.70039,0.69501,0.71505,0.75024,0.77028,0.77517,0.78006,0.78543,0.78006,0.78006,0.78006,0.78543,0.79521,0.77517,0.73509,0.71017,0.71017,0.71994,0.73509,0.73021,0.70528,0.69013,0.69013,0.69013,0.70039,0.70528,0.70039,0.70039,0.69501,0.69501,0.70039,0.70528,0.70528,0.71017,0.70039,0.70528,0.71505,0.71994,0.7654,0.98045,1.2405,1.2805,1.0352,0.88025,0.85533,0.83529,0.77517,0.72532,0.69501,0.69013,0.69501,0.69501,0.69501,0.70039,0.71017,0.71994,0.71505,0.71505,0.71505,0.72532,0.73509,0.75024,0.75513,0.76002,0.77028,0.78006,0.79032,0.79521,0.79521,0.78543,0.77517,0.7654,0.75513,0.74536,0.73998,0.73998,0.73509,0.71994,0.71017,0.70039,0.69501,0.69013,0.69013,0.69013,0.69013,0.69501,0.70528,0.71505,0.72532,0.73998,0.76002,0.77517,0.78006,0.79032,0.79521,0.78543,0.78006,0.7654,0.75024,0.73021,0.71505,0.71505,0.71994,0.71505,0.70039,0.69501,0.69501,0.69501,0.69501,0.69013,0.69013,0.69013,0.69501,0.69013,0.68524,0.68524,0.68524,0.69013,0.69501,0.70528,0.71505,0.73021,0.73998,0.80499,1.0152,1.2507,1.2805,1.0352,0.90518,0.88514,0.89052,0.80499,0.74536,0.71994,0.71017,0.70528,0.70528,0.71017,0.71505,0.71994,0.71994,0.72532,0.73021,0.73021,0.73509,0.75024,0.7654,0.77517,0.78006,0.79521,0.80499,0.81036,0.82014,0.82014,0.81525,0.80499,0.79032,0.78006,0.77028,0.75513,0.74536,0.74536,0.75024,0.73998,0.72532,0.71505,0.71505,0.71994,0.72532,0.73021,0.73021,0.73509,0.73998,0.75024,0.7654,0.77517,0.78543,0.79521,0.8001,0.8001,0.79521,0.77517,0.76002,0.73998,0.71505,0.71017,0.71017,0.71505,0.71994,0.70039,0.69013,0.69013,0.69501,0.70039,0.69501,0.69501,0.70039,0.70039,0.69501,0.69501,0.69501,0.69501,0.69501,0.69501,0.70039,0.71994,0.73509,0.73998,0.85044,1.1056,1.2454,1.1256,0.95015,0.88514,0.88025,0.83529,0.7654,0.71505,0.70528,0.70039,0.70039,0.70039,0.70039,0.70528,0.71505,0.73021,0.73509,0.73509,0.73998,0.73998,0.73998,0.74536,0.7654,0.78543,0.79032,0.8001,0.81036,0.81036,0.80499,0.8001,0.8001,0.79032,0.78006,0.77517,0.76002,0.76002,0.76002,0.75513,0.74536,0.72532,0.71017,0.70528,0.72532,0.73509,0.73509,0.73998,0.74536,0.75024,0.74536,0.75024,0.77028,0.78006,0.78006,0.78543,0.79521,0.79521,0.78543,0.7654,0.75024,0.73998,0.73021,0.71994,0.71994,0.73021,0.73021,0.72532,0.71994,0.71994,0.72532,0.71994,0.71017,0.71017,0.71017,0.71505,0.73021,0.73021,0.72532,0.72532,0.73021,0.73998,0.73998,0.75024,0.76002,0.80499,0.99022,1.2107,1.2405,1.0152,0.89052,0.87537,0.89052,0.81525,0.76002,0.73998,0.73509,0.72532,0.71017,0.71505,0.73509,0.74536,0.73998,0.73509,0.73509,0.74536,0.75513,0.76002,0.75513,0.7654,0.77028,0.78006,0.80499,0.81036,0.8001,0.79521,0.79521,0.79032,0.79032,0.78543,0.77028,0.75513,0.74536,0.73021,0.71994,0.73021,0.75513,0.7654,0.7654,0.7654,0.76002,0.75513,0.75024,0.75024,0.75513,0.75513,0.73998,0.73509,0.73509,0.73998,0.73998,0.73998,0.73998,0.74536,0.73509,0.72532,0.71994,0.71994,0.73021,0.73509,0.73509,0.72532,0.71505,0.71505,0.71994,0.72532,0.73021,0.8651,1.1505,1.2805,1.1354,0.95552,0.89541,0.88514,0.82502,0.75024,0.71994,0.70039,0.68035,0.68035,0.68524,0.68524,0.69501,0.71017,0.71017,0.71017,0.71017,0.71505,0.72532,0.73998,0.75513,0.7654,0.77517,0.78543,0.79521,0.79521,0.78543,0.77517,0.7654,0.7654,0.76002,0.75513,0.75513,0.75513,0.75024,0.74536,0.74536,0.73509,0.73509,0.73509,0.73998,0.73509,0.73998,0.74536,0.75024,0.75513,0.76002,0.7654,0.77028,0.77517,0.77517,0.78006,0.77517,0.7654,0.7654,0.75513,0.74536,0.74536,0.75024,0.74536,0.74536,0.74536,0.75513,0.7654,0.77517,0.77517,0.78006,0.77517,0.7654,0.7654,0.7654,0.75513,0.73509,0.71994,0.71505,0.72532,0.73021,0.71994,0.71505,0.71994,0.73021,0.73021,0.71994,0.71994,0.73021,0.71994,0.71994,0.73021,0.73998,0.73998,0.73998,0.74536,0.75513,0.7654,0.81036,0.99022,1.2204,1.2708,1.0753,0.92033,0.88514,0.87537,0.82014,0.7654,0.73998,0.73021,0.72532,0.73021,0.73509,0.73021,0.73021,0.73021,0.73998,0.74536,0.74536,0.74536,0.75513,0.77517,0.78543,0.8001,0.81036,0.81036,0.81036,0.82014,0.82502,0.82014,0.81525,0.80499,0.79521,0.79521,0.79521,0.78006,0.77517,0.77028,0.7654,0.74536,0.73021,0.73021,0.73998,0.75024,0.75024,0.75024,0.76002,0.77028,0.78006,0.78543,0.78006,0.78543,0.8001,0.80499,0.81036,0.82502,0.82502,0.82014,0.81036,0.8001,0.78006,0.76002,0.75513,0.74536,0.74536,0.75024,0.73998,0.72532,0.71994,0.71505,0.70039,0.69501,0.70039,0.71017,0.71017,0.71017,0.71017,0.71505,0.70528,0.70039,0.70039,0.70039,0.70528,0.72532,0.73998,0.79032,0.97019,1.1955,1.2307,1.0254,0.90029,0.88514,0.89541,0.82014,0.75024,0.72532,0.72532,0.73021,0.71994,0.71505,0.71505,0.71994,0.72532,0.71994,0.71994,0.73021,0.74536,0.76002,0.77517,0.79032,0.79521,0.79032,0.8001,0.81036,0.82014,0.82014,0.82014,0.81036,0.8001,0.79032,0.78006,0.78006,0.77517,0.7654,0.75513,0.74536,0.73509,0.73021,0.73021,0.73021,0.73998,0.75024,0.76002,0.76002,0.76002,0.76002,0.7654,0.77028,0.77517,0.78006,0.79521,0.80499,0.81036,0.80499,0.80499,0.8001,0.78543,0.77517,0.75513,0.74536,0.73998,0.73509,0.73021,0.71994,0.71994,0.73021,0.73509,0.73509,0.73021,0.73021,0.73021,0.73021,0.73021,0.73509,0.73998,0.74536,0.74536,0.75024,0.75513,0.76002,0.7654,0.8001,0.97019,1.2053,1.2507,1.0552,0.92522,0.90518,0.91007,0.82502,0.77028,0.75024,0.73509,0.73021,0.71994,0.71505,0.71994,0.73021,0.73021,0.73021,0.73021,0.73509,0.73021,0.75024,0.77517,0.78543,0.78543,0.8001,0.80499,0.8001,0.80499,0.82014,0.82502,0.8001,0.78543,0.78006,0.77028,0.75024,0.73998,0.74536,0.75024,0.73021,0.71505,0.70528,0.70528,0.70528,0.71017,0.71505,0.71994,0.72532,0.71994,0.71994,0.71994,0.73509,0.75024,0.77028,0.77517,0.75513,0.75024,0.75024,0.74536,0.73998,0.72532,0.71017,0.69501,0.68035,0.67498,0.67498,0.6652,0.65494,0.65494,0.65494,0.65494,0.65494,0.65005,0.65005,0.65005,0.65494,0.65494,0.65005,0.65494,0.6652,0.6652,0.67009,0.67498,0.67498,0.67498,0.71017,0.88514,1.1657,1.2556,1.0806,0.88514,0.81525,0.80499,0.76002,0.70039,0.6652,0.65494,0.6652,0.6652,0.67009,0.67009,0.67009,0.67009,0.67498,0.68035,0.68524,0.69013,0.70528,0.71505,0.73021,0.73998,0.75513,0.7654,0.77517,0.77517,0.77028,0.7654,0.7654,0.75513,0.73998,0.73509,0.73021,0.71505,0.71017,0.70528,0.70039,0.69501,0.69013,0.69013,0.68524,0.68035,0.68524,0.69501,0.70039,0.70039,0.71505,0.73021,0.74536,0.76002,0.7654,0.77517,0.78006,0.78006,0.78006,0.77028,0.75024,0.73021,0.71017,0.70528,0.70528,0.71017,0.70528,0.69501,0.68035,0.67498,0.68035,0.69013,0.69501,0.69013,0.69013,0.68035,0.67498,0.67498,0.68035,0.68524,0.69013,0.70039,0.71017,0.71505,0.71994,0.75513,0.93548,1.1955,1.2556,1.0552,0.90518,0.88025,0.88514,0.81036,0.73509,0.69501,0.69013,0.69013,0.69013,0.70039,0.70528,0.70528,0.71017,0.71994,0.72532,0.71994,0.72532,0.73998,0.76002,0.77028,0.78006,0.79521,0.81036,0.82014,0.81036,0.81036,0.81036,0.80499,0.79032,0.78006,0.78006,0.77517,0.76002,0.74536,0.73021,0.71505,0.71017,0.71017,0.71017,0.71017,0.71994,0.73021,0.73998,0.75024,0.76002,0.7654,0.7654,0.78006,0.79521,0.8001,0.79521,0.78543,0.78543,0.78006,0.77028,0.76002,0.74536,0.73509,0.73021,0.73509,0.73509,0.71505,0.70039,0.69501,0.70039,0.69501,0.69013,0.69013,0.69501,0.70039,0.70528,0.71017,0.71017,0.71017,0.71505,0.71505,0.71994,0.71994,0.73021,0.75024,0.77517,0.89052,1.1305,1.2253,1.0855,0.92522,0.88514,0.88025,0.82014,0.76002,0.73509,0.71994,0.71505,0.71505,0.71505,0.71505,0.71505,0.71994,0.72532,0.73021,0.75024,0.7654,0.7654,0.7654,0.77517,0.79032,0.81036,0.82502,0.82502,0.82014,0.82014,0.82014,0.81036,0.81036,0.80499,0.79521,0.78006,0.78006,0.78006,0.7654,0.76002,0.76002,0.76002,0.76002,0.73998,0.73509,0.73998,0.75513,0.7654,0.77028,0.77517,0.77517,0.79032,0.81036,0.82014,0.81525,0.81525,0.82502,0.8304,0.82014,0.81036,0.8001,0.79032,0.78006,0.78006,0.77517,0.7654,0.76002,0.76002,0.75513,0.75513,0.75513,0.75024,0.75024,0.75024,0.74536,0.74536,0.75513,0.76002,0.76002,0.7654,0.7654,0.7654,0.7654,0.78006,0.79521,0.81036,0.93548,1.1804,1.2805,1.1256,0.95552,0.92033,0.93011,0.88025,0.81036,0.78006,0.7654,0.75513,0.75513,0.75513,0.76002,0.75513,0.75513,0.7654,0.77028,0.77028,0.77517,0.78543,0.79032,0.8001,0.82502,0.84018,0.84018,0.84018,0.84018,0.84506,0.84018,0.84018,0.84018,0.8304,0.81525,0.8001,0.78006,0.77028,0.7654,0.77028,0.79032,0.80499,0.79521,0.79032,0.78543,0.78006,0.77517,0.78006,0.78543,0.78006,0.7654,0.76002,0.77028,0.78006,0.77517,0.76002,0.75513,0.7654,0.76002,0.75024,0.73998,0.73509,0.73021,0.73509,0.75024,0.75513,0.73509,0.73021,0.73998,0.73998,0.73509,0.82502,1.1007,1.3104,1.2253,1.0254,0.93548,0.93011,0.88025,0.8001,0.75024,0.73509,0.71994,0.71017,0.71505,0.71994,0.71994,0.71505,0.71505,0.71994,0.73021,0.73509,0.73998,0.75513,0.7654,0.77517,0.78006,0.78543,0.78006,0.78543,0.79521,0.8001,0.78543,0.78006,0.77517,0.7654,0.76002,0.76002,0.76002,0.75024,0.74536,0.74536,0.75024,0.75513,0.75513,0.75513,0.75513,0.75513,0.76002,0.7654,0.77517,0.78006,0.79032,0.79521,0.79032,0.78006,0.78006,0.77517,0.77517,0.77517,0.77028,0.7654,0.75513,0.75513,0.75513,0.75513,0.75513,0.76002,0.7654,0.77517,0.78006,0.79032,0.78543,0.78006,0.77517,0.77028,0.76002,0.74536,0.73998,0.73998,0.74536,0.73998,0.73509,0.73509,0.73509,0.73021,0.73021,0.73021,0.73021,0.72532,0.71994,0.73021,0.73509,0.73998,0.73021,0.73021,0.73509,0.75513,0.76002,0.81525,1.0254,1.2605,1.3006,1.0655,0.92522,0.90029,0.88514,0.82014,0.7654,0.73998,0.73021,0.72532,0.72532,0.73509,0.73998,0.73998,0.74536,0.74536,0.75513,0.76002,0.7654,0.7654,0.77517,0.79032,0.80499,0.82014,0.82502,0.8304,0.84018,0.84506,0.84018,0.82014,0.80499,0.80499,0.8001,0.78543,0.78006,0.77517,0.7654,0.75513,0.74536,0.74536,0.73998,0.73998,0.73509,0.73998,0.74536,0.75024,0.75513,0.76002,0.7654,0.77517,0.79032,0.80499,0.82502,0.82502,0.82502,0.8304,0.83529,0.82014,0.79032,0.77517,0.76002,0.74536,0.73998,0.74536,0.74536,0.75024,0.71994,0.70039,0.71017,0.71505,0.71994,0.71994,0.71505,0.70039,0.70039,0.70039,0.71017,0.71505,0.71994,0.71994,0.73021,0.73998,0.76002,0.78543,0.8304,0.9956,1.2107,1.2405,1.0352,0.91007,0.89052,0.89541,0.8304,0.77028,0.73998,0.73021,0.73021,0.73509,0.73021,0.71505,0.71505,0.72532,0.73509,0.73998,0.74536,0.75513,0.76002,0.78006,0.78006,0.79032,0.8001,0.81036,0.81525,0.82014,0.82014,0.82014,0.81525,0.8001,0.79521,0.78543,0.77517,0.7654,0.75513,0.74536,0.73998,0.73998,0.73509,0.73509,0.73021,0.73021,0.73509,0.73998,0.74536,0.75024,0.75513,0.75513,0.77028,0.78543,0.79032,0.78543,0.78543,0.79032,0.79521,0.79032,0.78006,0.77028,0.76002,0.74536,0.73998,0.74536,0.74536,0.73509,0.73021,0.72532,0.72532,0.71994,0.71505,0.71017,0.71505,0.71994,0.72532,0.73021,0.73021,0.71994,0.71994,0.73509,0.73998,0.73509,0.73998,0.74536,0.79032,0.97019,1.2107,1.2507,1.0205,0.88025,0.8651,0.87537,0.81036,0.74536,0.71505,0.71017,0.71505,0.71994,0.71017,0.70528,0.70528,0.70528,0.71017,0.71994,0.72532,0.73509,0.74536,0.75024,0.75513,0.7654,0.79521,0.81525,0.82014,0.80499,0.79521,0.78006,0.77028,0.77517,0.78543,0.78006,0.76002,0.73998,0.73509,0.73509,0.73509,0.73509,0.71505,0.70528,0.70528,0.71017,0.71505,0.73021,0.74536,0.75513,0.74536,0.74536,0.75513,0.7654,0.78006,0.79032,0.80499,0.81525,0.79521,0.77517,0.7654,0.76002,0.75024,0.73509,0.72532,0.71994,0.71994,0.71505,0.71017,0.70039,0.70039,0.70528,0.70039,0.70039,0.70039,0.70039,0.70039,0.70528,0.71017,0.72532,0.73509,0.71505,0.71505,0.71017,0.71017,0.71994,0.74536,0.90518,1.1857,1.3055,1.1403,0.93548,0.87048,0.87048,0.8304,0.77028,0.73509,0.72532,0.71994,0.71505,0.71505,0.71994,0.71505,0.71505,0.71505,0.73021,0.73509,0.74536,0.76002,0.7654,0.78006,0.8001,0.81036,0.81525,0.82014,0.82502,0.82014,0.81525,0.8001,0.79521,0.79521,0.78543,0.78006,0.77028,0.75513,0.74536,0.73998,0.73509,0.73509,0.72532,0.71994,0.71994,0.72532,0.72532,0.73021,0.73998,0.75024,0.7654,0.78006,0.78543,0.79521,0.80499,0.81525,0.81525,0.81036,0.8001,0.77517,0.75024,0.73998,0.73509,0.73509,0.73509,0.71994,0.70528,0.70039,0.70039,0.70039,0.70039,0.70039,0.70039,0.71017,0.71017,0.71017,0.70039,0.70039,0.70528,0.71505,0.71505,0.71505,0.72532,0.73021,0.78006,0.98534,1.2307,1.2708,1.0503,0.91544,0.89541,0.88025,0.81525,0.75024,0.71994,0.71017,0.69501,0.69501,0.69501,0.69501,0.70039,0.71017,0.71994,0.73021,0.73509,0.74536,0.75513,0.76002,0.77517,0.78543,0.79521,0.80499,0.81036,0.82014,0.8304,0.81525,0.8001,0.79032,0.78006,0.7654,0.76002,0.75513,0.75513,0.74536,0.73509,0.72532,0.71994,0.71994,0.72532,0.73021,0.73021,0.73509,0.73509,0.73509,0.73509,0.75024,0.7654,0.77517,0.78006,0.78543,0.79521,0.79032,0.78006,0.7654,0.74536,0.73021,0.71994,0.71994,0.71994,0.71505,0.70528,0.70039,0.70039,0.70528,0.70039,0.69501,0.69501,0.70039,0.70039,0.70039,0.71017,0.71505,0.71505,0.71505,0.71505,0.71505,0.72532,0.73509,0.74536,0.77517,0.94037,1.1804,1.2356,1.0455,0.90518,0.88025,0.88514,0.8304,0.7654,0.72532,0.71017,0.71017,0.71017,0.71017,0.71017,0.71994,0.73021,0.73021,0.73509,0.73998,0.75024,0.77028,0.77517,0.77517,0.78543,0.8001,0.82014,0.8304,0.82014,0.81036,0.81036,0.80499,0.8001,0.79032,0.78006,0.77517,0.77517,0.77517,0.77028,0.76002,0.74536,0.73021,0.73021,0.73021,0.73509,0.73509,0.73998,0.75024,0.75513,0.76002,0.77028,0.78543,0.78543,0.79521,0.80499,0.82502,0.8304,0.82502,0.81036,0.79521,0.77517,0.76002,0.75513,0.75513,0.75024,0.73998,0.73021,0.72532,0.73021,0.72532,0.72532,0.73021,0.73021,0.72532,0.71994,0.71994,0.72532,0.72532,0.73021,0.73021,0.73021,0.73509,0.73509,0.74536,0.76002,0.84018,1.0606,1.2454,1.1804,1.0005,0.91007,0.89541,0.85533,0.78543,0.75024,0.74536,0.73509,0.71994,0.71017,0.70039,0.71505,0.75024,0.76002,0.73998,0.73509,0.73998,0.74536,0.75513,0.78006,0.8001,0.80499,0.8001,0.81036,0.82014,0.8304,0.82502,0.80499,0.8001,0.78543,0.77517,0.78006,0.8001,0.78543,0.75513,0.73509,0.73021,0.73021,0.73998,0.74536,0.75513,0.77028,0.78006,0.77028,0.7654,0.77517,0.78543,0.78006,0.77028,0.76002,0.75024,0.74536,0.74536,0.75024,0.74536,0.73998,0.73998,0.73509,0.73021,0.71994,0.71505,0.71505,0.71505,0.71994,0.72532,0.71505,0.71017,0.70528,0.70528,0.75024,0.96041,1.2356,1.3006,1.0855,0.93011,0.90518,0.88025,0.81036,0.73998,0.70528,0.70039,0.69501,0.69013,0.68524,0.69013,0.69501,0.69501,0.70528,0.71505,0.73509,0.73998,0.74536,0.75513,0.77028,0.78006,0.79032,0.79521,0.8001,0.78543,0.78543,0.78006,0.77517,0.7654,0.76002,0.75513,0.75513,0.75513,0.75513,0.74536,0.73021,0.71994,0.71505,0.71505,0.71505,0.71505,0.71994,0.73021,0.73509,0.75024,0.75513,0.75513,0.76002,0.7654,0.77028,0.78006,0.78543,0.77028,0.76002,0.75513,0.75513,0.75513,0.75513,0.76002,0.7654,0.77028,0.77028,0.78006,0.78543,0.78006,0.77028,0.76002,0.74536,0.73021,0.72532,0.72532,0.71994,0.71017,0.70528,0.70039,0.70528,0.71505,0.71994,0.71994,0.73021,0.73509,0.73509,0.73509,0.73021,0.73021,0.73021,0.73021,0.73509,0.73998,0.75513,0.78006,0.89052,1.1403,1.2854,1.1657,0.97556,0.90029,0.89052,0.85044,0.78543,0.74536,0.73509,0.73021,0.71994,0.71505,0.71505,0.71994,0.73021,0.73509,0.73998,0.73998,0.75024,0.7654,0.78006,0.78543,0.78543,0.8001,0.82502,0.83529,0.84018,0.8304,0.82502,0.82014,0.81525,0.81525,0.81036,0.79521,0.78543,0.78543,0.78006,0.7654,0.76002,0.76002,0.75513,0.74536,0.74536,0.74536,0.74536,0.75513,0.76002,0.7654,0.77517,0.78543,0.80499,0.81525,0.82502,0.84018,0.84018,0.83529,0.8304,0.82502,0.80499,0.78543,0.76002,0.74536,0.73998,0.73998,0.74536,0.73998,0.73021,0.72532,0.72532,0.71994,0.71505,0.71505,0.71994,0.71994,0.71505,0.71017,0.71505,0.71994,0.72532,0.73509,0.73509,0.73509,0.76002,0.78006,0.86022,1.0855,1.2556,1.1657,0.97556,0.89541,0.89541,0.87537,0.81036,0.77028,0.74536,0.73509,0.73509,0.73998,0.73998,0.73998,0.73998,0.73998,0.74536,0.74536,0.75513,0.77517,0.78543,0.79032,0.79521,0.81036,0.82502,0.83529,0.84018,0.84506,0.84506,0.8304,0.82014,0.82014,0.81036,0.8001,0.79032,0.78006,0.77028,0.7654,0.76002,0.75513,0.74536,0.74536,0.74536,0.76002,0.7654,0.7654,0.7654,0.77028,0.77517,0.78543,0.79032,0.79521,0.79521,0.79032,0.8001,0.80499,0.80499,0.8001,0.79032,0.77517,0.7654,0.75513,0.74536,0.73998,0.72532,0.70039,0.69501,0.69501,0.70039,0.71017,0.71994,0.72532,0.72532,0.73509,0.74536,0.74536,0.73998,0.72532,0.72532,0.73021,0.73021,0.73509,0.75513,0.77517,0.89052,1.1305,1.2356,1.1007,0.93011,0.89052,0.89541,0.85533,0.79032,0.75513,0.74536,0.74536,0.75024,0.74536,0.73509,0.73509,0.73998,0.74536,0.73998,0.73998,0.75513,0.76002,0.77028,0.78006,0.79032,0.81036,0.8304,0.83529,0.82014,0.81036,0.80499,0.8001,0.8001,0.8001,0.79032,0.77517,0.76002,0.75513,0.75513,0.75513,0.76002,0.73509,0.71994,0.71994,0.73021,0.73998,0.74536,0.75024,0.74536,0.73998,0.74536,0.75513,0.77517,0.78543,0.79521,0.8001,0.79521,0.79521,0.78543,0.77517,0.76002,0.75024,0.73509,0.72532,0.72532,0.73021,0.71505,0.70039,0.69501,0.69501,0.70039,0.69501,0.69501,0.69013,0.69013,0.69501,0.70039,0.69501,0.69501,0.68524,0.68035,0.68524,0.70039,0.71017,0.71505,0.73509,0.90518,1.1857,1.2708,1.0953,0.90518,0.85044,0.84018,0.78543,0.73509,0.71017,0.69501,0.69013,0.68524,0.68524,0.69013,0.69013,0.69013,0.69013,0.69013,0.70039,0.71505,0.73021,0.74536,0.75513,0.76002,0.77028,0.78543,0.79521,0.79521,0.78543,0.78006,0.77517,0.77517,0.77517,0.7654,0.75513,0.74536,0.73998,0.73509,0.73509,0.73021,0.72532,0.71994,0.71505,0.71994,0.71994,0.73021,0.73509,0.73998,0.75024,0.77028,0.78543,0.78543,0.78543,0.8001,0.81036,0.81525,0.81036,0.79521,0.77517,0.76002,0.75024,0.73998,0.73998,0.73998,0.73021,0.71505,0.71017,0.71017,0.70528,0.70528,0.71017,0.71505,0.72532,0.73021,0.71505,0.70528,0.71017,0.71505,0.71994,0.71994,0.72532,0.73509,0.75513,0.81036,1.0054,1.2405,1.2854,1.0552,0.92522,0.90518,0.87048,0.79521,0.73509,0.71994,0.71994,0.71994,0.71994,0.71994,0.71505,0.71505,0.71505,0.72532,0.73998,0.74536,0.74536,0.75513,0.76002,0.77028,0.79032,0.81525,0.8304,0.82502,0.8001,0.77517,0.77028,0.77517,0.78006,0.77517,0.7654,0.76002,0.75513,0.74536,0.73998,0.73021,0.71994,0.71994,0.73021,0.73509,0.71994,0.71994,0.72532,0.73021,0.73021,0.73998,0.75513,0.77517,0.78543,0.79032,0.79032,0.79032,0.79032,0.79521,0.78006,0.75024,0.73021,0.71994,0.71505,0.71505,0.71505,0.70039,0.69501,0.69501,0.69501,0.70039,0.71017,0.70528,0.69501,0.69013,0.69501,0.70039,0.69013,0.69013,0.69501,0.70528,0.71017,0.71994,0.73509,0.74536,0.82014,1.0455,1.2253,1.1457,0.95552,0.87048,0.87048,0.85044,0.77517,0.73021,0.71994,0.71017,0.69013,0.69013,0.69501,0.70528,0.71017,0.70039,0.70039,0.71017,0.71994,0.73021,0.73509,0.73998,0.75024,0.76002,0.77028,0.78006,0.79521,0.8001,0.8001,0.80499,0.8001,0.78543,0.7654,0.76002,0.75513,0.74536,0.73509,0.71505,0.71505,0.71994,0.72532,0.74536,0.75513,0.71505,0.69501,0.70528,0.71994,0.73021,0.73021,0.73998,0.75513,0.7654,0.77517,0.78543,0.79521,0.78543,0.78543,0.78543,0.77028,0.73998,0.71017,0.69013,0.69013,0.69501,0.69013,0.68035,0.69013,0.69501,0.69013,0.68035,0.68035,0.68035,0.67498,0.67009,0.67498,0.68035,0.68524,0.69013,0.69501,0.70528,0.71505,0.72532,0.74536,0.78006,0.92522,1.1457,1.2053,1.0455,0.90518,0.87537,0.87537,0.82502,0.7654,0.73509,0.72532,0.71994,0.71994,0.71994,0.72532,0.71994,0.71994,0.71994,0.73021,0.73509,0.73509,0.74536,0.76002,0.77517,0.79032,0.8001,0.81036,0.82014,0.80499,0.8001,0.80499,0.8001,0.78543,0.78006,0.77517,0.75513,0.74536,0.74536,0.76002,0.74536,0.72532,0.71505,0.71017,0.71017,0.71505,0.71994,0.73021,0.73998,0.75513,0.76002,0.76002,0.76002,0.76002,0.77517,0.79032,0.8001,0.79032,0.77028,0.7654,0.75513,0.73998,0.73021,0.71505,0.71505,0.71505,0.71994,0.71017,0.70039,0.69013,0.69013,0.69013,0.69013,0.69013,0.69501,0.70039,0.69501,0.69501,0.70039,0.70528,0.71017,0.71505,0.71505,0.71505,0.71505,0.71505,0.77517,1.0103,1.2708,1.3006,1.0352,0.88514,0.85533,0.83529,0.78006,0.73509,0.70528,0.70039,0.70528,0.71017,0.71017,0.71017,0.71505,0.71017,0.71017,0.71994,0.73509,0.73509,0.73509,0.74536,0.76002,0.77517,0.78543,0.79521,0.79521,0.79521,0.8001,0.79521,0.77517,0.76002,0.75024,0.74536,0.73998,0.73021,0.72532,0.71994,0.71994,0.73509,0.74536,0.73998,0.74536,0.75024,0.73998,0.73509,0.73509,0.73021,0.73509,0.73998,0.73998,0.73998,0.74536,0.75024,0.75024,0.76002,0.7654,0.75513,0.74536,0.73509,0.71994,0.71505,0.71505,0.71017,0.71017,0.71017,0.71017,0.71017,0.71017,0.72532,0.88025,1.1657,1.2908,1.1354,0.95552,0.90518,0.90029,0.84018,0.75513,0.71017,0.69013,0.69013,0.69501,0.69501,0.68524,0.68524,0.69013,0.69501,0.69501,0.70528,0.71505,0.73021,0.73998,0.75513,0.77028,0.77517,0.77517,0.78006,0.77517,0.77028,0.7654,0.76002,0.75513,0.75024,0.74536,0.74536,0.75024,0.74536,0.73509,0.73021,0.73021,0.71994,0.71994,0.73021,0.73509,0.73998,0.74536,0.74536,0.75024,0.75513,0.75024,0.76002,0.7654,0.77028,0.77028,0.7654,0.75513,0.75024,0.75024,0.74536,0.73998,0.73998,0.74536,0.75024,0.75513,0.7654,0.77517,0.78006,0.78006,0.77028,0.76002,0.75513,0.74536,0.73021,0.71994,0.72532,0.73021,0.73021,0.71994,0.71017,0.70528,0.71017,0.71505,0.71505,0.71505,0.71505,0.71505,0.70528,0.70039,0.71505,0.72532,0.71017,0.71505,0.73509,0.75513,0.76002,0.81525,1.0303,1.2356,1.2454,1.0005,0.88514,0.87048,0.85533,0.8001,0.75024,0.71994,0.71505,0.71505,0.71994,0.72532,0.73021,0.72532,0.71994,0.73021,0.73509,0.73998,0.75513,0.76002,0.7654,0.78006,0.79521,0.81036,0.82014,0.8304,0.84018,0.84018,0.83529,0.82502,0.81036,0.8001,0.79521,0.79521,0.79521,0.79521,0.78006,0.7654,0.76002,0.77028,0.77517,0.75513,0.73998,0.74536,0.75513,0.76002,0.7654,0.77517,0.78006,0.79032,0.80499,0.82502,0.83529,0.8304,0.8304,0.84018,0.84018,0.83529,0.82502,0.80499,0.77517,0.75513,0.75513,0.76002,0.76002,0.74536,0.73509,0.71994,0.71994,0.72532,0.71505,0.71505,0.72532,0.73021,0.73021,0.72532,0.71994,0.71994,0.73021,0.73509,0.73998,0.75024,0.76002,0.77517,0.8304,1.0054,1.2053,1.2356,1.0205,0.91007,0.89541,0.90518,0.83529,0.79032,0.75024,0.73021,0.73021,0.73021,0.73021,0.73509,0.74536,0.75513,0.7654,0.77517,0.78006,0.79032,0.79521,0.79521,0.8001,0.81525,0.82502,0.84018,0.84506,0.83529,0.8304,0.8304,0.8304,0.82014,0.81036,0.8001,0.79521,0.78543,0.77517,0.75513,0.74536,0.75024,0.73998,0.73509,0.75024,0.77028,0.77517,0.75024,0.73998,0.73509,0.7654,0.79032,0.78543,0.78006,0.78006,0.78006,0.8001,0.81036,0.8001,0.78006,0.7654,0.75513,0.74536,0.73509,0.72532,0.72532,0.71994,0.71505,0.71505,0.71994,0.71505,0.71017,0.71017,0.71017,0.70528,0.71505,0.73021,0.71994,0.71017,0.71017,0.71505,0.71505,0.72532,0.73509,0.74536,0.74536,0.78006,0.96041,1.2253,1.2908,1.0855,0.92522,0.89052,0.88025,0.82014,0.75513,0.71994,0.71994,0.71994,0.72532,0.73021,0.72532,0.72532,0.73021,0.73509,0.74536,0.76002,0.7654,0.7654,0.78006,0.78543,0.78543,0.8001,0.82014,0.82502,0.8304,0.84018,0.83529,0.82502,0.81525,0.80499,0.80499,0.80499,0.78543,0.76002,0.76002,0.75513,0.74536,0.74536,0.74536,0.74536,0.74536,0.75024,0.76002,0.7654,0.76002,0.74536,0.75024,0.77517,0.8001,0.81525,0.8304,0.84018,0.84506,0.84018,0.82502,0.80499,0.78543,0.77028,0.76002,0.75513,0.75513,0.74536,0.73509,0.73021,0.73021,0.73021,0.71994,0.72532,0.73021,0.73021,0.73021,0.72532,0.71505,0.71505,0.71994,0.73021,0.73021,0.73021,0.73509,0.73998,0.75024,0.82502,1.0606,1.2908,1.3104,1.0455,0.91544,0.90029,0.88025,0.81036,0.75513,0.73021,0.71994,0.71505,0.71505,0.71994,0.72532,0.73021,0.72532,0.73021,0.73509,0.74536,0.76002,0.7654,0.77028,0.78006,0.8001,0.82014,0.82014,0.82014,0.82502,0.8304,0.81525,0.80499,0.8001,0.79521,0.79521,0.78006,0.77028,0.7654,0.76002,0.75513,0.74536,0.73998,0.73998,0.74536,0.75024,0.76002,0.7654,0.78543,0.78006,0.7654,0.7654,0.77028,0.78543,0.80499,0.82014,0.82502,0.8304,0.82014,0.8001,0.78006,0.7654,0.76002,0.7654,0.76002,0.75513,0.74536,0.73021,0.71505,0.71505,0.71505,0.71505,0.71505,0.71505,0.71505,0.71994,0.72532,0.73021,0.73021,0.73021,0.73509,0.73509,0.74536,0.7654,0.79032,0.91007,1.1554,1.2854,1.1505,0.96041,0.90029,0.91007,0.8651,0.79521,0.75024,0.72532,0.71505,0.71505,0.71505,0.71994,0.71994,0.71994,0.73509,0.75024,0.75513,0.73998,0.73998,0.75513,0.77028,0.78543,0.8001,0.81036,0.81525,0.8304,0.83529,0.82502,0.82502,0.8304,0.8001,0.78543,0.78006,0.77517,0.7654,0.75513,0.75513,0.73998,0.73021,0.71994,0.71994,0.72532,0.73509,0.74536,0.75513,0.75513,0.75513,0.7654,0.78006,0.79521,0.81036,0.81525,0.81036,0.81036,0.80499,0.79521,0.78006,0.7654,0.75513,0.73998,0.73998,0.74536,0.73509,0.73021,0.71994,0.71017,0.70039,0.70039,0.70039,0.71017,0.71505,0.71505,0.71505,0.71017,0.71505,0.71505,0.71994,0.72532,0.71994,0.72532,0.73998,0.76002,0.8001,0.9653,1.1906,1.2356,1.0406,0.89541,0.87048,0.88025,0.8304,0.76002,0.72532,0.71505,0.71017,0.71017,0.71017,0.71017,0.71505,0.71505,0.71994,0.73509,0.73998,0.74536,0.75513,0.7654,0.78006,0.79521,0.80499,0.82014,0.82502,0.82502,0.82014,0.81036,0.81036,0.81036,0.80499,0.79521,0.78543,0.77517,0.7654,0.7654,0.76002,0.75513,0.75513,0.75513,0.75024,0.75513,0.75513,0.75513,0.76002,0.7654,0.7654,0.77028,0.77517,0.79032,0.81036,0.81036,0.80499,0.80499,0.81036,0.79521,0.78543,0.77517,0.75024,0.71505,0.70528,0.70528,0.71017,0.70528,0.69501,0.69013,0.69013,0.68035,0.68524,0.69013,0.69501,0.68524,0.68524,0.69013,0.68035,0.67498,0.68524,0.69501,0.70039,0.70039,0.71017,0.71505,0.75513,0.93548,1.1906,1.2507,1.0552,0.89541,0.85044,0.84018,0.79521,0.75024,0.72532,0.70039,0.69013,0.68524,0.69013,0.70039,0.71017,0.71994,0.71994,0.71505,0.71505,0.71994,0.73021,0.73509,0.75024,0.77028,0.78006,0.78543,0.79521,0.8001,0.79521,0.77517,0.76002,0.75513,0.75024,0.75513,0.74536,0.73998,0.73998,0.73509,0.71505,0.70039,0.70039,0.70528,0.70039,0.70039,0.70528,0.71505,0.73021,0.73509,0.71994,0.73021,0.76002,0.77517,0.77517,0.78006,0.78543,0.78543,0.78006,0.77517,0.7654,0.75024,0.73998,0.73509,0.72532,0.71994,0.71505,0.70528,0.69013,0.69013,0.69013,0.69501,0.69501,0.69501,0.69501,0.69501,0.70039,0.70528,0.71017,0.70528,0.70039,0.70528,0.71017,0.71505,0.72532,0.73998,0.8001,1.0254,1.2805,1.3206,1.0606,0.90518,0.88025,0.8651,0.80499,0.75024,0.72532,0.71505,0.70528,0.70039,0.71017,0.71505,0.71994,0.71994,0.72532,0.73021,0.73998,0.74536,0.75513,0.76002,0.77028,0.78543,0.8001,0.80499,0.80499,0.80499,0.81036,0.8001,0.79032,0.78543,0.78006,0.77517,0.76002,0.74536,0.73998,0.73998,0.73021,0.72532,0.73021,0.73021,0.73021,0.73021,0.73509,0.73998,0.73998,0.75513,0.7654,0.78006,0.79521,0.80499,0.82014,0.8304,0.8304,0.82502,0.82014,0.80499,0.78543,0.77028,0.7654,0.7654,0.7654,0.75024,0.72532,0.71994,0.73021,0.73021,0.73021,0.71994,0.71994,0.72532,0.73021,0.71994,0.71505,0.71994,0.72532,0.73021,0.73509,0.73998,0.73998,0.75513,0.77517,0.91007,1.1706,1.3006,1.1505,0.95552,0.90029,0.90518,0.85533,0.79032,0.73998,0.71994,0.71505,0.71505,0.71505,0.71505,0.71505,0.71994,0.71994,0.73021,0.73021,0.73509,0.73998,0.75024,0.7654,0.78006,0.79521,0.80499,0.81036,0.82014,0.82014,0.82014,0.82014,0.81036,0.79521,0.78006,0.77517,0.7654,0.7654,0.76002,0.73998,0.71994,0.71505,0.71505,0.72532,0.74536,0.7654,0.78006,0.79032,0.77517,0.7654,0.76002,0.77028,0.76002,0.74536,0.73998,0.73998,0.73998,0.74536,0.73998,0.73509,0.73021,0.71994,0.71505,0.71505,0.71505,0.71017,0.71017,0.71505,0.71994,0.72532,0.71505,0.72532,0.73998,0.75513,0.86022,1.0953,1.2307,1.1105,0.94526,0.89541,0.90029,0.84018,0.75513,0.71505,0.71017,0.71505,0.71017,0.70039,0.69501,0.69501,0.70039,0.71505,0.71505,0.71505,0.72532,0.73509,0.73998,0.74536,0.76002,0.77517,0.79032,0.79521,0.78543,0.78006,0.78543,0.79032,0.77517,0.75513,0.74536,0.73998,0.73509,0.73509,0.73021,0.71994,0.71994,0.71994,0.73021,0.73021,0.73021,0.73021,0.73509,0.73509,0.73998,0.74536,0.75513,0.76002,0.76002,0.76002,0.7654,0.77028,0.76002,0.75513,0.75513,0.75513,0.76002,0.74536,0.73998,0.73998,0.75513,0.76002,0.7654,0.77517,0.78006,0.78006,0.77517,0.77517,0.75513,0.73021,0.72532,0.73509,0.73021,0.71994,0.71505,0.71017,0.71505,0.71994,0.72532,0.71994,0.71505,0.71505,0.71505,0.71505,0.71505,0.71994,0.73021,0.73509,0.73021,0.73998,0.75513,0.77517,0.91007,1.1657,1.2654,1.1105,0.93011,0.8651,0.8651,0.82014,0.7654,0.73998,0.73998,0.73509,0.71994,0.71505,0.71994,0.72532,0.73021,0.73509,0.73509,0.73998,0.75024,0.76002,0.76002,0.77028,0.78543,0.79521,0.80499,0.81525,0.82502,0.8304,0.81525,0.8001,0.8001,0.78543,0.78006,0.78006,0.77028,0.76002,0.76002,0.7654,0.74536,0.73509,0.73998,0.74536,0.73998,0.73021,0.73021,0.73509,0.75024,0.76002,0.77028,0.78006,0.78543,0.79521,0.8001,0.80499,0.81036,0.80499,0.80499,0.80499,0.8001,0.79032,0.77028,0.75024,0.74536,0.74536,0.73998,0.73021,0.71505,0.70039,0.69013,0.69501,0.70039,0.69013,0.69013,0.69013,0.69501,0.70039,0.71017,0.71505,0.71994,0.71505,0.71017,0.71017,0.70528,0.71017,0.72532,0.77517,0.99022,1.2605,1.3157,1.0806,0.92033,0.89052,0.87537,0.81525,0.75024,0.71994,0.71994,0.71994,0.71994,0.71994,0.72532,0.73021,0.73021,0.73509,0.73998,0.73998,0.74536,0.75513,0.77028,0.78543,0.79521,0.8001,0.81525,0.82502,0.8304,0.8304,0.82014,0.8001,0.79521,0.78543,0.77517,0.77517,0.7654,0.75024,0.73998,0.73998,0.74536,0.73021,0.73021,0.72532,0.71505,0.71505,0.71994,0.73021,0.73509,0.75024,0.7654,0.78006,0.79521,0.8001,0.81036,0.82014,0.81036,0.80499,0.79521,0.78006,0.76002,0.74536,0.73998,0.74536,0.73509,0.71994,0.71505,0.71505,0.71505,0.71505,0.71505,0.71505,0.71505,0.71017,0.70528,0.71017,0.71017,0.71017,0.70528,0.70528,0.71017,0.72532,0.74536,0.76002,0.81036,0.9956,1.2405,1.2854,1.0552,0.92522,0.89541,0.8651,0.8001,0.75513,0.73021,0.71505,0.71017,0.71017,0.71017,0.71017,0.71505,0.71505,0.71505,0.71994,0.73509,0.74536,0.74536,0.75513,0.7654,0.77517,0.78006,0.79032,0.8001,0.81036,0.80499,0.8001,0.8001,0.78543,0.77028,0.76002,0.76002,0.76002,0.75024,0.73509,0.73021,0.71994,0.71505,0.71017,0.72532,0.73509,0.73509,0.72532,0.72532,0.73509,0.74536,0.76002,0.77517,0.78543,0.78543,0.79521,0.8001,0.80499,0.78543,0.76002,0.75024,0.73509,0.71994,0.71505,0.71505,0.71505,0.71017,0.70039,0.70039,0.69501,0.69013,0.69013,0.69013,0.69501,0.69501,0.70039,0.70039,0.70039,0.70528,0.71017,0.71994,0.71994,0.71505,0.71994,0.73998,0.7654,0.88514,1.1202,1.2356,1.0953,0.91544,0.85533,0.86022,0.81525,0.75024,0.71505,0.71017,0.70039,0.70039,0.69501,0.70039,0.71017,0.71017,0.70528,0.71017,0.71994,0.73509,0.73998,0.74536,0.75513,0.77028,0.78543,0.79521,0.8001,0.79521,0.79032,0.79032,0.79521,0.79521,0.78543,0.78006,0.77517,0.7654,0.75513,0.74536,0.73998,0.73998,0.73998,0.73509,0.71994,0.71505,0.72532,0.73998,0.74536,0.75513,0.76002,0.7654,0.77517,0.78006,0.78543,0.79521,0.8001,0.80499,0.79521,0.78543,0.78543,0.77517,0.75024,0.73509,0.73509,0.73998,0.73509,0.72532,0.71994,0.71994,0.71505,0.71505,0.71505,0.71994,0.71505,0.71017,0.71505,0.71505,0.71017,0.71017,0.71994,0.73021,0.73509,0.73021,0.73998,0.75024,0.78543,0.96041,1.2155,1.2805,1.0806,0.92033,0.89052,0.89541,0.8304,0.77028,0.73998,0.73509,0.73021,0.73021,0.73021,0.73509,0.73509,0.73509,0.73998,0.73998,0.74536,0.76002,0.77517,0.78006,0.79032,0.8001,0.81036,0.82014,0.82502,0.82502,0.82502,0.82014,0.81525,0.81036,0.80499,0.79521,0.78006,0.77028,0.76002,0.75513,0.75513,0.75513,0.74536,0.73998,0.74536,0.74536,0.74536,0.75024,0.75513,0.76002,0.7654,0.79032,0.8001,0.81036,0.82014,0.82014,0.82502,0.82502,0.82502,0.82014,0.80499,0.78006,0.75513,0.73998,0.73998,0.74536,0.73509,0.71994,0.71505,0.71505,0.71994,0.71505,0.71017,0.71017,0.71017,0.71017,0.71505,0.71505,0.71994,0.71994,0.73021,0.73021,0.73509,0.73509,0.73509,0.75024,0.83529,1.0953,1.3206,1.3255,1.0303,0.90518,0.74536,0.75024,0.73021,0.71994,0.71994,0.71994,0.71994,0.71994,0.71994,0.73509,0.73998,0.73021,0.73021,0.73998,0.71994,0.71017,0.71505,0.72532,0.73509,0.75024,0.8304,1.0606,1.2908,1.3104,1.0552,0.92522,0.90518,0.88514,0.82502,0.78006,0.75513,0.73021,0.71017,0.69501,0.69013,0.70039,0.71017,0.73021,0.73998,0.74536,0.75024,0.76002,0.77028,0.78006,0.79032,0.80499,0.81525,0.82014,0.8304,0.84018,0.82502,0.81036,0.80499,0.8001,0.79032,0.77028,0.7654,0.7654,0.76002,0.75024,0.73998,0.73509,0.73509,0.73509,0.72532,0.73021,0.75024,0.76002,0.77517,0.79521,0.78543,0.78006,0.79032,0.79521,0.80499,0.81525,0.82502,0.8304,0.81525,0.79521,0.77028,0.75513,0.74536,0.73998,0.73998,0.73998,0.73021,0.71505,0.71505,0.71994,0.73021,0.72532,0.71505,0.71017,0.71994,0.72532,0.73021,0.72532,0.71505,0.71505,0.73021,0.73021,0.73509,0.74536,0.77028,0.90518,1.1657,1.2854,1.1505,0.98045,0.91544,0.90029,0.85533,0.78006,0.73021,0.71505,0.71505,0.71994,0.72532,0.71505,0.71505,0.71994,0.73509,0.73998,0.74536,0.73998,0.75024,0.7654,0.77517,0.78006,0.79521,0.80499,0.81525,0.82014,0.82014,0.81525,0.80499,0.8001,0.79521,0.78006,0.78006,0.77517,0.7654,0.73998,0.71994,0.71505,0.71505,0.71505,0.71017,0.71505,0.73021,0.73998,0.74536,0.75513,0.76002,0.77028,0.78006,0.8001,0.81036,0.81036,0.81036,0.84018,0.84506,0.80499,0.77028,0.75513,0.73021,0.71017,0.70039,0.71017,0.71505,0.71017,0.70039,0.69501,0.70039,0.69501,0.69013,0.69013,0.69501,0.69501,0.70528,0.71994,0.70528,0.69013,0.69013,0.69013,0.69501,0.69013,0.69501,0.70528,0.7654,0.98534,1.2204,1.2507,0.99022,0.86022,0.85044,0.85533,0.8001,0.73998,0.69013,0.67009,0.6652,0.6652,0.67009,0.68524,0.70039,0.70528,0.70039,0.70039,0.71017,0.71994,0.72532,0.72532,0.73509,0.75513,0.77028,0.79032,0.79521,0.78543,0.7654,0.74536,0.74536,0.74536,0.73998,0.73021,0.71994,0.71994,0.72532,0.70528,0.70039,0.71017,0.70039,0.69013,0.68524,0.69013,0.69501,0.69501,0.70039,0.71017,0.71505,0.71505,0.72532,0.73509,0.74536,0.75513,0.7654,0.78006,0.78006,0.7654,0.75513,0.73509,0.70528,0.68524,0.67498,0.67009,0.67009,0.6652,0.66031,0.65494,0.65494,0.65494,0.66031,0.6652,0.67009,0.66031,0.66031,0.6652,0.67009,0.69013,0.70528,0.68524,0.66031,0.65005,0.65005,0.67009,0.82502,1.1153,1.2605,1.1105,0.90518,0.82502,0.8304,0.79032,0.71994,0.68524,0.67498,0.67498,0.68524,0.69013,0.67498,0.65005,0.65005,0.67009,0.68035,0.69013,0.70039,0.71505,0.73021,0.73509,0.74536,0.76002,0.77028,0.78006,0.79032,0.79521,0.78006,0.77028,0.76002,0.74536,0.74536,0.75513,0.73509,0.71994,0.71505,0.69501,0.68035,0.68035,0.69013,0.69013,0.69013,0.69501,0.70528,0.72532,0.73509,0.73509,0.74536,0.77028,0.78006,0.76002,0.76002,0.77517,0.78543,0.79521,0.78543,0.77517,0.75513,0.73998,0.73021,0.72532,0.72532,0.71505,0.70528,0.70039,0.70039,0.69501,0.69501,0.70039,0.69501,0.69501,0.70528,0.71017,0.69013,0.68035,0.68035,0.69501,0.70528,0.71994,0.73509,0.73021,0.8304,1.0855,1.2708,1.1804,0.98045,0.89052,0.89541,0.8651,0.78543,0.72532,0.71505,0.71994,0.73021,0.71505,0.71017,0.71017,0.70039,0.69501,0.70528,0.72532,0.73998,0.74536,0.75024,0.7654,0.78543,0.79521,0.81036,0.82014,0.82502,0.81525,0.81036,0.81525,0.80499,0.78006,0.7654,0.7654,0.76002,0.75513,0.75513,0.75513,0.75513,0.73998,0.73021,0.73509,0.73998,0.74536,0.75513,0.76002,0.76002,0.76002,0.77517,0.78543,0.79521,0.81525,0.8304,0.83529,0.81036,0.8001,0.79521,0.78006,0.7654,0.75024,0.73998,0.73998,0.74536,0.75024,0.73998,0.72532,0.71994,0.72532,0.73509,0.71505,0.70039,0.70528,0.70039,0.69013,0.69013,0.70039,0.71017,0.71994,0.72532,0.71994,0.73021,0.74536,0.78543,0.93548,1.1706,1.2454,1.0904,0.94037,0.91544,0.92522,0.84018,0.75024,0.71994,0.71505,0.69501,0.69013,0.69501,0.70039,0.70528,0.71505,0.71994,0.73021,0.73998,0.75024,0.75513,0.75513,0.7654,0.78006,0.79032,0.80499,0.82502,0.8304,0.82014,0.8001,0.78006,0.7654,0.76002,0.76002,0.76002,0.7654,0.75513,0.73998,0.73509,0.75024,0.77028,0.79032,0.79521,0.77517,0.73998,0.72532,0.71994,0.73509,0.73509,0.73021,0.73021,0.71994,0.71505,0.71505,0.71505,0.71505,0.71505,0.70528,0.69501,0.69501,0.69013,0.69501,0.69501,0.70039,0.71017,0.68524,0.67009,0.67498,0.68524,0.73509,0.93011,1.1706,1.2107,0.9956,0.88514,0.87537,0.85044,0.78006,0.71994,0.69501,0.68035,0.66031,0.65005,0.65005,0.65494,0.6652,0.67498,0.69013,0.69501,0.69501,0.71017,0.72532,0.73509,0.73509,0.73998,0.75024,0.74536,0.75024,0.76002,0.75024,0.72532,0.71505,0.71994,0.71505,0.71017,0.71017,0.71505,0.71994,0.71505,0.70039,0.70528,0.71505,0.71505,0.71505,0.71994,0.72532,0.71994,0.71994,0.73509,0.73998,0.73021,0.73021,0.73509,0.73998,0.73509,0.73509,0.73021,0.71994,0.71505,0.71994,0.72532,0.71505,0.71505,0.71017,0.71017,0.71994,0.73021,0.72532,0.73509,0.74536,0.74536,0.73998,0.74536,0.73998,0.71994,0.69501,0.69013,0.69013,0.70528,0.71017,0.69501,0.69013,0.70528,0.71505,0.70039,0.70039,0.70528,0.70039,0.69501,0.70528,0.71505,0.70528,0.70039,0.71017,0.71994,0.73021,0.71994,0.8001,1.0503,1.2957,1.3157,1.0406,0.89052,0.8651,0.84506,0.78543,0.73998,0.71505,0.70039,0.70528,0.71505,0.71994,0.71505,0.71017,0.71505,0.73509,0.73998,0.73998,0.74536,0.76002,0.77517,0.78543,0.79521,0.8001,0.80499,0.81036,0.81525,0.82014,0.81036,0.81036,0.81036,0.80499,0.8001,0.79032,0.78543,0.78006,0.7654,0.76002,0.76002,0.76002,0.75513,0.74536,0.75024,0.75513,0.75513,0.7654,0.78543,0.81036,0.82502,0.82014,0.82502,0.84018,0.83529,0.84018,0.85044,0.86022,0.85533,0.84506,0.84018,0.81525,0.79032,0.77517,0.78006,0.78006,0.7654,0.75024,0.73509,0.73509,0.73998,0.73998,0.73509,0.73509,0.73021,0.71994,0.71994,0.71994,0.72532,0.73021,0.73509,0.73998,0.73998,0.73998,0.75513,0.79032,0.93011,1.1906,1.3157,1.1657,0.98534,0.93548,0.93548,0.88025,0.8001,0.74536,0.71505,0.71505,0.72532,0.73021,0.73509,0.73509,0.73998,0.74536,0.75024,0.76002,0.76002,0.76002,0.77028,0.79032,0.8001,0.80499,0.82014,0.83529,0.84506,0.82502,0.81036,0.81036,0.80499,0.79521,0.79521,0.79521,0.79521,0.79521,0.78006,0.7654,0.76002,0.77028,0.76002,0.73998,0.73998,0.74536,0.75513,0.77517,0.77517,0.7654,0.77517,0.78543,0.79521,0.8001,0.81036,0.82502,0.8304,0.82014,0.81036,0.8001,0.78006,0.7654,0.75024,0.74536,0.75513,0.75513,0.75024,0.73509,0.71994,0.72532,0.73509,0.73998,0.73021,0.73021,0.72532,0.71994,0.71505,0.71994,0.73021,0.73998,0.74536,0.74536,0.75024,0.77028,0.78006,0.87048,1.1056,1.2708,1.1657,0.99022,0.92522,0.92033,0.86022,0.79032,0.75513,0.73998,0.73998,0.73998,0.74536,0.75024,0.75513,0.76002,0.75513,0.75513,0.76002,0.77028,0.78543,0.79521,0.80499,0.80499,0.80499,0.81036,0.82014,0.82502,0.83529,0.84018,0.81525,0.79521,0.78543,0.77517,0.77517,0.78006,0.77517,0.76002,0.75513,0.75513,0.73998,0.73021,0.72532,0.73021,0.73021,0.73021,0.73998,0.75513,0.76002,0.7654,0.77517,0.77517,0.78006,0.77517,0.78543,0.79032,0.78543,0.79032,0.79521,0.77028,0.75024,0.73998,0.73509,0.72532,0.71994,0.71505,0.69501,0.69013,0.69501,0.69501,0.69501,0.70039,0.69501,0.69013,0.69501,0.70528,0.71017,0.70528,0.71017,0.72532,0.70528,0.68035,0.69013,0.71017,0.75513,0.95015,1.2155,1.2757,1.0455,0.88514,0.86022,0.8651,0.79521,0.71994,0.68524,0.68035,0.68035,0.68524,0.69501,0.70039,0.69501,0.69013,0.69013,0.70528,0.73021,0.71994,0.71505,0.73021,0.74536,0.75513,0.77028,0.78543,0.78006,0.77517,0.77028,0.77028,0.76002,0.75024,0.74536,0.75024,0.73998,0.73021,0.72532,0.72532,0.71994,0.71505,0.70039,0.69501,0.69013,0.68035,0.68035,0.69501,0.70528,0.71017,0.72532,0.73509,0.75513,0.7654,0.77517,0.79032,0.8001,0.79521,0.78543,0.78543,0.78006,0.77028,0.73998,0.71994,0.71017,0.71017,0.71505,0.70039,0.68524,0.68035,0.69013,0.69501,0.69501,0.70039,0.70528,0.70528,0.71017,0.71505,0.71017,0.71017,0.71017,0.70528,0.70528,0.71994,0.73509,0.75024,0.89541,1.1755,1.2805,1.1202,0.93548,0.88514,0.87537,0.82014,0.75513,0.72532,0.71017,0.71017,0.71017,0.71017,0.71017,0.70528,0.70039,0.71017,0.71994,0.72532,0.73509,0.73998,0.73998,0.75513,0.77517,0.8001,0.81036,0.8001,0.80499,0.81036,0.79521,0.78543,0.78543,0.77517,0.75513,0.74536,0.73998,0.73509,0.72532,0.71994,0.73509,0.73509,0.72532,0.72532,0.72532,0.72532,0.73021,0.73998,0.75024,0.75513,0.7654,0.77517,0.77517,0.79032,0.81036,0.82502,0.82014,0.8001,0.78543,0.7654,0.75024,0.74536,0.75513,0.75024,0.73998,0.73509,0.73021,0.71994,0.71017,0.70039,0.71017,0.71994,0.70528,0.70039,0.70528,0.71994,0.75024,0.79521,0.85044,0.88025,0.88514,0.90029,0.92033,0.96041,1.1202,1.3807,1.4707,1.3157,1.1554,1.1105,1.1007,1.0406,0.9653,0.92522,0.91007,0.90029,0.89052,0.88514,0.87537,0.88514,0.91007,0.91544,0.89052,0.88025,0.89541,0.91007,0.92033,0.93011,0.93548,0.94037,0.95015,0.95552,0.96041,0.9653,0.95552,0.94037,0.93011,0.91544,0.90029,0.89052,0.88514,0.88514,0.87537,0.85533,0.84506,0.84018,0.83529,0.83529,0.84018,0.82502,0.8304,0.84018,0.84506,0.85533,0.85044,0.85044,0.86022,0.87048,0.87537,0.87537,0.87048,0.85533,0.84506,0.84018,0.8304,0.81525,0.80499,0.8001,0.79521,0.79032,0.79032,0.78543,0.78006,0.78543,0.78543,0.78006,0.78006,0.77028,0.75024,0.74536,0.75513,0.76002,0.75513,0.75513,0.76002,0.77028,0.77517,0.78006,0.79032,0.83529,1.0152,1.2805,1.3407,1.1305,0.96041,0.91544,0.90029,0.84506,0.78543,0.75513,0.74536,0.73998,0.73998,0.73998,0.73998,0.73998,0.75024,0.75513,0.74536,0.75024,0.7654,0.78006,0.78543,0.79521,0.80499,0.81036,0.82014,0.8304,0.83529,0.82014,0.81036,0.81036,0.81036,0.79521,0.78006,0.77517,0.77517,0.77517,0.76002,0.75024,0.74536,0.77028,0.8001,0.80499,0.79032,0.78543,0.78006,0.78543,0.78543,0.78543,0.79521,0.78543,0.7654,0.76002,0.7654,0.7654,0.76002,0.75513,0.75024,0.73998,0.73998,0.73998,0.73509,0.72532,0.71505,0.71994,0.72532,0.72532,0.73509,0.73998,0.74536,0.8304,1.0904,1.3304,1.3456,1.0352,0.92522,0.93011,0.88514,0.78543,0.72532,0.70039,0.68035,0.67498,0.69013,0.69501,0.70039,0.71017,0.70039,0.69501,0.71017,0.72532,0.73021,0.73021,0.73021,0.73998,0.75513,0.7654,0.77028,0.7654,0.77028,0.76002,0.74536,0.74536,0.75024,0.75513,0.73509,0.73021,0.73509,0.72532,0.71505,0.71017,0.70039,0.70039,0.71505,0.73021,0.73021,0.72532,0.73021,0.75513,0.7654,0.77517,0.7654,0.73998,0.73021,0.73021,0.73021,0.73509,0.73509,0.73509,0.73021,0.71994,0.71505,0.71505,0.71994,0.73509,0.75513,0.76002,0.7654,0.76002,0.76002,0.75513,0.74536,0.74536,0.73509,0.71505,0.71017,0.71994,0.72532,0.71017,0.70528,0.71017,0.70039,0.70039,0.70039,0.71505,0.71994,0.71505,0.70039,0.69013,0.69501,0.71017,0.71505,0.71994,0.71994,0.73021,0.74536,0.79521,0.99022,1.2556,1.3055,1.0606,0.90029,0.87537,0.86022,0.79521,0.73509,0.70528,0.69013,0.68035,0.68035,0.69013,0.70039,0.70039,0.69501,0.70039,0.70039,0.71017,0.71994,0.73509,0.73998,0.75024,0.76002,0.78006,0.79521,0.79521,0.78543,0.77517,0.76002,0.75513,0.76002,0.7654,0.76002,0.75513,0.75024,0.75513,0.76002,0.73998,0.73021,0.71505,0.71505,0.72532,0.73021,0.72532,0.73021,0.73998,0.74536,0.75513,0.7654,0.77517,0.78543,0.8001,0.80499,0.80499,0.8001,0.80499,0.80499,0.79521,0.78006,0.7654,0.75024,0.73509,0.73021,0.73021,0.73509,0.73021,0.71017,0.70039,0.69501,0.69501,0.69013,0.69501,0.69501,0.69013,0.68035,0.67498,0.67009,0.67498,0.69501,0.70528,0.71505,0.71994,0.71505,0.71017,0.73021,0.90029,1.1804,1.2757,1.1056,0.92522,0.88514,0.87048,0.82502,0.76002,0.71994,0.69501,0.68035,0.68035,0.68035,0.68035,0.68035,0.69501,0.70039,0.70039,0.71505,0.73509,0.73998,0.73021,0.73509,0.75513,0.7654,0.76002,0.76002,0.75513,0.76002,0.77517,0.75024,0.73509,0.73021,0.75024,0.75513,0.74536,0.73998,0.73021,0.71994,0.71994,0.70528,0.68035,0.68524,0.70039,0.69501,0.70039,0.71505,0.71994,0.73021,0.73998,0.77028,0.78006,0.78006,0.77517,0.77517,0.78543,0.79521,0.78543,0.78543,0.78006,0.7654,0.74536,0.73021,0.71994,0.73021,0.73509,0.73509,0.72532,0.71505,0.71505,0.71505,0.70039,0.69501,0.69501,0.70039,0.70528,0.70039,0.70528,0.71994,0.72532,0.71994,0.71994,0.73021,0.74536,0.77028,0.89052,1.1457,1.2854,1.1554,0.9653,0.89541,0.89052,0.83529,0.78006,0.76002,0.75024,0.73998,0.72532,0.71017,0.70528,0.71505,0.73021,0.74536,0.73998,0.73509,0.73509,0.74536,0.76002,0.78006,0.79521,0.8001,0.81525,0.8304,0.82014,0.79521,0.78006,0.76002,0.75513,0.76002,0.76002,0.75513,0.75513,0.76002,0.77028,0.77517,0.76002,0.73998,0.73021,0.73509,0.75513,0.75513,0.74536,0.73998,0.75024,0.76002,0.77517,0.79521,0.81036,0.82502,0.84018,0.8304,0.80499,0.79521,0.78543,0.77028,0.76002,0.76002,0.76002,0.76002,0.75024,0.73021,0.71994,0.71994,0.71994,0.71994,0.71505,0.71994,0.71994,0.71994,0.71505,0.71017,0.71505,0.71505,0.71505,0.71994,0.73021,0.73998,0.76002,0.90029,1.2053,1.3607,1.2053,0.9956,0.92033,0.91007,0.86022,0.78006,0.72532,0.71017,0.70528,0.69501,0.69013,0.69501,0.70528,0.71505,0.71994,0.71505,0.72532,0.73509,0.73998,0.73998,0.75513,0.76002,0.76002,0.78006,0.79521,0.8001,0.79521,0.77517,0.75024,0.74536,0.74536,0.74536,0.74536,0.74536,0.75513,0.73509,0.71505,0.70039,0.69501,0.69501,0.70039,0.70528,0.71017,0.71994,0.73021,0.73998,0.75024,0.75513,0.75513,0.75513,0.75513,0.7654,0.77517,0.77517,0.7654,0.77517,0.77517,0.75024,0.71505,0.70039,0.70039,0.69501,0.69501,0.70039,0.70528,0.69501,0.69501,0.69501,0.68524,0.68035,0.68035,0.68524,0.70039,0.70039,0.69501,0.70039,0.70039,0.71017,0.70528,0.69013,0.70528,0.73021,0.81036,1.0503,1.2908,1.3055,1.0254,0.91544,0.91007,0.8651,0.77028,0.71505,0.69501,0.68524,0.68035,0.67498,0.68524,0.70039,0.70528,0.70528,0.71505,0.71017,0.70528,0.71017,0.71994,0.73021,0.73998,0.76002,0.7654,0.77517,0.78543,0.78006,0.77517,0.7654,0.75513,0.75024,0.74536,0.73998,0.73998,0.73998,0.74536,0.75513,0.73509,0.71505,0.71017,0.71505,0.73021,0.73021,0.73021,0.73998,0.74536,0.75513,0.78543,0.8001,0.79032,0.78006,0.79032,0.8001,0.79032,0.78006,0.78006,0.78006,0.78543,0.78006,0.76002,0.75024,0.75024,0.75513,0.73021,0.71017,0.70039,0.70039,0.69501,0.69501,0.69501,0.70039,0.71505,0.71505,0.71505,0.71994,0.72532,0.71994,0.73021,0.73998,0.75513,0.73998,0.73509,0.77517,0.96041,1.2307,1.2957,1.0806,0.93548,0.91544,0.90029,0.82502,0.75024,0.73021,0.73509,0.74536,0.74536,0.75024,0.7654,0.7654,0.75024,0.73509,0.73021,0.73509,0.74536,0.75513,0.76002,0.77517,0.78006,0.78006,0.77517,0.77517,0.78006,0.7654,0.75513,0.75513,0.76002,0.77028,0.77517,0.7654,0.76002,0.7654,0.75024,0.72532,0.71017,0.71017,0.71505,0.71994,0.71505,0.71994,0.73509,0.73998,0.73509,0.74536,0.75513,0.75513,0.77517,0.8001,0.80499,0.79521,0.80499,0.81525,0.8001,0.78543,0.77028,0.75024,0.72532,0.71994,0.73021,0.71505,0.70039,0.70039,0.70528,0.71505,0.71994,0.73021,0.71994,0.71505,0.72532,0.73509,0.71505,0.71017,0.71994,0.72532,0.71505,0.71505,0.71505,0.71505,0.71017,0.75024,0.94526,1.2107,1.2757,1.1056,0.95015,0.91544,0.89052,0.82014,0.77028,0.74536,0.73509,0.73509,0.73998,0.74536,0.74536,0.73998,0.73998,0.74536,0.74536,0.75024,0.77517,0.8001,0.81036,0.81036,0.81525,0.79521,0.79521,0.79521,0.78543,0.78006,0.78006,0.79032,0.79521,0.78543,0.79032,0.80499,0.79521,0.77517,0.76002,0.75513,0.75513,0.73998,0.73509,0.73509,0.73998,0.74536,0.76002,0.77517,0.78543,0.78006,0.78006,0.79521,0.79521,0.79521,0.80499,0.80499,0.79521,0.78006,0.76002,0.74536,0.73021,0.71505,0.71017,0.71017,0.71505,0.71017,0.70528,0.71017,0.70528,0.69501,0.68035,0.67498,0.69501,0.69013,0.67498,0.68035,0.69013,0.68524,0.69013,0.70528,0.72532,0.73998,0.73509,0.73021,0.88025,1.1256,1.2204,1.0855,0.94037,0.91544,0.92033,0.84018,0.78006,0.73998,0.71994,0.71994,0.71505,0.69501,0.69501,0.71505,0.73509,0.74536,0.74536,0.75024,0.76002,0.7654,0.78543,0.81525,0.82502,0.82014,0.81036,0.80499,0.80499,0.8001,0.8001,0.79521,0.79032,0.77517,0.7654,0.7654,0.7654,0.77028,0.75513,0.73998,0.73509,0.73021,0.73021,0.73998,0.73509,0.73021,0.74536,0.74536,0.74536,0.75024,0.76002,0.76002,0.77028,0.78006,0.79521,0.8001,0.80499,0.8001,0.79032,0.78543,0.78543,0.77517,0.73998,0.71017,0.71505,0.73021,0.71017,0.69501,0.70039,0.70039,0.70039,0.70039,0.69013,0.69013,0.69501,0.70039,0.71017,0.71505,0.70528,0.70039,0.71505,0.72532,0.71505,0.71994,0.71017,0.74536,0.97556,1.2556,1.2957,1.0303,0.89541,0.87537,0.89052,0.82014,0.74536,0.71994,0.72532,0.73998,0.74536,0.71017,0.69501,0.70528,0.73021,0.74536,0.75024,0.74536,0.75513,0.77517,0.78543,0.73998,0.73021,0.72532,0.71994,0.71994,0.72532,0.73021,0.73998,0.74536,0.74536,0.75513,0.76002,0.76002,0.77517,0.78543,0.8001,0.81036,0.82014,0.82014,0.81036,0.81036,0.81036,0.81036,0.80499,0.8001,0.79521,0.78543,0.78543,0.78006,0.77028,0.76002,0.75513,0.75513,0.75513,0.75513,0.74536,0.75024,0.76002,0.7654,0.77028,0.77028,0.77517,0.79521,0.80499,0.81036,0.81036,0.82014,0.82502,0.82014,0.81036,0.8001,0.78006,0.7654,0.75513,0.74536,0.74536,0.74536,0.73509,0.73021,0.72532,0.71994,0.71505,0.71505,0.71505,0.71017,0.71017,0.71505,0.71994,0.72532,0.73021,0.73021,0.73021,0.73509,0.74536,0.75513,0.77028,0.92033,1.1857,1.2654,1.1007,0.94037,0.90029,0.89052,0.83529,0.7654,0.73509,0.71994,0.71017,0.70528,0.70039,0.70528,0.71017,0.71505,0.71505,0.73021,0.73998,0.75513,0.75513,0.75513,0.7654,0.77517,0.78543,0.79521,0.80499,0.81036,0.81036,0.8001,0.79521,0.78543,0.78006,0.77028,0.76002,0.75513,0.74536,0.73509,0.72532,0.71505,0.71505,0.71994,0.71994,0.71994,0.72532,0.73021,0.73509,0.73509,0.73998,0.75024,0.76002,0.77517,0.78006,0.77028,0.77517,0.78006,0.78006,0.78006,0.7654,0.74536,0.73021,0.71505,0.71017,0.71017,0.70528,0.70039,0.70039,0.70039,0.69501,0.69501,0.70528,0.70039,0.69013,0.68035,0.67498,0.67498,0.69013,0.69501,0.68524,0.68035,0.68524,0.69501,0.70039,0.71017,0.83529,1.1202,1.2854,1.1403,0.92033,0.84506,0.85533,0.82502,0.75024,0.70528,0.69501,0.69013,0.68524,0.68524,0.68524,0.69501,0.70528,0.71017,0.71505,0.71994,0.71017,0.71505,0.73509,0.75513,0.7654,0.78006,0.79032,0.79521,0.79521,0.79521,0.79032,0.79032,0.77028,0.75024,0.74536,0.73509,0.73021,0.73021,0.73021,0.72532,0.71017,0.70039,0.70039,0.71017,0.71994,0.71994,0.71505,0.73021,0.73509,0.74536,0.75513,0.77517,0.78543,0.8001,0.80499,0.81036,0.80499,0.81036,0.80499,0.79521,0.77517,0.75024,0.73998,0.73998,0.74536,0.73998,0.71994,0.71505,0.71505,0.71994,0.71994,0.72532,0.72532,0.71994,0.71994,0.71994,0.71994,0.72532,0.73509,0.73998,0.73998,0.73998,0.74536,0.75024,0.8001,1.0103,1.2757,1.3255,1.0953,0.94526,0.91544,0.89541,0.82502,0.7654,0.73998,0.73509,0.72532,0.71994,0.72532,0.73509,0.73509,0.73998,0.74536,0.75513,0.76002,0.7654,0.77517,0.78543,0.79521,0.80499,0.82014,0.8304,0.8304,0.84018,0.82502,0.81036,0.80499,0.8001,0.8001,0.8001,0.78006,0.7654,0.7654,0.75513,0.74536,0.74536,0.73998,0.73998,0.73998,0.73998,0.73509,0.73998,0.75513,0.7654,0.77517,0.79032,0.8001,0.80499,0.82014,0.8304,0.83529,0.82502,0.80499,0.78543,0.77028,0.75513,0.73998,0.73998,0.75024,0.74536,0.73021,0.71994,0.72532,0.73021,0.71994,0.71994,0.71994,0.71994,0.71505,0.71505,0.71505,0.71505,0.71505,0.71994,0.73021,0.73509,0.75024,0.77028,0.87537,1.1305,1.2957,1.1906,1.0054,0.93011,0.93011,0.87537,0.79032,0.75024,0.73509,0.71994,0.71505,0.71505,0.71994,0.72532,0.71994,0.73021,0.73509,0.73998,0.74536,0.75513,0.76002,0.7654,0.78006,0.8001,0.81036,0.81525,0.80499,0.80499,0.80499,0.8001,0.78543,0.78006,0.78006,0.78006,0.77028,0.75024,0.73509,0.73509,0.73509,0.73021,0.71994,0.71994,0.73021,0.73998,0.73998,0.73998,0.74536,0.75513,0.7654,0.78006,0.79521,0.8001,0.80499,0.8001,0.8001,0.79521,0.78543,0.77517,0.75513,0.73998,0.73509,0.73998,0.75024,0.75513,0.73509,0.71017,0.70528,0.71017,0.70528,0.70528,0.71017,0.71505,0.71505,0.71505,0.71994,0.73021,0.73509,0.73021,0.73021,0.73998,0.76002,0.77517,0.79032,0.91007,1.1603,1.2805,1.1305,0.95552,0.91007,0.91544,0.86022,0.78006,0.73509,0.72532,0.71994,0.71994,0.71505,0.71994,0.73021,0.73021,0.73509,0.73998,0.74536,0.73998,0.75513,0.76002,0.77028,0.78006,0.79521,0.80499,0.81036,0.81036,0.81036,0.81036,0.81036,0.8001,0.78006,0.77028,0.7654,0.76002,0.75513,0.73509,0.71994,0.71994,0.73021,0.73998,0.75513,0.76002,0.7654,0.77028,0.7654,0.7654,0.77028,0.77517,0.76002,0.73998,0.73998,0.73998,0.73998,0.74536,0.73998,0.73509,0.72532,0.72532,0.72532,0.71994,0.71505,0.71017,0.71017,0.71017,0.71017,0.71017,0.71017,0.70528,0.71017,0.77028,1.0103,1.2605,1.2854,1.0205,0.89541,0.88025,0.86022,0.79032,0.73998,0.71017,0.69501,0.69013,0.69501,0.69013,0.68035,0.69013,0.71017,0.71994,0.71994,0.71994,0.73509,0.73998,0.73998,0.75513,0.7654,0.77028,0.77517,0.78006,0.77517,0.77028,0.7654,0.76002,0.74536,0.73509,0.73509,0.73998,0.73021,0.72532,0.72532,0.71994,0.71505,0.71017,0.70528,0.70039,0.71017,0.73021,0.73509,0.73509,0.73998,0.73998,0.74536,0.76002,0.77028,0.7654,0.7654,0.7654,0.7654,0.76002,0.75513,0.74536,0.73998,0.73998,0.75024,0.75513,0.74536,0.75024,0.76002,0.7654,0.76002,0.75513,0.75513,0.74536,0.73021,0.71505,0.71505,0.71994,0.73021,0.71994,0.70528,0.70528,0.71505,0.71505,0.71505,0.71994,0.72532,0.71994,0.71505,0.71017,0.71017,0.71505,0.71505,0.71505,0.71994,0.73509,0.76002,0.90029,1.1804,1.3104,1.1657,0.96041,0.88025,0.87537,0.83529,0.77028,0.73021,0.71505,0.71505,0.71017,0.70528,0.70528,0.71505,0.71505,0.72532,0.73509,0.73509,0.73998,0.75024,0.76002,0.77028,0.79032,0.8001,0.80499,0.80499,0.81036,0.81525,0.82014,0.81036,0.8001,0.79521,0.79032,0.78006,0.77517,0.7654,0.7654,0.75513,0.75024,0.74536,0.73998,0.73998,0.74536,0.75024,0.74536,0.74536,0.75513,0.76002,0.77517,0.79032,0.80499,0.82014,0.82502,0.83529,0.84018,0.83529,0.8304,0.82014,0.80499,0.79032,0.7654,0.7654,0.76002,0.75024,0.74536,0.73509,0.71994,0.71994,0.73021,0.73021,0.71994,0.71505,0.71505,0.71994,0.71994,0.71505,0.71994,0.71505,0.71505,0.71994,0.73509,0.76002,0.78006,0.8651,1.1153,1.3206,1.2405,1.0352,0.93548,0.92033,0.88025,0.8001,0.74536,0.73021,0.72532,0.71994,0.71994,0.71994,0.71505,0.71017,0.71994,0.73021,0.73509,0.73998,0.74536,0.76002,0.7654,0.77517,0.78543,0.8001,0.81036,0.81525,0.8001,0.79521,0.79032,0.78006,0.77517,0.77028,0.7654,0.76002,0.75513,0.74536,0.74536,0.73509,0.72532,0.71994,0.71994,0.71994,0.71994,0.73021,0.73509,0.73998,0.74536,0.75024,0.75513,0.7654,0.77517,0.78543,0.79521,0.79032,0.78543,0.77517,0.7654,0.75024,0.73509,0.71994,0.71017,0.71017,0.71017,0.71505,0.71017,0.70039,0.70039,0.70039,0.70039,0.70528,0.71017,0.70039,0.70039,0.70528,0.71017,0.71017,0.71505,0.71994,0.73021,0.73998,0.75024,0.75513,0.79032,0.97556,1.2053,1.2454,1.0303,0.90518,0.89052,0.8651,0.79032,0.72532,0.70039,0.69501,0.70039,0.70039,0.69501,0.69013,0.70039,0.71505,0.71017,0.70528,0.71505,0.73021,0.73509,0.74536,0.76002,0.78006,0.79521,0.8001,0.80499,0.81036,0.79521,0.78543,0.78006,0.77517,0.7654,0.7654,0.77028,0.75024,0.73021,0.72532,0.71505,0.71505,0.71505,0.71994,0.71505,0.71505,0.71505,0.71505,0.71505,0.71994,0.73509,0.73998,0.75513,0.7654,0.77028,0.7654,0.77028,0.77517,0.77028,0.7654,0.75513,0.73998,0.73509,0.71505,0.69501,0.69501,0.71017,0.70528,0.68524,0.67498,0.68524,0.69013,0.69501,0.70039,0.69013,0.67498,0.67009,0.67498,0.70039,0.70528,0.68524,0.69013,0.70039,0.71017,0.71994,0.73998,0.87537,1.1706,1.3504,1.2053,0.97556,0.88025,0.8651,0.82014,0.75024,0.70528,0.69013,0.69013,0.69501,0.70039,0.69501,0.69501,0.69013,0.68524,0.70039,0.71994,0.73021,0.73021,0.73998,0.75513,0.77517,0.79521,0.8001,0.80499,0.8001,0.80499,0.79521,0.78543,0.77028,0.7654,0.7654,0.77028,0.7654,0.76002,0.74536,0.73509,0.73021,0.73021,0.72532,0.72532,0.73509,0.73998,0.74536,0.73509,0.73998,0.76002,0.78543,0.80499,0.81525,0.82502,0.84018,0.84506,0.84018,0.8304,0.81525,0.79521,0.78006,0.7654,0.75024,0.74536,0.74536,0.73021,0.71994,0.71994,0.73021,0.73509,0.72532,0.71994,0.72532,0.72532,0.71994,0.71505,0.71994,0.73021,0.73509,0.73998,0.74536,0.74536,0.75024,0.76002,0.83529,1.0753,1.3104,1.3358,1.0704,0.94526,0.93011,0.91007,0.84018,0.77028,0.73998,0.73509,0.73509,0.73021,0.73021,0.74536,0.75513,0.75024,0.75513,0.7654,0.78006,0.78006,0.78543,0.79521,0.80499,0.82014,0.82502,0.83529,0.85044,0.84506,0.83529,0.8304,0.82502,0.81036,0.80499,0.79521,0.78543,0.78543,0.77517,0.7654,0.76002,0.75024,0.74536,0.73998,0.74536,0.75024,0.76002,0.77517,0.78006,0.79032,0.81036,0.82014,0.82502,0.8304,0.84018,0.84018,0.84018,0.8304,0.81036,0.79521,0.77517,0.7654,0.76002,0.7654,0.76002,0.75024,0.73998,0.73509,0.72532,0.71994,0.72532,0.72532,0.72532,0.73021,0.72532,0.71994,0.72532,0.73509,0.73509,0.73021,0.73509,0.75024,0.77028,0.79521,0.90518,1.1657,1.3157,1.1804,0.99022,0.92033,0.92033,0.87048,0.79521,0.75024,0.73509,0.73021,0.71994,0.71505,0.71017,0.71017,0.71017,0.71505,0.73021,0.73998,0.74536,0.75513,0.7654,0.78006,0.79521,0.8001,0.80499,0.81525,0.82014,0.82502,0.82014,0.81525,0.80499,0.79521,0.78543,0.78006,0.77517,0.7654,0.76002,0.74536,0.73998,0.75513,0.76002,0.76002,0.7654,0.76002,0.76002,0.76002,0.7654,0.76002,0.76002,0.75513,0.74536,0.73509,0.73998,0.75024,0.74536,0.73998,0.73509,0.73021,0.71994,0.71994,0.71994,0.71994,0.71994,0.71505,0.71505,0.71505,0.71505,0.73998,0.75024,0.81036,1.0303,1.2454,1.2605,1.0205,0.93011,0.93011,0.89541,0.81525,0.74536,0.71994,0.71505,0.71505,0.71505,0.71017,0.70528,0.70039,0.71017,0.71994,0.7654,0.8001,0.79032,0.73998,0.69501,0.68035,0.71017,0.73021,0.74536,0.75513,0.76002,0.75513,0.75024,0.75024,0.75024,0.73998,0.73509,0.73509,0.73021,0.71994,0.71505,0.71017,0.71017,0.70039,0.70039,0.70528,0.71505,0.72532,0.73509,0.73509,0.73998,0.75024,0.76002,0.76002,0.75024,0.72532,0.69013,0.69013,0.69501,0.70039,0.70528,0.71017,0.71017,0.71017,0.71017,0.71505,0.72532,0.73021,0.73509,0.73998,0.75513,0.7654,0.75024,0.73998,0.73509,0.73021,0.72532,0.71505,0.70039,0.69501,0.69013,0.69501,0.68035,0.68035,0.69501,0.70039,0.69501,0.69013,0.68524,0.68524,0.69013,0.70039,0.71017,0.71017,0.71017,0.71994,0.72532,0.73021,0.73998,0.88514,1.1857,1.3255,1.1457,0.91007,0.82014,0.82014,0.79521,0.75024,0.71017,0.69501,0.69501,0.69501,0.70039,0.69013,0.69013,0.69501,0.70039,0.70039,0.71017,0.71994,0.73021,0.73509,0.73998,0.74536,0.76002,0.78006,0.79521,0.8001,0.78006,0.78006,0.78543,0.78006,0.77517,0.76002,0.74536,0.74536,0.74536,0.73998,0.73998,0.73509,0.72532,0.71505,0.71505,0.71505,0.71505,0.71994,0.71994,0.73021,0.75024,0.76002,0.76002,0.7654,0.78006,0.8001,0.81525,0.83529,0.84018,0.82502,0.81525,0.8001,0.78543,0.77517,0.75513,0.73998,0.73509,0.73021,0.72532,0.71994,0.71505,0.71505,0.70528,0.70039,0.69501,0.69501,0.69501,0.69501,0.70528,0.71505,0.71017,0.70039,0.70528,0.70039,0.70528,0.71994,0.73509,0.79032,1.0205,1.2854,1.3255,1.0655,0.91544,0.89052,0.87048,0.8001,0.73998,0.71505,0.71017,0.71505,0.71505,0.71505,0.71505,0.71994,0.72532,0.73021,0.73509,0.74536,0.75513,0.76002,0.7654,0.78006,0.79521,0.81525,0.82014,0.82014,0.82502,0.82502,0.81525,0.80499,0.79521,0.78543,0.77517,0.77028,0.7654,0.76002,0.75513,0.73998,0.73021,0.73021,0.73021,0.73021,0.73509,0.73998,0.75513,0.76002,0.76002,0.7654,0.78006,0.79521,0.8001,0.82502,0.84018,0.82502,0.82014,0.81036,0.79521,0.78006,0.76002,0.74536,0.74536,0.74536,0.74536,0.73509,0.71994,0.71994,0.72532,0.72532,0.71994,0.71505,0.71505,0.71505,0.71505,0.71994,0.71994,0.71994,0.71994,0.72532,0.71994,0.73509,0.75513,0.82014,1.0303,1.2556,1.2805,1.0406,0.91007,0.89541,0.90029,0.81525,0.75513,0.73509,0.73509,0.73021,0.72532,0.71994,0.71994,0.73021,0.74536,0.75024,0.75513,0.76002,0.7654,0.77517,0.77517,0.78543,0.8001,0.81525,0.82502,0.8304,0.8304,0.83529,0.8304,0.82014,0.80499,0.8001,0.79032,0.78543,0.78006,0.7654,0.75513,0.75513,0.75513,0.75513,0.75513,0.73998,0.73509,0.73509,0.74536,0.75513,0.76002,0.7654,0.77517,0.78006,0.79032,0.79521,0.80499,0.82014,0.81036,0.8001,0.79521,0.78543,0.77028,0.73998,0.73509,0.73998,0.74536,0.73998,0.72532,0.71994,0.71994,0.72532,0.71994,0.71994,0.71994,0.73021,0.73021,0.72532,0.72532,0.73021,0.73021,0.73509,0.71994,0.72532,0.73998,0.76002,0.82502,1.0455,1.2556,1.2708,1.0054,0.90029,0.89541,0.87537,0.81036,0.75024,0.71505,0.71017,0.71994,0.72532,0.71505,0.71505,0.71994,0.73021,0.73509,0.73509,0.73998,0.75024,0.76002,0.77028,0.78006,0.79032,0.79521,0.8001,0.81525,0.82014,0.80499,0.80499,0.8001,0.8001,0.79032,0.77517,0.7654,0.75513,0.73998,0.73998,0.73509,0.72532,0.71505,0.71017,0.71505,0.71994,0.73021,0.73021,0.73509,0.74536,0.75513,0.75513,0.76002,0.78006,0.78543,0.78543,0.79032,0.79521,0.79032,0.78543,0.78006,0.76002,0.72532,0.71017,0.71017,0.71505,0.70039,0.69501,0.70039,0.70528,0.71017,0.70528,0.70039,0.70039,0.70039,0.71017,0.71505,0.72532,0.73021,0.70039,0.69501,0.70528,0.71505,0.72532,0.73998,0.80499,1.0205,1.2708,1.3104,1.0455,0.88025,0.85044,0.84018,0.8001,0.75024,0.71505,0.71017,0.70039,0.70039,0.71017,0.71505,0.71994,0.72532,0.73509,0.73998,0.73998,0.73509,0.73998,0.75513,0.78006,0.8001,0.81525,0.8304,0.84018,0.84506,0.8304,0.81525,0.80499,0.80499,0.8001,0.79032,0.78543,0.78543,0.78006,0.7654,0.76002,0.75513,0.75024,0.75024,0.74536,0.73509,0.73998,0.75513,0.7654,0.77517,0.78543,0.79521,0.81036,0.82014,0.82502,0.84018,0.84506,0.83529,0.8304,0.82502,0.80499,0.78543,0.77517,0.7654,0.7654,0.7654,0.7654,0.76002,0.74536,0.74536,0.74536,0.74536,0.73998,0.73998,0.74536,0.75513,0.75513,0.75513,0.75513,0.76002,0.75513,0.77517,0.78006,0.78006,0.81036,0.99022,1.2556,1.3157,1.1056,0.95015,0.92522,0.93548,0.87048,0.79521,0.75513,0.75024,0.74536,0.75024,0.76002,0.76002,0.75513,0.76002,0.7654,0.76002,0.76002,0.77028,0.78543,0.8001,0.81036,0.82502,0.84506,0.85533,0.85044,0.84506,0.83529,0.8304,0.82014,0.81525,0.81036,0.8001,0.79521,0.79032,0.78006,0.77028,0.75513,0.74536,0.73509,0.73509,0.75024,0.78006,0.80499,0.82014,0.82502,0.80499,0.79521,0.8001,0.80499,0.79521,0.78006,0.77028,0.7654,0.7654,0.77517,0.7654,0.75513,0.75513,0.75513,0.74536,0.73998,0.73998,0.73509,0.73509,0.73509,0.73509,0.73998,0.73998,0.73998,0.75024,0.83529,1.0753,1.2757,1.2107,1.0152,0.92522,0.91544,0.87537,0.8001,0.73509,0.71505,0.70528,0.70039,0.70039,0.70528,0.71505,0.71505,0.71017,0.71017,0.71994,0.73509,0.75513,0.7654,0.77028,0.7654,0.79032,0.80499,0.81036,0.81036,0.80499,0.8001,0.8001,0.79521,0.79521,0.78543,0.77028,0.75513,0.74536,0.73998,0.73998,0.73998,0.73509,0.73509,0.73509,0.73509,0.73998,0.75513,0.77028,0.77517,0.75513,0.75513,0.75513,0.75513,0.75513,0.76002,0.75513,0.75513,0.76002,0.75513,0.74536,0.75024,0.76002,0.77028,0.77517,0.78006,0.78543,0.79032,0.78006,0.77517,0.77028,0.75024,0.73021,0.71994,0.71994,0.73021,0.73021,0.71994,0.71017,0.71017,0.71017,0.71017,0.71994,0.71505,0.70528,0.70528,0.71017,0.70528,0.70528,0.70528,0.71017,0.71994,0.73509,0.74536,0.75024,0.85533,1.1256,1.2854,1.1505,0.93548,0.86022,0.87048,0.84506,0.78543,0.73998,0.71017,0.70039,0.70039,0.70039,0.70039,0.71017,0.71994,0.73021,0.73509,0.73998,0.74536,0.73509,0.73509,0.75513,0.77517,0.79032,0.80499,0.82502,0.83529,0.82014,0.81036,0.80499,0.8001,0.79521,0.78543,0.77028,0.76002,0.76002,0.7654,0.75513,0.73509,0.71994,0.71017,0.71505,0.71994,0.72532,0.73021,0.73998,0.74536,0.73509,0.73998,0.76002,0.78543,0.8001,0.80499,0.80499,0.81036,0.81525,0.80499,0.79521,0.78543,0.78006,0.76002,0.73998,0.72532,0.71994,0.72532,0.71505,0.70528,0.70039,0.69501,0.69013,0.68524,0.69013,0.68035,0.67498,0.67498,0.68035,0.69501,0.69501,0.69501,0.69501,0.69501,0.70528,0.71017,0.71505,0.79032,1.0406,1.2654,1.1906,0.95552,0.83529,0.8304,0.84506,0.77028,0.71994,0.70039,0.69501,0.69501,0.69501,0.71017,0.71505,0.71505,0.71017,0.71505,0.71994,0.73021,0.73998,0.75513,0.77028,0.79032,0.80499,0.81525,0.81036,0.81036,0.81525,0.80499,0.79521,0.79032,0.78543,0.78006,0.77028,0.7654,0.76002,0.73509,0.71994,0.71505,0.71505,0.71017,0.71017,0.71017,0.71505,0.71994,0.73021,0.73509,0.73998,0.75024,0.77028,0.77517,0.78543,0.8001,0.82014,0.82502,0.79521,0.78006,0.77517,0.76002,0.73998,0.73509,0.73998,0.74536,0.73021,0.71994,0.71994,0.71994,0.71994,0.71994,0.71505,0.70528,0.70039,0.70528,0.71505,0.71505,0.71505,0.71994,0.71994,0.72532,0.73509,0.74536,0.77028,0.89052,1.1457,1.2805,1.1403,0.94526,0.89052,0.90029,0.85533,0.78006,0.73998,0.73021,0.71994,0.71505,0.71505,0.71505,0.71017,0.71017,0.71505,0.73509,0.74536,0.75513,0.75513,0.75513,0.77028,0.78006,0.8001,0.81036,0.81525,0.81525,0.82014,0.82502,0.81525,0.80499,0.79521,0.78006,0.77028,0.7654,0.7654,0.76002,0.75024,0.74536,0.75024,0.75513,0.74536,0.75024,0.75513,0.74536,0.75024,0.75513,0.7654,0.78006,0.79521,0.8001,0.81036,0.82014,0.82014,0.81525,0.80499,0.79032,0.77028,0.73998,0.73021,0.73021,0.73509,0.73998,0.73998,0.76002,0.8001,0.90029,1.0552,1.2507,1.4355,1.501,1.501,1.501,1.501,1.501,1.501,1.501,1.501,1.501,1.501,1.3456,0.67498,0.32502,0.17986,0.10948,0.069892,0.034702,0.014663,-0.0053763,-0.025415,-0.05523,-0.095308,-0.15543,-0.20039,-0.24536,-0.30059,-0.35582,-0.40078,-0.4306,-0.45552,-0.4609,-0.4306,-0.37586,-0.31574,-0.23558,-0.14027,-0.030303,0.079668,0.17986,0.28495,0.38514,0.48485,0.57527,0.64027,0.69501,0.74536,0.79032,0.83529,0.87048,0.88514,0.89052,0.90518,0.91544,0.92033,0.93011,0.93548,0.93548,0.93548,0.93011,0.92522,0.92033,0.92033,0.93011,0.94526,0.95552,0.94526,0.94526,0.95552,0.95552,0.93548,0.92033,0.91544,0.89541,0.88514,0.88025,0.87537,0.89052,0.88514,0.8651,0.85533,0.85044,0.85044,0.84506,0.84018,0.84506,0.84506,0.84506,0.84018,0.83529,0.8304,0.8304,0.8304,0.84018,0.84506,0.85044,0.85044,0.89541,1.0655,1.3104,1.3705,1.1457,0.9653,0.92522,0.93548,0.89052,0.82502,0.80499,0.80499,0.78543,0.77028,0.77028,0.77517,0.78543,0.79521,0.80499,0.81036,0.79521,0.79032,0.81036,0.84018,0.87048,0.89052,0.89541,0.89052,0.88514,0.89541,0.91544,0.93548,0.90518,0.87048,0.85533,0.85533,0.84018,0.81036,0.78543,0.77028,0.7654,0.7654,0.75513,0.73998,0.73509,0.73021,0.71994,0.71994,0.73021,0.74536,0.75513,0.76002,0.78006,0.80499,0.82502,0.84506,0.85044,0.84506,0.8304,0.8304,0.83529,0.82014,0.79032,0.77028,0.77517,0.78006,0.77028,0.76002,0.75024,0.75024,0.74536,0.74536,0.75024,0.75024,0.74536,0.73998,0.73509,0.73509,0.73509,0.73509,0.73998,0.73509,0.73509,0.74536,0.76002,0.79521,0.97019,1.2307,1.2957,1.0855,0.91544,0.89052,0.90029,0.8304,0.76002,0.72532,0.71017,0.71017,0.71017,0.71017,0.71505,0.71505,0.71994,0.71994,0.73021,0.73509,0.73998,0.74536,0.75513,0.77028,0.78543,0.79521,0.8001,0.8001,0.8001,0.8001,0.8001,0.79032,0.78006,0.77028,0.76002,0.75513,0.75024,0.73509,0.71505,0.70039,0.69501,0.70039,0.73021,0.75513,0.76002,0.74536,0.73998,0.73998,0.74536,0.75024,0.76002,0.7654,0.75024,0.73998,0.73998,0.75024,0.74536,0.74536,0.74536,0.73998,0.72532,0.72532,0.71994,0.71505,0.71017,0.71505,0.71505,0.71505,0.71505,0.71994,0.73509,0.7654,0.91007,1.1706,1.2854,1.1202,0.93011,0.89052,0.90029,0.84506,0.7654,0.72532,0.70039,0.69501,0.69501,0.70039,0.70039,0.69501,0.69501,0.70039,0.71017,0.71505,0.71994,0.71994,0.73021,0.75024,0.7654,0.78006,0.79032,0.79521,0.78543,0.78543,0.78006,0.77028,0.76002,0.75024,0.74536,0.74536,0.74536,0.74536,0.73998,0.72532,0.71017,0.71505,0.71994,0.73021,0.73021,0.73021,0.73509,0.73998,0.74536,0.74536,0.75513,0.74536,0.73998,0.73509,0.73998,0.74536,0.75513,0.75513,0.74536,0.73998,0.74536,0.75513,0.7654,0.77028,0.77028,0.77517,0.78006,0.78543,0.78543,0.77028,0.73998,0.71994,0.71994,0.73021,0.73509,0.71994,0.71505,0.71017,0.71505,0.71505,0.71505,0.71505,0.71017,0.70039,0.71017,0.70528,0.71017,0.71994,0.73021,0.71994,0.71994,0.73998,0.75513,0.81525,1.0303,1.2556,1.2757,0.99022,0.84506,0.84018,0.85533,0.8001,0.74536,0.71505,0.71017,0.71505,0.71994,0.71994,0.71994,0.71994,0.71505,0.71994,0.73998,0.75513,0.74536,0.75024,0.77028,0.78006,0.79521,0.81036,0.81036,0.81036,0.82014,0.8304,0.82014,0.81036,0.80499,0.80499,0.79521,0.77517,0.7654,0.76002,0.75513,0.74536,0.74536,0.73998,0.73509,0.73509,0.73998,0.74536,0.75024,0.75513,0.75513,0.77028,0.77517,0.77517,0.78006,0.8001,0.81036,0.81525,0.81525,0.80499,0.8001,0.8001,0.79521,0.77517,0.75024,0.74536,0.75024,0.75513,0.73509,0.72532,0.71994,0.71994,0.71017,0.70528,0.71505,0.71994,0.71505,0.71505,0.71017,0.71994,0.73509,0.73998,0.74536,0.73509,0.73509,0.75513,0.78543,0.89052,1.1403,1.2908,1.1354,0.88514,0.79521,0.81525,0.82014,0.75513,0.71505,0.71017,0.71017,0.71017,0.69501,0.69501,0.71017,0.71505,0.71994,0.73021,0.74536,0.76002,0.76002,0.77028,0.78006,0.8001,0.80499,0.82014,0.83529,0.84506,0.84018,0.8304,0.82502,0.82014,0.81036,0.8001,0.79521,0.78006,0.77028,0.77028,0.77517,0.7654,0.76002,0.75513,0.75513,0.73998,0.73509,0.73998,0.73998,0.75513,0.77028,0.78543,0.79521,0.80499,0.82014,0.82502,0.8304,0.82502,0.81036,0.79521,0.77028,0.75024,0.74536,0.75024,0.74536,0.73509,0.71994,0.71505,0.71017,0.71017,0.70528,0.70528,0.70528,0.70039,0.70039,0.69501,0.69501,0.70039,0.70039,0.70039,0.70528,0.71505,0.72532,0.75024,0.85044,1.1153,1.3304,1.2253,0.97556,0.87048,0.87537,0.85533,0.78543,0.72532,0.69501,0.69013,0.68524,0.68524,0.69013,0.69013,0.68035,0.68035,0.69013,0.70039,0.71017,0.71505,0.72532,0.73509,0.75024,0.76002,0.77517,0.78006,0.78006,0.78543,0.78006,0.76002,0.73509,0.72532,0.73021,0.73509,0.73998,0.73509,0.73021,0.72532,0.71994,0.71994,0.71505,0.71505,0.71994,0.73021,0.73021,0.73509,0.73998,0.74536,0.75024,0.75513,0.74536,0.74536,0.74536,0.75024,0.74536,0.73998,0.73509,0.73021,0.73509,0.73021,0.71994,0.78543,1.0152,1.2155,1.1603,1.0152,0.98045,0.9653,0.88025,0.78543,0.72532,0.69501,0.68035,0.68035,0.68035,0.68524,0.68035,0.67498,0.67498,0.68035,0.69501,0.70039,0.70528,0.71017,0.71017,0.71505,0.71994,0.72532,0.71505,0.71017,0.71017,0.71017,0.71017,0.71017,0.71017,0.71505,0.71994,0.71994,0.71505,0.70528,0.70039,0.70039,0.71017,0.71505,0.71505,0.71505,0.71994,0.73021,0.73509,0.73021,0.73021,0.73509,0.73509,0.73021,0.72532,0.71994,0.71994,0.72532,0.71994,0.71505,0.71505,0.71505,0.71505,0.71505,0.71994,0.71994,0.72532,0.71994,0.71505,0.71017,0.71017,0.71017,0.72532,0.73998,0.75513,0.75513,0.76002,0.76002,0.75513,0.74536,0.73509,0.71994,0.70039,0.70039,0.71017,0.71505,0.71017,0.69501,0.69013,0.69013,0.68524,0.68035,0.68035,0.68524,0.69013,0.68524,0.68035,0.68035,0.68035,0.68524,0.69501,0.71505,0.73021,0.80499,1.0205,1.2253,1.2307,0.91544,0.79032,0.81525,0.82502,0.76002,0.71505,0.69013,0.67498,0.67498,0.68035,0.68035,0.69501,0.70528,0.69501,0.70039,0.71505,0.71505,0.71017,0.72532,0.73998,0.74536,0.75513,0.7654,0.78006,0.79032,0.78543,0.78006,0.78006,0.78543,0.76002,0.74536,0.74536,0.74536,0.73998,0.73998,0.73998,0.73021,0.72532,0.71994,0.71994,0.73021,0.71994,0.70039,0.70528,0.73021,0.74536,0.75024,0.75513,0.76002,0.77517,0.8001,0.81036,0.81525,0.82014,0.82014,0.82014,0.81036,0.80499,0.79521,0.78006,0.7654,0.75513,0.75513,0.75513,0.73998,0.71505,0.70039,0.70039,0.70039,0.68524,0.68035,0.67498,0.67498,0.67498,0.68035,0.68035,0.68035,0.67498,0.68524,0.70039,0.69501,0.69501,0.70528,0.73509,0.85533,1.1256,1.2708,1.0953,0.86022,0.79521,0.8304,0.84018,0.78543,0.73998,0.71994,0.71994,0.71994,0.71994,0.72532,0.73021,0.73509,0.73998,0.73998,0.75024,0.7654,0.77517,0.77517,0.78543,0.8001,0.80499,0.81036,0.82014,0.82502,0.82014,0.80499,0.78543,0.77517,0.77517,0.77028,0.7654,0.7654,0.75513,0.74536,0.74536,0.73998,0.73998,0.73998,0.73509,0.73509,0.73998,0.74536,0.75024,0.75513,0.75513,0.7654,0.78006,0.79521,0.80499,0.81525,0.81036,0.80499,0.79521,0.78543,0.77028,0.75024,0.73509,0.73509,0.73509,0.73509,0.71994,0.70528,0.70039,0.70039,0.69501,0.69501,0.68524,0.68035,0.68035,0.68035,0.68035,0.69013,0.69501,0.69501,0.69013,0.70039,0.71505,0.73998,0.83529,1.0806,1.2957,1.2107,0.97556,0.86022,0.8651,0.84506,0.77517,0.71994,0.69501,0.69013,0.69013,0.69501,0.69501,0.70039,0.70039,0.71017,0.71505,0.73021,0.73509,0.73998,0.75513,0.7654,0.78006,0.79521,0.8001,0.8001,0.8001,0.8001,0.79521,0.78543,0.7654,0.74536,0.73998,0.73998,0.74536,0.75024,0.74536,0.73509,0.72532,0.72532,0.73021,0.73509,0.73998,0.73998,0.74536,0.75024,0.75513,0.76002,0.76002,0.7654,0.77517,0.77517,0.77517,0.7654,0.75513,0.75024,0.75024,0.75513,0.75513,0.74536,0.73021,0.72532,0.90518,1.1603,1.2253,1.0753,0.99022,0.9956,0.96041,0.86022,0.78006,0.73509,0.71994,0.71505,0.71505,0.71994,0.71994,0.71505,0.71994,0.73021,0.73509,0.73998,0.76002,0.76002,0.75024,0.75024,0.75513,0.74536,0.73998,0.73509,0.73998,0.73998,0.73998,0.73998,0.73021,0.72532,0.73509,0.74536,0.73021,0.73021,0.73998,0.74536,0.73021,0.73021,0.73998,0.73998,0.76002,0.81036,0.88025,0.97019,1.0904,1.2854,1.501,1.501,1.501,1.501,1.501,1.501,1.501,1.1056,0.70039,0.49511,0.39492,0.34506,0.31476,0.3001,0.29472,0.28983,0.27468,0.26979,0.26979,0.25464,0.21994,0.17986,0.17498,0.18475,0.16471,0.80499,0.81036,0.80499,0.8001,0.79521,0.78543,0.77517,0.76002,0.75513,0.75024,0.73998,0.71505,0.70039,0.70528,0.71017,0.70039,0.69501,0.69501,0.70528,0.71017,0.70528,0.69501,0.69501,0.69501,0.71017,0.71505,0.71505,0.73021,0.75024,0.79521,0.97019,1.2307,1.2957,1.0806,0.90518,0.88025,0.89052,0.8304,0.7654,0.73021,0.71505,0.71017,0.71017,0.71017,0.71017,0.71017,0.71017,0.71505,0.71994,0.73021,0.73509,0.75024,0.76002,0.76002,0.7654,0.78006,0.79032,0.8001,0.81036,0.81525,0.8001,0.78006,0.7654,0.76002,0.76002,0.7654,0.76002,0.75024,0.73998,0.73998,0.73509,0.73021,0.73021,0.73021,0.73509,0.73509,0.73998,0.74536,0.75024,0.7654,0.78006,0.79032,0.79032,0.79521,0.8001,0.79521,0.8001,0.79521,0.78006,0.75513,0.71994,0.71505,0.71994,0.73021,0.73509,0.71994,0.71505,0.71505,0.71017,0.70039,0.69501,0.69501,0.69501,0.69501,0.70039,0.70528,0.70039,0.70528,0.71505,0.71994,0.72532,0.74536,0.76002,0.83529,1.0552,1.2507,1.1857,0.99022,0.90029,0.91007,0.88025,0.81036,0.76002,0.74536,0.74536,0.73509,0.72532,0.71994,0.71994,0.73509,0.74536,0.75024,0.74536,0.75513,0.76002,0.76002,0.77028,0.79032,0.80499,0.82014,0.81525,0.80499,0.80499,0.81036,0.8001,0.78543,0.78006,0.78006,0.77028,0.76002,0.75513,0.74536,0.73998,0.73509,0.73509,0.73021,0.73021,0.73509,0.74536,0.74536,0.75024,0.76002,0.7654,0.7654,0.77517,0.78543,0.79521,0.80499,0.82014,0.81036,0.8001,0.79032,0.77028,0.73998,0.73021,0.71994,0.71994,0.72532,0.73021,0.70039,0.69501,0.71017,0.71505,0.71017,0.71017,0.70039,0.69013,0.68524,0.70528,0.71505,0.70528,0.71017,0.71994,0.71505,0.71017,0.72532,0.74536,0.8651,1.1457,1.3104,1.1603,0.93548,0.86022,0.8651,0.82502,0.7654,0.73021,0.71505,0.70528,0.70039,0.70039,0.71017,0.71994,0.73021,0.73021,0.72532,0.73021,0.73509,0.75024,0.76002,0.77028,0.78006,0.78543,0.79032,0.78543,0.79521,0.8001,0.79521,0.78006,0.78006,0.78006,0.77028,0.76002,0.75513,0.75513,0.74536,0.73998,0.73509,0.73509,0.73021,0.71994,0.71994,0.73021,0.73998,0.74536,0.74536,0.76002,0.78543,0.8001,0.80499,0.81036,0.82014,0.82502,0.82502,0.81036,0.78006,0.75513,0.73998,0.73998,0.73998,0.73509,0.71994,0.71017,0.71017,0.71017,0.71505,0.71505,0.70528,0.69501,0.70039,0.70528,0.70039,0.70039,0.70039,0.70039,0.71017,0.71505,0.72532,0.73509,0.75024,0.8651,1.1256,1.2708,1.1403,0.94526,0.88025,0.89052,0.85533,0.79032,0.74536,0.72532,0.71994,0.71994,0.71994,0.71994,0.71994,0.73021,0.73998,0.73998,0.74536,0.76002,0.77028,0.77517,0.78543,0.79521,0.81036,0.82014,0.8304,0.8304,0.82014,0.81525,0.80499,0.8001,0.79521,0.78543,0.78006,0.78006,0.78543,0.77517,0.75513,0.74536,0.73998,0.75024,0.77517,0.79521,0.80499,0.80499,0.8001,0.8001,0.79521,0.79521,0.78543,0.78006,0.77517,0.77517,0.77517,0.7654,0.76002,0.76002,0.75513,0.74536,0.74536,0.73998,0.73509,0.73998,0.73509,0.73509,0.73998,0.73509,0.74536,0.76002,0.77028,0.88025,1.1354,1.2708,1.1403,0.9653,0.92033,0.92522,0.87537,0.8001,0.75513,0.73509,0.73021,0.73021,0.73021,0.73021,0.72532,0.71994,0.73021,0.73998,0.75513,0.76002,0.77028,0.78543,0.79521,0.8001,0.81036,0.81036,0.82014,0.82014,0.82014,0.81525,0.80499,0.79521,0.77517,0.7654,0.7654,0.7654,0.77028,0.76002,0.75513,0.75513,0.75024,0.74536,0.74536,0.74536,0.76002,0.77517,0.78006,0.77517,0.77517,0.78006,0.78543,0.78006,0.77517,0.78006,0.77517,0.77517,0.78006,0.77517,0.77028,0.77028,0.77517,0.78006,0.79521,0.8001,0.8001,0.8001,0.79521,0.77517,0.7654,0.76002,0.73998,0.73509,0.74536,0.75024,0.73998,0.73998,0.73998,0.74536,0.74536,0.74536,0.75024,0.74536,0.73998,0.73998,0.73509,0.73509,0.73509,0.73509,0.74536,0.76002,0.77517,0.79032,0.91544,1.1603,1.2556,1.1056,0.93011,0.89052,0.89541,0.84506,0.78006,0.74536,0.73509,0.73021,0.72532,0.72532,0.73021,0.73509,0.73998,0.75024,0.74536,0.74536,0.75513,0.77028,0.78543,0.79521,0.8001,0.81036,0.82014,0.8304,0.8304,0.82502,0.82502,0.8304,0.82014,0.81036,0.8001,0.79521,0.79521,0.78543,0.77517,0.7654,0.76002,0.75513,0.74536,0.74536,0.75513,0.75513,0.75513,0.77028,0.78006,0.79032,0.79521,0.79521,0.80499,0.82502,0.8304,0.8304,0.83529,0.84018,0.8304,0.81525,0.79521,0.77028,0.74536,0.74536,0.74536,0.75024,0.74536,0.73509,0.71505,0.71505,0.71505,0.71994,0.72532,0.71017,0.71017,0.71017,0.71505,0.71505,0.71017,0.71017,0.71505,0.71994,0.71505,0.72532,0.73998,0.82502,1.0855,1.2957,1.2004,0.98045,0.87048,0.8651,0.85044,0.78006,0.73021,0.71505,0.70528,0.70039,0.69013,0.69013,0.69013,0.69013,0.69501,0.71017,0.73021,0.73509,0.73509,0.73998,0.74536,0.76002,0.77517,0.78543,0.79032,0.79521,0.8001,0.78543,0.78006,0.77028,0.76002,0.75024,0.74536,0.73509,0.73021,0.73021,0.72532,0.71994,0.71994,0.71505,0.71505,0.71505,0.71505,0.72532,0.73509,0.73509,0.73998,0.76002,0.78006,0.78543,0.79032,0.80499,0.82014,0.82014,0.80499,0.79521,0.77028,0.75024,0.73509,0.73021,0.73021,0.73021,0.71994,0.71505,0.71505,0.71017,0.71017,0.71505,0.70528,0.69501,0.69501,0.70039,0.70528,0.71017,0.71017,0.71505,0.71994,0.72532,0.73021,0.74536,0.80499,1.0054,1.2307,1.2654,1.0455,0.91544,0.90029,0.88025,0.81525,0.75024,0.72532,0.71505,0.71017,0.70528,0.70528,0.70528,0.71017,0.71994,0.72532,0.73021,0.73509,0.74536,0.75513,0.7654,0.78006,0.79521,0.8001,0.81036,0.81036,0.81036,0.80499,0.80499,0.8001,0.79032,0.78006,0.77517,0.7654,0.76002,0.75024,0.73998,0.73509,0.73509,0.73998,0.73509,0.73021,0.73021,0.73509,0.73509,0.73998,0.75513,0.77517,0.79032,0.8001,0.80499,0.81036,0.81036,0.80499,0.79521,0.78006,0.7654,0.75024,0.73509,0.73021,0.73509,0.73509,0.71505,0.70528,0.70039,0.70528,0.71505,0.71505,0.71017,0.70528,0.71017,0.70528,0.70039,0.70528,0.71017,0.71505,0.71994,0.71994,0.73021,0.75024,0.78006,0.89541,1.1403,1.2605,1.1256,0.94526,0.89541,0.90518,0.86022,0.79032,0.74536,0.73021,0.73021,0.73021,0.72532,0.73021,0.73021,0.73509,0.73998,0.73509,0.73509,0.74536,0.75513,0.7654,0.78006,0.79521,0.8001,0.80499,0.80499,0.81525,0.82014,0.80499,0.8001,0.8001,0.79032,0.77517,0.7654,0.7654,0.7654,0.75513,0.74536,0.73998,0.73509,0.73509,0.73509,0.73509,0.73998,0.74536,0.75024,0.75513,0.7654,0.77517,0.78543,0.8001,0.80499,0.81036,0.82014,0.82014,0.81036,0.8001,0.78543,0.77028,0.75024,0.73998,0.73998,0.74536,0.73509,0.71505,0.71017,0.71017,0.70528,0.70039,0.70039,0.69501,0.69501,0.69501,0.70039,0.70528,0.70528,0.70528,0.70528,0.71017,0.71505,0.73021,0.73998,0.80499,1.0254,1.2405,1.2507,0.98045,0.87048,0.8651,0.85044,0.78543,0.73021,0.71505,0.71017,0.70039,0.70039,0.71017,0.71505,0.71505,0.71994,0.71994,0.71505,0.72532,0.73998,0.76002,0.77517,0.78543,0.78543,0.79032,0.8001,0.80499,0.80499,0.8001,0.79521,0.78543,0.78006,0.77517,0.7654,0.76002,0.75513,0.74536,0.74536,0.74536,0.73509,0.71994,0.71505,0.71505,0.71505,0.73021,0.73998,0.75024,0.75513,0.7654,0.77517,0.78006,0.78543,0.79032,0.8001,0.8001,0.79521,0.79032,0.78543,0.77028,0.75024,0.73021,0.73021,0.73509,0.73021,0.71505,0.70039,0.70039,0.70039,0.69501,0.69013,0.69501,0.70039,0.69013,0.68524,0.69501,0.70528,0.70528,0.70528,0.71505,0.71994,0.71505,0.71505,0.75024,0.92522,1.2155,1.3055,1.1202,0.92522,0.8651,0.85044,0.8001,0.73509,0.70528,0.69501,0.69501,0.69501,0.70039,0.71017,0.71505,0.71505,0.71505,0.71994,0.71994,0.72532,0.73509,0.75513,0.7654,0.77028,0.78006,0.79521,0.8001,0.8001,0.8001,0.79521,0.78006,0.77517,0.77517,0.76002,0.75024,0.74536,0.74536,0.73998,0.73021,0.73021,0.73998,0.73998,0.73021,0.73021,0.73021,0.73509,0.74536,0.76002,0.77028,0.78006,0.79521,0.80499,0.82014,0.8304,0.84018,0.82014,0.80499,0.8001,0.78006,0.76002,0.74536,0.74536,0.75024,0.74536,0.73509,0.72532,0.72532,0.71505,0.71505,0.71994,0.71994,0.71994,0.71994,0.72532,0.73021,0.72532,0.72532,0.73509,0.73509,0.73509,0.75024,0.7654,0.8304,1.0552,1.2805,1.3006,1.0406,0.92033,0.91544,0.89541,0.82014,0.76002,0.73509,0.73021,0.73021,0.73021,0.73021,0.73021,0.73021,0.73998,0.75024,0.76002,0.75513,0.76002,0.77517,0.79032,0.79521,0.80499,0.82502,0.83529,0.82502,0.81525,0.8001,0.78543,0.77517,0.78006,0.79032,0.79521,0.78543,0.77028,0.76002,0.76002,0.76002,0.7654,0.7654,0.7654,0.7654,0.7654,0.77517,0.78006,0.78006,0.78543,0.79032,0.79032,0.79521,0.79521,0.8001,0.79521,0.78543,0.78006,0.78006,0.78006,0.78006,0.77028,0.76002,0.92033,1.1857,1.2757,1.1505,1.0704,1.0606,1.0005,0.87048,0.77028,0.72532,0.71994,0.71994,0.71017,0.70039,0.71017,0.71994,0.73021,0.71994,0.71994,0.73021,0.73998,0.74536,0.76002,0.7654,0.75513,0.75513,0.76002,0.75513,0.75024,0.75024,0.75024,0.75513,0.76002,0.7654,0.7654,0.7654,0.77517,0.78006,0.77517,0.77517,0.77517,0.78006,0.78543,0.78543,0.79521,0.79521,0.8001,0.79521,0.78543,0.78006,0.77517,0.77517,0.77517,0.7654,0.77028,0.77517,0.76002,0.75513,0.75513,0.75513,0.75513,0.75513,0.75513,0.75513,0.75513,0.76002,0.76002,0.75513,0.75513,0.75024,0.75024,0.7654,0.78006,0.78006,0.77517,0.78543,0.79521,0.8001,0.78543,0.78543,0.78006,0.77517,0.75513,0.75513,0.75513,0.76002,0.75513,0.74536,0.74536,0.75024,0.7654,0.7654,0.76002,0.75513,0.75513,0.75513,0.75024,0.74536,0.74536,0.74536,0.75513,0.77517,0.77517,0.8304,1.0455,1.2605,1.2757,1.0152,0.89052,0.87537,0.88514,0.8001,0.75024,0.73509,0.73021,0.71505,0.71017,0.71017,0.71505,0.71994,0.73021,0.73509,0.73998,0.73998,0.73998,0.74536,0.7654,0.78006,0.78543,0.78543,0.79032,0.8001,0.81525,0.80499,0.79032,0.78543,0.79032,0.78543,0.78006,0.7654,0.75024,0.75513,0.7654,0.77028,0.75513,0.74536,0.74536,0.73998,0.73021,0.73021,0.73998,0.75513,0.76002,0.7654,0.77028,0.78006,0.79032,0.8001,0.80499,0.81525,0.81036,0.80499,0.81036,0.81525,0.81036,0.8001,0.77028,0.75024,0.73998,0.73509,0.73509,0.74536,0.73998,0.71994,0.69501,0.68035,0.69013,0.70528,0.71017,0.69501,0.69013,0.69013,0.69013,0.70039,0.69501,0.69501,0.71017,0.70528,0.69501,0.69501,0.71994,0.78543,1.0005,1.2605,1.3006,1.0455,0.88514,0.84506,0.84018,0.79032,0.73509,0.70039,0.69013,0.69013,0.68524,0.68035,0.69013,0.69013,0.70039,0.71017,0.72532,0.73509,0.74536,0.75513,0.76002,0.7654,0.77028,0.78006,0.79521,0.8001,0.80499,0.8001,0.79032,0.78006,0.7654,0.76002,0.75513,0.74536,0.73509,0.73021,0.71994,0.71994,0.71505,0.71505,0.71017,0.71017,0.70528,0.70528,0.71017,0.71994,0.73021,0.73998,0.75513,0.77028,0.77517,0.79032,0.8001,0.80499,0.8001,0.78543,0.78006,0.7654,0.73998,0.71994,0.71994,0.72532,0.71994,0.71017,0.70039,0.69501,0.69501,0.70039,0.69501,0.69501,0.69013,0.69013,0.69013,0.69501,0.69501,0.70039,0.70528,0.70039,0.70039,0.71994,0.73998,0.77028,0.91007,1.1657,1.2654,1.1105,0.93011,0.88514,0.87537,0.82502,0.75513,0.72532,0.70528,0.69013,0.68524,0.69013,0.70039,0.70528,0.70528,0.71017,0.71505,0.73021,0.73021,0.73509,0.75024,0.76002,0.77028,0.78006,0.79521,0.80499,0.80499,0.8001,0.8001,0.79032,0.77517,0.7654,0.76002,0.75513,0.75024,0.73998,0.73509,0.72532,0.71505,0.71505,0.71505,0.71505,0.71994,0.73021,0.73509,0.73509,0.73509,0.73998,0.7654,0.78006,0.78543,0.78006,0.79032,0.79521,0.8001,0.8001,0.78543,0.76002,0.73998,0.73021,0.73021,0.73509,0.73021,0.71017,0.70039,0.70039,0.69501,0.70039,0.69501,0.69013,0.68524,0.69013,0.69501,0.70039,0.70528,0.70039,0.70039,0.71017,0.71505,0.71994,0.73509,0.75024,0.86022,1.1153,1.2654,1.1457,0.96041,0.89541,0.90029,0.85533,0.78006,0.73509,0.71505,0.71017,0.70039,0.70528,0.71017,0.71505,0.71017,0.72532,0.73509,0.73998,0.73509,0.75513,0.77028,0.77517,0.78006,0.79521,0.8001,0.80499,0.81036,0.82014,0.81036,0.8001,0.79032,0.78543,0.78543,0.77517,0.76002,0.75024,0.73998,0.73998,0.73998,0.73509,0.73509,0.73509,0.74536,0.75513,0.76002,0.75024,0.75024,0.76002,0.75513,0.7654,0.78006,0.8001,0.81036,0.82014,0.82502,0.81525,0.8001,0.78543,0.77028,0.75513,0.74536,0.73998,0.75024,0.75513,0.73998,0.73021,0.73021,0.73021,0.71994,0.71994,0.71994,0.71994,0.71505,0.71505,0.71505,0.71505,0.71505,0.71994,0.73021,0.73021,0.73998,0.75513,0.7654,0.8651,1.1007,1.2605,1.1505,0.96041,0.88514,0.89052,0.86022,0.79521,0.74536,0.71505,0.71505,0.71505,0.71505,0.71505,0.71994,0.73021,0.73509,0.73509,0.73998,0.75024,0.7654,0.77028,0.77517,0.78543,0.79521,0.81036,0.82014,0.82014,0.82014,0.81036,0.8001,0.79521,0.79521,0.8001,0.8001,0.79521,0.78006,0.76002,0.74536,0.73998,0.74536,0.75513,0.75513,0.75513,0.75513,0.75513,0.76002,0.75513,0.73998,0.73998,0.74536,0.75024,0.74536,0.73998,0.73998,0.73509,0.73021,0.73021,0.73998,0.73998,0.73021,0.71505,0.71017,0.71017,0.70039,0.70039,0.70528,0.70039,0.79032,1.0503,1.2454,1.1706,1.0005,0.93548,0.91007,0.85533,0.77028,0.71017,0.69501,0.69501,0.68524,0.68035,0.68524,0.69501,0.70039,0.71017,0.71017,0.71505,0.71994,0.71994,0.73021,0.73998,0.73998,0.74536,0.74536,0.75513,0.74536,0.73998,0.73998,0.73998,0.73998,0.75024,0.75513,0.73998,0.73021,0.71994,0.71994,0.71994,0.71994,0.71505,0.71994,0.73021,0.73998,0.74536,0.76002,0.7654,0.7654,0.7654,0.77028,0.77517,0.77517,0.78006,0.77517,0.7654,0.76002,0.7654,0.76002,0.74536,0.74536,0.74536,0.74536,0.73998,0.73509,0.73509,0.73998,0.74536,0.75513,0.7654,0.77517,0.78006,0.78543,0.77028,0.76002,0.73998,0.73021,0.71994,0.72532,0.73509,0.73021,0.71994,0.71505,0.71994,0.72532,0.73021,0.71994,0.71505,0.72532,0.73021,0.73021,0.73021,0.73021,0.73509,0.73998,0.75024,0.7654,0.77517,0.85044,1.0753,1.2957,1.3157,1.0606,0.93011,0.91007,0.88514,0.82014,0.77028,0.74536,0.73509,0.73021,0.72532,0.73021,0.73509,0.73509,0.74536,0.75024,0.75024,0.76002,0.77028,0.77517,0.78006,0.79521,0.81525,0.82502,0.8304,0.83529,0.8304,0.8304,0.8304,0.8304,0.82014,0.81525,0.80499,0.79521,0.78543,0.78543,0.78006,0.77517,0.7654,0.76002,0.76002,0.7654,0.7654,0.76002,0.7654,0.77517,0.77517,0.78006,0.79521,0.80499,0.82014,0.8304,0.84018,0.85533,0.8651,0.86022,0.85044,0.84018,0.82502,0.8001,0.77517,0.77517,0.77517,0.77028,0.7654,0.76002,0.73998,0.73509,0.73509,0.72532,0.71994,0.73021,0.73509,0.73998,0.73509,0.73509,0.73509,0.73509,0.73998,0.73998,0.75024,0.77517,0.79521,0.85533,1.0606,1.2708,1.2908,1.0455,0.94037,0.93011,0.90518,0.83529,0.77517,0.75513,0.74536,0.73509,0.73021,0.73021,0.73509,0.73998,0.73998,0.74536,0.75513,0.76002,0.77028,0.78006,0.78543,0.8001,0.82014,0.83529,0.84018,0.84018,0.84018,0.84018,0.83529,0.83529,0.82502,0.81036,0.8001,0.78006,0.77028,0.7654,0.76002,0.76002,0.76002,0.75513,0.75513,0.7654,0.77028,0.77028,0.77517,0.78006,0.79521,0.79521,0.8001,0.80499,0.80499,0.80499,0.81525,0.82502,0.8304,0.8304,0.82502,0.81036,0.8001,0.78006,0.7654,0.7654,0.76002,0.74536,0.73998,0.73509,0.73509,0.73509,0.73509,0.73509,0.73021,0.73021,0.72532,0.71994,0.71994,0.71994,0.72532,0.73021,0.73021,0.73998,0.75513,0.7654,0.82502,1.0352,1.2507,1.2708,1.0152,0.90029,0.89052,0.89541,0.81036,0.75513,0.73509,0.73021,0.72532,0.73021,0.73021,0.71994,0.73021,0.73509,0.73998,0.73998,0.75513,0.7654,0.77517,0.78543,0.79521,0.8001,0.80499,0.82502,0.8304,0.82014,0.81036,0.81036,0.81036,0.8001,0.78543,0.77517,0.7654,0.76002,0.75024,0.73509,0.73021,0.73021,0.73021,0.73021,0.72532,0.72532,0.73021,0.74536,0.74536,0.73998,0.73998,0.76002,0.78006,0.78543,0.78543,0.78543,0.8001,0.80499,0.79521,0.78006,0.77517,0.75513,0.73021,0.71017,0.71505,0.71994,0.71994,0.71017,0.70039,0.70039,0.70528,0.69501,0.69501,0.69501,0.69013,0.68524,0.68524,0.69501,0.70039,0.70528,0.70039,0.69013,0.69013,0.70039,0.71505,0.77517,0.98045,1.2405,1.2908,1.0455,0.88025,0.85044,0.82502,0.76002,0.71017,0.69013,0.67498,0.67009,0.67009,0.67498,0.68524,0.68035,0.68035,0.69501,0.70039,0.71017,0.71994,0.73021,0.73509,0.76002,0.78006,0.78543,0.78543,0.78543,0.78543,0.78543,0.78006,0.7654,0.75513,0.73998,0.73509,0.73021,0.71994,0.71505,0.70528,0.70039,0.69501,0.69501,0.69013,0.69013,0.69013,0.69013,0.69013,0.70039,0.71017,0.71505,0.72532,0.73998,0.75513,0.7654,0.77517,0.78006,0.78006,0.77517,0.76002,0.73021,0.71017,0.69501,0.69501,0.69501,0.70039,0.68524,0.67498,0.67009,0.6652,0.6652,0.6652,0.6652,0.67009,0.67009,0.67498,0.67498,0.67498,0.67498,0.68035,0.68524,0.69501,0.71017,0.71994,0.76002,0.94037,1.1955,1.2556,1.0704,0.91544,0.88514,0.88025,0.81525,0.73998,0.70528,0.70039,0.70528,0.71017,0.71017,0.71017,0.71505,0.71505,0.72532,0.73509,0.73509,0.73509,0.74536,0.76002,0.77517,0.78543,0.8001,0.81036,0.82014,0.80499,0.8001,0.80499,0.81036,0.80499,0.8001,0.79521,0.78006,0.77517,0.7654,0.76002,0.7654,0.77517,0.76002,0.75024,0.74536,0.74536,0.73998,0.73509,0.73998,0.73998,0.73998,0.75024,0.75513,0.75513,0.74536,0.74536,0.75024,0.75513,0.73998,0.73998,0.73509,0.73021,0.71994,0.72532,0.73021,0.73021,0.71994,0.74536,0.92522,1.1955,1.2708,1.1256,1.0205,1.0054,0.95015,0.84018,0.76002,0.73509,0.72532,0.71017,0.71017,0.71505,0.71994,0.72532,0.71994,0.73509,0.73998,0.73509,0.73509,0.75024,0.76002,0.76002,0.75513,0.76002,0.7654,0.77517,0.77517,0.7654,0.76002,0.76002,0.76002,0.76002,0.7654,0.77028,0.76002,0.75513,0.75513,0.75513,0.75513,0.76002,0.76002,0.76002,0.7654,0.77517,0.78006,0.78006,0.78543,0.78006,0.78006,0.78006,0.7654,0.7654,0.76002,0.75513,0.75024,0.73998,0.74536,0.75513,0.75024,0.74536,0.73998,0.73509,0.73509,0.73509,0.73998,0.74536,0.77028,0.77517,0.76002,0.75513,0.77028,0.78006,0.78006,0.77517,0.76002,0.73998,0.73021,0.73021,0.73998,0.73998,0.73021,0.71994,0.71994,0.73021,0.73509,0.73509,0.73509,0.73021,0.73509,0.73998,0.73509,0.73509,0.73998,0.73998,0.73998,0.75513,0.77028,0.8001,0.97556,1.2204,1.2757,1.0753,0.91544,0.87537,0.87048,0.82502,0.77028,0.73509,0.71505,0.71505,0.71505,0.71505,0.71994,0.71994,0.72532,0.73021,0.73998,0.75024,0.76002,0.76002,0.76002,0.77028,0.78543,0.8001,0.81036,0.82014,0.82502,0.82014,0.81036,0.8001,0.8001,0.8001,0.79521,0.79032,0.78543,0.78543,0.77517,0.7654,0.76002,0.75513,0.75024,0.75024,0.75024,0.76002,0.7654,0.7654,0.77028,0.78543,0.79521,0.79032,0.79521,0.80499,0.82014,0.82502,0.82502,0.8304,0.84018,0.84506,0.82502,0.81036,0.8001,0.78543,0.7654,0.74536,0.73509,0.73509,0.73021,0.73021,0.73509,0.73021,0.71994,0.71505,0.71994,0.71994,0.71505,0.71505,0.72532,0.73509,0.73998,0.73998,0.73509,0.71994,0.73021,0.73998,0.75513,0.83529,1.0855,1.3206,1.3304,1.0352,0.90029,0.89052,0.8651,0.8001,0.75024,0.73021,0.72532,0.73021,0.71994,0.71505,0.72532,0.73021,0.73509,0.73509,0.73998,0.75024,0.76002,0.77517,0.78543,0.79521,0.80499,0.82502,0.84018,0.84506,0.84018,0.8304,0.82502,0.81525,0.80499,0.79521,0.78543,0.78006,0.78006,0.77517,0.76002,0.75024,0.74536,0.73998,0.73998,0.74536,0.74536,0.75024,0.74536,0.74536,0.75513,0.7654,0.78543,0.80499,0.81525,0.82502,0.84018,0.84506,0.8304,0.82014,0.80499,0.78543,0.7654,0.75513,0.75024,0.75513,0.75513,0.74536,0.73021,0.71994,0.71994,0.72532,0.73021,0.72532,0.71505,0.71505,0.71994,0.73021,0.72532,0.72532,0.73021,0.73509,0.73998,0.75024,0.76002,0.79032,0.93548,1.2004,1.2957,1.1305,0.95015,0.91007,0.91544,0.86022,0.78543,0.74536,0.73509,0.73509,0.72532,0.71994,0.71994,0.73021,0.73509,0.73021,0.73509,0.74536,0.76002,0.77517,0.79032,0.8001,0.80499,0.80499,0.81525,0.8304,0.84018,0.83529,0.82502,0.81525,0.8001,0.79032,0.78543,0.78006,0.78006,0.77517,0.7654,0.75024,0.74536,0.74536,0.74536,0.73998,0.73998,0.74536,0.75513,0.76002,0.7654,0.77028,0.78006,0.79521,0.80499,0.82014,0.8304,0.8304,0.82014,0.81036,0.79521,0.77517,0.76002,0.74536,0.73998,0.74536,0.75024,0.73509,0.71994,0.71505,0.71017,0.71017,0.71505,0.71994,0.71994,0.71994,0.72532,0.71017,0.71017,0.71505,0.72532,0.73021,0.73021,0.73509,0.75513,0.78006,0.89052,1.1354,1.2757,1.1603,0.97556,0.91007,0.91007,0.85533,0.78543,0.75513,0.73998,0.71994,0.71505,0.71505,0.71994,0.71994,0.71994,0.73021,0.73509,0.73998,0.74536,0.74536,0.75513,0.77517,0.79521,0.80499,0.82502,0.82502,0.82014,0.82014,0.81525,0.81036,0.80499,0.79521,0.78543,0.77517,0.7654,0.7654,0.76002,0.74536,0.73998,0.73998,0.73021,0.73021,0.73998,0.75513,0.75513,0.76002,0.76002,0.7654,0.77517,0.78543,0.79521,0.8001,0.81036,0.82014,0.82502,0.81525,0.80499,0.79521,0.77028,0.73998,0.73509,0.73998,0.74536,0.75024,0.73998,0.73998,0.73998,0.73509,0.73021,0.72532,0.71994,0.71017,0.71017,0.71505,0.71994,0.71994,0.72532,0.73021,0.72532,0.73021,0.73998,0.76002,0.77517,0.87537,1.1202,1.2556,1.1305,0.94526,0.88025,0.87537,0.84018,0.78006,0.73998,0.73509,0.72532,0.71505,0.71017,0.71017,0.71994,0.72532,0.73021,0.73021,0.73509,0.73998,0.75024,0.75513,0.7654,0.77517,0.79032,0.81036,0.82014,0.82502,0.82014,0.81036,0.81036,0.8001,0.78006,0.7654,0.7654,0.7654,0.76002,0.75024,0.73998,0.73998,0.75024,0.7654,0.77028,0.77517,0.7654,0.76002,0.76002,0.75513,0.75513,0.75513,0.75513,0.76002,0.7654,0.76002,0.76002,0.76002,0.75513,0.74536,0.73998,0.73509,0.73509,0.73509,0.73021,0.73021,0.72532,0.71505,0.71505,0.71994,0.72532,0.71994,0.82502,1.0953,1.2757,1.1657,0.97556,0.90518,0.90029,0.84506,0.7654,0.71505,0.70039,0.69501,0.68524,0.69013,0.70039,0.71017,0.71017,0.71017,0.71505,0.71505,0.71994,0.73509,0.74536,0.75513,0.75513,0.7654,0.78006,0.78543,0.77517,0.76002,0.75024,0.73998,0.73509,0.73021,0.72532,0.72532,0.73021,0.73021,0.71505,0.71017,0.71017,0.71505,0.71505,0.71505,0.71017,0.71017,0.71994,0.73509,0.73998,0.73998,0.73998,0.75024,0.75513,0.75513,0.75513,0.75024,0.74536,0.73998,0.73509,0.72532,0.71505,0.71505,0.71017,0.71505,0.71994,0.72532,0.73021,0.73509,0.73998,0.74536,0.73998,0.73509,0.73021,0.71017,0.69013,0.68524,0.68524,0.69013,0.69501,0.68524,0.67498,0.68035,0.67498,0.6652,0.6652,0.67009,0.67009,0.67498,0.67498,0.68035,0.69013,0.69501,0.69501,0.69013,0.69501,0.71017,0.75513,0.93548,1.1804,1.2405,1.0406,0.88025,0.85533,0.84506,0.79032,0.73021,0.70039,0.69013,0.69501,0.69501,0.69501,0.69501,0.69013,0.69013,0.69501,0.69501,0.71017,0.71994,0.73021,0.73509,0.75024,0.7654,0.77517,0.78006,0.78006,0.77517,0.78006,0.78543,0.78006,0.7654,0.76002,0.75513,0.74536,0.73998,0.73509,0.72532,0.71994,0.71994,0.71017,0.71017,0.71505,0.71994,0.71994,0.71994,0.72532,0.73021,0.73509,0.73998,0.75024,0.77028,0.78006,0.79032,0.8001,0.81036,0.81525,0.79521,0.78006,0.77517,0.7654,0.73998,0.72532,0.71994,0.71994,0.71505,0.70039,0.69013,0.69013,0.69501,0.68524,0.68035,0.68524,0.68035,0.68035,0.68035,0.68035,0.69013,0.68035,0.68035,0.69013,0.69501,0.70528,0.71994,0.74536,0.89541,1.1505,1.2253,1.0704,0.91544,0.8651,0.85044,0.8001,0.73998,0.70528,0.69013,0.68524,0.69013,0.69013,0.69013,0.69013,0.69013,0.70528,0.71017,0.71505,0.71505,0.71994,0.73021,0.73998,0.75513,0.77028,0.78543,0.78543,0.78006,0.78006,0.7654,0.76002,0.76002,0.75513,0.74536,0.73509,0.73021,0.72532,0.71505,0.70039,0.69501,0.69013,0.69013,0.69013,0.70039,0.71505,0.71994,0.73509,0.73998,0.73998,0.74536,0.74536,0.75513,0.76002,0.77028,0.77517,0.77517,0.7654,0.76002,0.75024,0.73998,0.72532,0.71017,0.69501,0.70039,0.70528,0.70039,0.69013,0.68035,0.67498,0.67498,0.68035,0.67498,0.67498,0.67498,0.67498,0.67498,0.67498,0.67498,0.67498,0.68524,0.69501,0.70528,0.71017,0.71994,0.79032,1.0152,1.2204,1.2356,0.9653,0.85044,0.84018,0.84506,0.7654,0.71017,0.70039,0.69501,0.68035,0.67498,0.68035,0.69501,0.69501,0.69501,0.71017,0.71994,0.71505,0.71017,0.73021,0.76002,0.77028,0.77517,0.78006,0.78543,0.79032,0.78006,0.79032,0.8001,0.77517,0.75513,0.73998,0.73021,0.73021,0.75513,0.76002,0.73021,0.70528,0.70039,0.69501,0.68035,0.69013,0.71505,0.71505,0.70528,0.71505,0.73509,0.74536,0.74536,0.75513,0.7654,0.77517,0.79032,0.79521,0.78543,0.78006,0.77517,0.75513,0.73509,0.71994,0.70528,0.70039,0.70039,0.70528,0.68524,0.67009,0.67009,0.68035,0.68524,0.68035,0.6652,0.66031,0.6652,0.6652,0.6652,0.67009,0.67498,0.68524,0.69013,0.68524,0.69013,0.71017,0.79032,1.0352,1.2908,1.3157,1.0205,0.8651,0.84506,0.8304,0.77028,0.72532,0.70039,0.69501,0.69501,0.69501,0.69013,0.69501,0.70039,0.71017,0.71505,0.71994,0.73021,0.73509,0.73998,0.73998,0.75513,0.77517,0.78543,0.79032,0.79521,0.78543,0.78006,0.77517,0.7654,0.75513,0.74536,0.74536,0.74536,0.73998,0.73509,0.72532,0.71505,0.71505,0.71017,0.70528,0.70039,0.70528,0.71017,0.71505,0.72532,0.73509,0.75513,0.77028,0.78006,0.79521,0.81036,0.82014,0.81036,0.8001,0.78543,0.78006,0.7654,0.75024,0.73998,0.73509,0.73509,0.72532,0.71505,0.71505,0.71505,0.71505,0.71505,0.71505,0.71994,0.71505,0.70528,0.71017,0.71994,0.72532,0.71994,0.71994,0.71994,0.73021,0.74536,0.77028,0.86022,1.1007,1.2805,1.1906,0.9956,0.91007,0.91544,0.87048,0.79032,0.73998,0.73021,0.71994,0.71505,0.71017,0.71017,0.71505,0.72532,0.73998,0.75024,0.7654,0.76002,0.75513,0.75024,0.75513,0.76002,0.75024,0.74536,0.75513,0.7654,0.77517,0.78006,0.79521,0.8001,0.8001,0.80499,0.81525,0.82014,0.82014,0.81036,0.80499,0.79521,0.79032,0.79521,0.79521,0.79521,0.8001,0.80499,0.8001,0.78543,0.78006,0.7654,0.74536,0.73021,0.72532,0.71994,0.73021,0.73509,0.72532,0.71994,0.72532,0.73021,0.71994,0.71017,0.71017,0.71017,0.71505,0.71505,0.71505,0.71994,0.71994,0.71994,0.72532,0.73021,0.73509,0.74536,0.84506,1.1007,1.3104,1.2204,0.99022,0.87048,0.85533,0.86022,0.78543,0.74536,0.73021,0.71505,0.71017,0.71017,0.71505,0.71994,0.71994,0.73021,0.73021,0.73998,0.75513,0.76002,0.7654,0.77517,0.78543,0.8001,0.81036,0.81036,0.81036,0.80499,0.79521,0.78543,0.77517,0.76002,0.75513,0.75513,0.75513,0.75024,0.74536,0.73998,0.73509,0.73021,0.72532,0.72532,0.71994,0.71994,0.72532,0.72532,0.73509,0.74536,0.75513,0.76002,0.77028,0.77517,0.78543,0.8001,0.81036,0.81525,0.82014,0.81036,0.80499,0.8001,0.77517,0.75513,0.74536,0.73998,0.73998,0.73509,0.71994,0.71017,0.71017,0.71505,0.71505,0.70528,0.70039,0.70039,0.70528,0.70528,0.71017,0.71017,0.71017,0.71017,0.71017,0.71505,0.73021,0.73998,0.75513,0.84506,1.0855,1.2708,1.1955,0.9956,0.90029,0.90518,0.87048,0.79032,0.73021,0.71017,0.71017,0.71017,0.71505,0.71505,0.72532,0.73509,0.72532,0.71994,0.72532,0.73998,0.75024,0.7654,0.77517,0.78543,0.79521,0.81036,0.81525,0.82014,0.81036,0.8001,0.8001,0.79521,0.78543,0.78006,0.77028,0.75513,0.74536,0.73998,0.73021,0.71505,0.71505,0.71994,0.71994,0.71994,0.71994,0.71505,0.71505,0.72532,0.73998,0.74536,0.75513,0.77028,0.78543,0.8001,0.81036,0.81036,0.8001,0.78543,0.77028,0.75024,0.73021,0.72532,0.73021,0.73021,0.71994,0.71017,0.71017,0.70528,0.69501,0.69501,0.69501,0.69501,0.69013,0.68035,0.68035,0.69013,0.69501,0.69501,0.69501,0.69501,0.70039,0.71994,0.73998,0.75513,0.88025,1.1256,1.2507,1.1256,0.95015,0.89052,0.88025,0.8304,0.76002,0.71505,0.70039,0.70039,0.69013,0.68524,0.69501,0.70039,0.70039,0.70039,0.71017,0.71994,0.73021,0.73021,0.73998,0.76002,0.77028,0.77028,0.77517,0.79521,0.80499,0.81036,0.8001,0.79521,0.79032,0.78006,0.7654,0.75513,0.75024,0.73998,0.73021,0.71994,0.71505,0.71505,0.71505,0.71017,0.71505,0.71017,0.71505,0.72532,0.73509,0.73998,0.74536,0.75024,0.76002,0.77517,0.77517,0.77517,0.78543,0.79521,0.78543,0.77028,0.75024,0.73509,0.72532,0.71994,0.73021,0.73021,0.71994,0.70039,0.68524,0.68524,0.69013,0.69501,0.70039,0.70528,0.70528,0.70039,0.70039,0.70528,0.70528,0.70528,0.71017,0.71994,0.73509,0.76002,0.78006,0.83529,1.0254,1.2356,1.2556,1.0205,0.90029,0.89052,0.87537,0.81036,0.76002,0.73509,0.73021,0.73021,0.72532,0.71994,0.71994,0.72532,0.73021,0.73021,0.73021,0.73509,0.73998,0.75024,0.76002,0.77517,0.78543,0.79032,0.79521,0.80499,0.81036,0.81036,0.80499,0.79032,0.78006,0.77028,0.76002,0.75513,0.75513,0.75024,0.73509,0.71994,0.71505,0.71505,0.71994,0.72532,0.73021,0.71994,0.71994,0.73509,0.75024,0.76002,0.76002,0.77028,0.79032,0.80499,0.81036,0.81036,0.8001,0.79521,0.79032,0.77517,0.75024,0.73021,0.71994,0.73021,0.73998,0.73509,0.71994,0.71505,0.71505,0.71505,0.71505,0.70528,0.69501,0.69501,0.70528,0.71505,0.71017,0.70528,0.71017,0.71994,0.73021,0.73021,0.73998,0.75513,0.8001,1.0205,1.2805,1.3206,1.0655,0.89541,0.86022,0.85533,0.81036,0.75513,0.73021,0.71505,0.71017,0.71017,0.71505,0.72532,0.73021,0.73021,0.73021,0.73998,0.75513,0.76002,0.76002,0.77028,0.78543,0.80499,0.81525,0.82014,0.8304,0.83529,0.82502,0.81036,0.8001,0.79521,0.78006,0.7654,0.76002,0.7654,0.7654,0.75513,0.73998,0.73021,0.71994,0.71017,0.71505,0.75024,0.7654,0.77028,0.78006,0.77517,0.77517,0.78006,0.78543,0.77028,0.76002,0.75513,0.75024,0.75513,0.75513,0.75513,0.75024,0.74536,0.73998,0.73509,0.73021,0.73021,0.72532,0.71994,0.71994,0.71505,0.72532,0.73021,0.73021,0.73021,0.80499,1.0503,1.2757,1.2854,1.0254,0.91544,0.90518,0.87048,0.8001,0.75024,0.71994,0.70039,0.70039,0.70039,0.70528,0.71017,0.71505,0.72532,0.73998,0.74536,0.74536,0.75024,0.76002,0.7654,0.78006,0.79521,0.81036,0.81525,0.81525,0.81525,0.81036,0.8001,0.79521,0.79032,0.78543,0.77028,0.76002,0.76002,0.76002,0.75024,0.73998,0.73998,0.73509,0.73998,0.75024,0.75513,0.75513,0.76002,0.77517,0.78006,0.78006,0.78006,0.78543,0.78543,0.79521,0.78543,0.78006,0.77517,0.77517,0.77517,0.78006,0.79032,0.79521,0.8001,0.8001,0.8001,0.81036,0.8001,0.78543,0.77517,0.76002,0.74536,0.73998,0.73998,0.74536,0.73998,0.73021,0.71994,0.71994,0.72532,0.72532,0.73021,0.73509,0.73021,0.71994,0.71994,0.73021,0.73998,0.73998,0.73509,0.74536,0.76002,0.77028,0.80499,0.97019,1.2155,1.2805,1.0953,0.94037,0.90518,0.89541,0.84018,0.78006,0.75513,0.74536,0.73509,0.73021,0.73021,0.73509,0.73509,0.73998,0.73998,0.73509,0.73998,0.74536,0.76002,0.77028,0.78006,0.8001,0.82014,0.8304,0.82502,0.82014,0.82014,0.82502,0.81525,0.80499,0.8001,0.78543,0.77517,0.7654,0.75513,0.75513,0.75024,0.74536,0.74536,0.74536,0.74536,0.73998,0.73998,0.74536,0.74536,0.73998,0.74536,0.76002,0.78006,0.8001,0.81036,0.82014,0.82502,0.82502,0.82014,0.81036,0.79521,0.77028,0.73998,0.73021,0.73021,0.73509,0.73509,0.71994,0.71017,0.71017,0.71017,0.71017,0.71017,0.71505,0.71017,0.70039,0.69501,0.69013,0.69013,0.70039,0.70039,0.70528,0.71505,0.72532,0.74536,0.76002,0.84018,1.0655,1.2605,1.1955,1.0005,0.90518,0.90518,0.87537,0.81036,0.76002,0.73998,0.71994,0.71017,0.70528,0.70039,0.70039,0.71505,0.72532,0.73021,0.73509,0.73998,0.74536,0.75513,0.76002,0.7654,0.77517,0.79521,0.8001,0.81036,0.81036,0.80499,0.8001,0.79521,0.78006,0.7654,0.75513,0.74536,0.73998,0.73509,0.73021,0.71994,0.71994,0.71994,0.71505,0.71017,0.71505,0.72532,0.73509,0.73998,0.73998,0.74536,0.76002,0.77517,0.78543,0.79521,0.80499,0.81036,0.79032,0.77517,0.7654,0.76002,0.75024,0.73998,0.73021,0.71994,0.73021,0.73021,0.70528,0.68035,0.68035,0.68035,0.69013,0.70039,0.70528,0.70039,0.70039,0.70528,0.71017,0.71017,0.71017,0.70528,0.70039,0.71017,0.71994,0.73509,0.84018,1.1056,1.3006,1.1955,0.97556,0.87048,0.85533,0.82502,0.76002,0.72532,0.71017,0.70528,0.70039,0.69013,0.69501,0.69501,0.69501,0.69501,0.71505,0.71505,0.71505,0.73021,0.73509,0.74536,0.75513,0.77517,0.79521,0.80499,0.79521,0.79032,0.78006,0.7654,0.76002,0.75513,0.75513,0.75024,0.74536,0.74536,0.74536,0.73021,0.71017,0.70039,0.69501,0.69501,0.70039,0.70528,0.71017,0.72532,0.73509,0.73998,0.75513,0.7654,0.77028,0.77517,0.79032,0.8001,0.8001,0.8001,0.79032,0.77028,0.75024,0.73509,0.73021,0.73021,0.71994,0.70039,0.69013,0.69013,0.69013,0.69013,0.68524,0.68524,0.68524,0.69013,0.68035,0.67498,0.67498,0.68035,0.69501,0.70039,0.70039,0.70039,0.71017,0.73021,0.82014,1.0503,1.2507,1.2556,0.9956,0.88514,0.88025,0.88514,0.78543,0.71994,0.70039,0.70039,0.69501,0.69013,0.69013,0.69501,0.70528,0.71017,0.71505,0.71505,0.71994,0.73509,0.74536,0.74536,0.75024,0.7654,0.77517,0.78006,0.79521,0.8001,0.80499,0.80499,0.78006,0.76002,0.73998,0.73021,0.71994,0.71994,0.71505,0.71505,0.71017,0.71017,0.71505,0.71505,0.71017,0.71017,0.71505,0.72532,0.73509,0.73998,0.75024,0.7654,0.78006,0.79032,0.79521,0.79521,0.78543,0.78006,0.7654,0.74536,0.72532,0.71505,0.71505,0.71994,0.71017,0.69013,0.68524,0.69501,0.69501,0.69501,0.68035,0.67009,0.6652,0.67009,0.67009,0.68035,0.68524,0.69013,0.68035,0.68524,0.69013,0.70039,0.72532,0.76002,0.91544,1.1603,1.2253,1.0503,0.89541,0.8651,0.87048,0.82014,0.73998,0.70039,0.69013,0.68035,0.67498,0.67498,0.68035,0.68035,0.69013,0.69013,0.69501,0.70039,0.71017,0.71994,0.73021,0.73509,0.74536,0.76002,0.77517,0.78006,0.78006,0.77517,0.77028,0.7654,0.7654,0.7654,0.75513,0.73998,0.73021,0.71505,0.71017,0.69501,0.68524,0.68524,0.68524,0.68035,0.69013,0.71994,0.73998,0.74536,0.73509,0.73021,0.73021,0.73509,0.73509,0.73998,0.71994,0.69501,0.69501,0.69501,0.70039,0.69501,0.68524,0.67498,0.67498,0.67498,0.67498,0.67498,0.67498,0.68035,0.69013,0.69501,0.69013,0.69501,0.70528,0.70528,0.7654,0.98534,1.1755,1.1804,0.96041,0.88514,0.89052,0.85044,0.77028,0.71994,0.70039,0.69501,0.69013,0.69013,0.69501,0.70039,0.69501,0.69501,0.70039,0.71017,0.71505,0.73021,0.78006,0.7654,0.76002,0.76002,0.75513,0.74536,0.73998,0.74536,0.73998,0.73509,0.73509,0.73509,0.75024,0.7654,0.75513,0.74536,0.73998,0.75024,0.7654,0.7654,0.76002,0.75513,0.7654,0.78006,0.77028,0.75513,0.73998,0.73998,0.74536,0.75024,0.75513,0.76002,0.7654,0.75513,0.75513,0.77517,0.78543,0.77517,0.76002,0.74536,0.72532,0.71994,0.71994,0.72532,0.71994,0.71994,0.71505,0.71994,0.73509,0.73509,0.72532,0.71505,0.69501,0.69501,0.70528,0.71994,0.71994,0.71994,0.71994,0.73021,0.73509,0.73509,0.74536,0.78006,0.93548,1.2107,1.3104,1.1305,0.92522,0.86022,0.87048,0.8304,0.77028,0.73509,0.71994,0.71017,0.70528,0.71017,0.71994,0.71994,0.71994,0.71994,0.73021,0.73998,0.73998,0.75513,0.7654,0.78006,0.79521,0.80499,0.80499,0.80499,0.80499,0.80499,0.8001,0.78543,0.77517,0.77517,0.77517,0.77517,0.77517,0.78006,0.76002,0.74536,0.73998,0.73998,0.74536,0.73998,0.73998,0.73998,0.73998,0.74536,0.76002,0.77517,0.78006,0.78006,0.79032,0.80499,0.82014,0.8304,0.84018,0.85044,0.85533,0.83529,0.82014,0.80499,0.78006,0.76002,0.74536,0.74536,0.75024,0.75024,0.73509,0.73021,0.73021,0.71994,0.71505,0.71505,0.71017,0.71017,0.70528,0.71017,0.71017,0.71505,0.72532,0.73021,0.72532,0.72532,0.73998,0.75513,0.80499,1.0054,1.2454,1.2854,1.0655,0.93011,0.91007,0.89541,0.8304,0.7654,0.73509,0.73021,0.72532,0.71994,0.72532,0.73021,0.72532,0.73021,0.75024,0.75513,0.75024,0.75513,0.77028,0.78006,0.79521,0.8001,0.81036,0.82502,0.8304,0.82502,0.8304,0.84018,0.82502,0.8001,0.78006,0.77517,0.78006,0.77517,0.76002,0.75513,0.75513,0.75513,0.75513,0.75513,0.75024,0.74536,0.74536,0.75513,0.76002,0.77517,0.78543,0.8001,0.81036,0.81036,0.82014,0.82502,0.8304,0.82014,0.79521,0.77517,0.7654,0.75513,0.74536,0.74536,0.75024,0.73998,0.73021,0.71994,0.71994,0.71994,0.73021,0.71994,0.71505,0.71994,0.71017,0.71017,0.71505,0.71994,0.73021,0.73509,0.73509,0.73509,0.75024,0.7654,0.80499,0.97556,1.2155,1.2708,1.0753,0.93011,0.90518,0.89541,0.8304,0.7654,0.73998,0.73509,0.73509,0.73509,0.73021,0.71994,0.71505,0.72532,0.73509,0.73998,0.73998,0.75513,0.7654,0.78006,0.79521,0.8001,0.80499,0.81525,0.82502,0.82502,0.82014,0.81036,0.8001,0.79032,0.79032,0.79521,0.77517,0.76002,0.75024,0.73998,0.73509,0.73509,0.73509,0.73998,0.74536,0.73509,0.73021,0.73998,0.75513,0.76002,0.77517,0.77517,0.77517,0.77517,0.79032,0.81036,0.82014,0.81036,0.79521,0.77517,0.7654,0.75513,0.73998,0.73509,0.73998,0.74536,0.73509,0.73021,0.71505,0.71017,0.70528,0.70528,0.71017,0.70528,0.71017,0.71994,0.71994,0.71017,0.69501,0.69501,0.70039,0.71017,0.71994,0.73998,0.76002,0.77028,0.87537,1.1153,1.2356,1.1105,0.95015,0.89541,0.90029,0.85533,0.79032,0.75024,0.74536,0.74536,0.73998,0.73021,0.72532,0.72532,0.73021,0.73021,0.73509,0.74536,0.75513,0.76002,0.7654,0.78006,0.8001,0.81525,0.82502,0.82014,0.81525,0.81525,0.81036,0.81036,0.8001,0.79032,0.78006,0.78006,0.78006,0.7654,0.75513,0.74536,0.73998,0.73998,0.73021,0.71994,0.71994,0.73509,0.73998,0.74536,0.75024,0.75024,0.75513,0.77517,0.79032,0.79521,0.79521,0.81036,0.82014,0.80499,0.78543,0.78006,0.77028,0.74536,0.71994,0.71505,0.71994,0.71994,0.71994,0.71505,0.71017,0.70528,0.71017,0.71017,0.70528,0.70039,0.70039,0.70039,0.70039,0.70528,0.70039,0.70039,0.71017,0.71505,0.71505,0.71505,0.72532,0.81036,1.0606,1.2757,1.2805,0.99022,0.87048,0.8651,0.84506,0.78006,0.73509,0.71505,0.70039,0.69501,0.70039,0.70039,0.69501,0.69501,0.71017,0.71994,0.73021,0.73509,0.73998,0.75513,0.77028,0.78006,0.79521,0.81036,0.81036,0.8001,0.79521,0.79032,0.78543,0.78006,0.76002,0.75024,0.74536,0.75513,0.75024,0.73509,0.73509,0.72532,0.71505,0.70528,0.70528,0.71017,0.71017,0.71505,0.71994,0.72532,0.73021,0.73998,0.75513,0.77517,0.79521,0.80499,0.82014,0.82502,0.81525,0.8001,0.78006,0.7654,0.74536,0.73998,0.73998,0.75024,0.75513,0.73998,0.71994,0.71505,0.71505,0.71505,0.71505,0.71017,0.71017,0.71017,0.71505,0.71994,0.73021,0.73021,0.71994,0.71994,0.73021,0.73509,0.73998,0.76002,0.84506,1.0855,1.2805,1.2107,1.0054,0.89541,0.89052,0.85533,0.79032,0.73998,0.73021,0.71994,0.71505,0.71994,0.72532,0.71505,0.71017,0.71505,0.72532,0.73021,0.73509,0.75024,0.76002,0.77517,0.78543,0.8001,0.80499,0.81036,0.81525,0.81525,0.82014,0.81036,0.8001,0.79032,0.78006,0.77517,0.7654,0.75024,0.73998,0.73998,0.73021,0.72532,0.73021,0.75024,0.7654,0.77028,0.7654,0.7654,0.76002,0.7654,0.78006,0.78543,0.78006,0.77517,0.7654,0.76002,0.7654,0.77028,0.73998,0.73509,0.73021,0.72532,0.72532,0.72532,0.71994,0.71994,0.71994,0.71505,0.71505,0.71994,0.73021,0.74536,0.76002,0.81525,1.0103,1.2253,1.2556,1.0303,0.92522,0.91544,0.89052,0.81525,0.74536,0.72532,0.71994,0.71017,0.70039,0.70039,0.71017,0.71505,0.71994,0.71994,0.71994,0.71994,0.73021,0.73998,0.75024,0.7654,0.78006,0.79032,0.8001,0.8001,0.79521,0.78543,0.77517,0.77517,0.7654,0.76002,0.76002,0.76002,0.76002,0.75024,0.73998,0.73509,0.73509,0.73509,0.72532,0.71994,0.73021,0.73998,0.74536,0.75024,0.75024,0.76002,0.7654,0.7654,0.76002,0.76002,0.7654,0.76002,0.75024,0.74536,0.74536,0.75024,0.74536,0.74536,0.75513,0.75513,0.76002,0.77517,0.77028,0.7654,0.76002,0.75024,0.73998,0.73509,0.72532,0.71994,0.71994,0.71505,0.71017,0.71017,0.71017,0.71017,0.71505,0.71505,0.70039,0.69501,0.70039,0.71505,0.71994,0.73021,0.71994,0.71994,0.72532,0.73509,0.76002,0.77517,0.84018,1.0503,1.2204,1.1505,0.96041,0.87048,0.87537,0.85533,0.79032,0.75024,0.73021,0.71994,0.71994,0.71994,0.71017,0.70528,0.72532,0.73509,0.73509,0.73998,0.74536,0.76002,0.7654,0.77517,0.78543,0.8001,0.81525,0.82502,0.8304,0.82014,0.81525,0.81525,0.81036,0.81036,0.8001,0.78006,0.77517,0.78006,0.76002,0.73998,0.73021,0.72532,0.71994,0.71994,0.73021,0.73021,0.73021,0.73509,0.74536,0.75513,0.76002,0.7654,0.7654,0.77517,0.78543,0.8001,0.81525,0.82014,0.80499,0.79032,0.78006,0.77517,0.75513,0.73509,0.73021,0.73021,0.73509,0.73021,0.72532,0.71505,0.69501,0.69501,0.69501,0.70039,0.70039,0.69501,0.69501,0.70039,0.70039,0.70039,0.70039,0.70039,0.69013,0.69501,0.70528,0.71505,0.73509,0.87537,1.1505,1.2757,1.1202,0.92522,0.85533,0.86022,0.81525,0.74536,0.71017,0.70039,0.69501,0.70039,0.70039,0.70039,0.71505,0.73021,0.73021,0.71994,0.71994,0.73509,0.75024,0.75513,0.76002,0.77517,0.79032,0.80499,0.81036,0.81036,0.8001,0.79032,0.78543,0.78006,0.77517,0.76002,0.75024,0.74536,0.73509,0.73021,0.71994,0.71505,0.71505,0.71994,0.71017,0.70528,0.71017,0.71017,0.71994,0.73021,0.73021,0.73998,0.76002,0.77028,0.77517,0.78543,0.79032,0.79521,0.78543,0.78543,0.77517,0.75024,0.72532,0.71994,0.72532,0.71505,0.69501,0.69013,0.69501,0.69501,0.69501,0.69501,0.70039,0.70039,0.70528,0.69501,0.69013,0.69501,0.70039,0.71017,0.71017,0.70039,0.70039,0.71017,0.72532,0.73998,0.84018,1.0953,1.3006,1.2204,1.0005,0.88514,0.87537,0.84506,0.77517,0.73021,0.71017,0.70039,0.70039,0.70528,0.71017,0.70528,0.70528,0.71505,0.71994,0.71994,0.72532,0.73509,0.74536,0.75513,0.77028,0.78006,0.79521,0.8001,0.80499,0.80499,0.81036,0.80499,0.79521,0.78006,0.7654,0.75513,0.75513,0.75513,0.74536,0.73509,0.73021,0.73021,0.71994,0.71994,0.72532,0.72532,0.73021,0.73021,0.73998,0.75513,0.7654,0.77517,0.78543,0.8001,0.81525,0.82502,0.82502,0.82014,0.8001,0.78006,0.7654,0.75513,0.74536,0.74536,0.73998,0.73021,0.71505,0.71505,0.71994,0.71994,0.71994,0.71505,0.71017,0.71017,0.70039,0.70528,0.71505,0.71505,0.71994,0.71994,0.73021,0.73021,0.73998,0.76002,0.8304,1.0406,1.2507,1.2654,1.0254,0.92033,0.91007,0.88025,0.80499,0.75024,0.73021,0.72532,0.71994,0.71505,0.71505,0.71994,0.73021,0.73021,0.73509,0.73998,0.75513,0.7654,0.77517,0.78543,0.79032,0.8001,0.81525,0.8304,0.83529,0.82014,0.81036,0.81036,0.81036,0.8001,0.79032,0.78543,0.78543,0.77517,0.76002,0.73998,0.72532,0.71994,0.72532,0.73021,0.73509,0.73509,0.73509,0.73998,0.76002,0.7654,0.7654,0.77517,0.78006,0.78543,0.78543,0.79521,0.79521,0.8001,0.79521,0.78006,0.7654,0.75024,0.73021,0.71994,0.71994,0.73021,0.73021,0.71505,0.71505,0.71994,0.71994,0.71017,0.70039,0.70039,0.70039,0.70039,0.70528,0.71017,0.71017,0.71017,0.71505,0.71994,0.73021,0.75513,0.77028,0.84018,0.71994,0.73021,0.73509,0.71994,0.71017,0.71017,0.71017,0.71017,0.70039,0.70039,0.70528,0.71017,0.69013,0.69013,0.70528,0.71017,0.71017,0.71017,0.71505,0.71994,0.73998,0.75513,0.78543,0.95015,1.1906,1.2454,1.0455,0.90029,0.88025,0.88514,0.81525,0.76002,0.73509,0.71994,0.71017,0.70528,0.70039,0.71017,0.71994,0.73021,0.73021,0.72532,0.71994,0.73021,0.75024,0.76002,0.7654,0.78006,0.79521,0.80499,0.81036,0.82014,0.82014,0.80499,0.79521,0.78543,0.78006,0.78006,0.77517,0.75513,0.73998,0.73998,0.73998,0.73021,0.71994,0.71994,0.71994,0.72532,0.73509,0.74536,0.76002,0.7654,0.77028,0.77517,0.78006,0.79521,0.81036,0.81036,0.81036,0.81525,0.81036,0.8001,0.79521,0.77517,0.75513,0.73998,0.73021,0.71994,0.71994,0.71505,0.70528,0.70039,0.69501,0.70039,0.70039,0.70039,0.71017,0.70528,0.69501,0.69013,0.69013,0.70039,0.70528,0.70039,0.70039,0.70528,0.71505,0.72532,0.75513,0.89541,1.1554,1.2654,1.1105,0.92522,0.87048,0.87048,0.82502,0.76002,0.71994,0.71017,0.70039,0.69501,0.69501,0.70039,0.71017,0.71994,0.72532,0.71994,0.73021,0.74536,0.75024,0.75513,0.76002,0.78006,0.8001,0.80499,0.80499,0.80499,0.8001,0.8001,0.79521,0.78006,0.7654,0.75513,0.75513,0.76002,0.75024,0.73998,0.73509,0.73021,0.71994,0.71505,0.71017,0.71017,0.72532,0.73998,0.73998,0.73998,0.75513,0.76002,0.76002,0.77517,0.78543,0.79032,0.79521,0.8001,0.8001,0.80499,0.8001,0.78543,0.75513,0.73509,0.73021,0.73021,0.73509,0.73021,0.71505,0.70039,0.70039,0.71017,0.70528,0.69501,0.69501,0.70039,0.70528,0.70039,0.69501,0.70039,0.71017,0.71994,0.71017,0.70039,0.70039,0.71017,0.75513,0.95552,1.2356,1.3006,1.0855,0.91007,0.87048,0.86022,0.80499,0.74536,0.71994,0.71994,0.71505,0.71017,0.70528,0.70528,0.70528,0.71505,0.71994,0.72532,0.73021,0.74536,0.75513,0.76002,0.77028,0.78006,0.79521,0.80499,0.81036,0.81525,0.82014,0.8001,0.78543,0.7654,0.73998,0.71994,0.71994,0.73509,0.74536,0.74536,0.73509,0.73021,0.73021,0.73021,0.73998,0.73998,0.74536,0.73998,0.73998,0.75513,0.7654,0.77028,0.77517,0.78006,0.78543,0.79032,0.78543,0.78543,0.78006,0.77028,0.7654,0.7654,0.76002,0.75513,0.74536,0.73998,0.95015,1.2356,1.3104,1.1706,1.0552,1.0103,0.94526,0.84018,0.75513,0.71505,0.69501,0.69501,0.69013,0.69013,0.70039,0.70039,0.69501,0.69013,0.69501,0.71017,0.71994,0.73021,0.73021,0.73021,0.73998,0.74536,0.75024,0.74536,0.74536,0.73021,0.72532,0.73021,0.73998,0.73998,0.73998,0.74536,0.74536,0.73998,0.73998,0.74536,0.75024,0.75024,0.75513,0.75513,0.75513,0.76002,0.76002,0.75513,0.76002,0.7654,0.77028,0.7654,0.76002,0.74536,0.73998,0.73998,0.73998,0.73998,0.73021,0.73021,0.72532,0.72532,0.73021,0.72532,0.71505,0.71994,0.72532,0.71994,0.71505,0.73021,0.73509,0.74536,0.75513,0.76002,0.7654,0.76002,0.76002,0.75513,0.74536,0.73509,0.72532,0.71505,0.71505,0.71017,0.69501,0.69013,0.70039,0.71017,0.70528,0.69501,0.70039,0.71017,0.71017,0.69501,0.69501,0.70039,0.71017,0.71017,0.71017,0.72532,0.73998,0.76002,0.87048,1.1202,1.2556,1.1202,0.93548,0.87048,0.87048,0.82502,0.75513,0.71505,0.71017,0.70528,0.70039,0.70039,0.70039,0.70528,0.71017,0.71017,0.71994,0.71994,0.71505,0.73021,0.73998,0.73998,0.75024,0.7654,0.78006,0.79521,0.8001,0.79521,0.79521,0.79032,0.78006,0.77517,0.7654,0.76002,0.75513,0.75513,0.76002,0.76002,0.76002,0.76002,0.75513,0.74536,0.73998,0.73998,0.74536,0.75513,0.75513,0.76002,0.7654,0.77028,0.77517,0.79032,0.80499,0.82014,0.82014,0.82502,0.82014,0.81036,0.80499,0.79521,0.77517,0.75513,0.73998,0.73998,0.73509,0.73021,0.71994,0.71017,0.70039,0.70528,0.70039,0.69013,0.69013,0.69013,0.68035,0.68524,0.69013,0.69501,0.69501,0.69501,0.70528,0.71017,0.70528,0.71017,0.73021,0.77517,0.95552,1.2004,1.2556,1.0406,0.89052,0.8651,0.85044,0.79521,0.73509,0.71017,0.71017,0.70039,0.69013,0.68524,0.69013,0.69501,0.70528,0.71505,0.72532,0.72532,0.72532,0.73509,0.74536,0.75513,0.76002,0.77517,0.79521,0.8001,0.79521,0.79032,0.78543,0.77517,0.7654,0.75513,0.74536,0.74536,0.73509,0.71994,0.71994,0.71994,0.71505,0.71505,0.71994,0.71505,0.70039,0.69501,0.70039,0.71505,0.73021,0.73509,0.73509,0.74536,0.76002,0.77517,0.78543,0.79521,0.79521,0.78543,0.77517,0.75513,0.72532,0.70039,0.70039,0.70528,0.71017,0.70528,0.69501,0.69013,0.68524,0.69501,0.69501,0.69013,0.68524,0.68035,0.68524,0.68524,0.68524,0.69013,0.70039,0.71017,0.71505,0.72532,0.73509,0.74536,0.77517,0.9653,1.2454,1.3104,1.0904,0.91544,0.87537,0.8651,0.81525,0.75513,0.73021,0.72532,0.71505,0.70528,0.70039,0.70039,0.70039,0.70528,0.71505,0.72532,0.73509,0.73998,0.75024,0.77028,0.78543,0.79521,0.8001,0.80499,0.81525,0.82014,0.82014,0.81525,0.80499,0.8001,0.79032,0.77517,0.76002,0.75513,0.75513,0.75024,0.73998,0.73021,0.71994,0.71994,0.71994,0.73021,0.73509,0.73998,0.73509,0.73998,0.76002,0.77517,0.79521,0.81036,0.81525,0.82014,0.82014,0.82014,0.81036,0.79032,0.77517,0.76002,0.76002,0.75513,0.73998,0.72532,0.71994,0.71505,0.71017,0.70528,0.70039,0.70039,0.71017,0.71505,0.71994,0.71994,0.71994,0.73021,0.73509,0.72532,0.71017,0.71505,0.73998,0.76002,0.83529,1.0606,1.2708,1.2805,1.0205,0.91007,0.90029,0.87048,0.8001,0.73998,0.71505,0.71017,0.70528,0.71505,0.71994,0.71994,0.72532,0.73021,0.71994,0.71505,0.71994,0.73509,0.75513,0.76002,0.77028,0.78543,0.8001,0.81036,0.82014,0.82502,0.82502,0.82014,0.8001,0.79032,0.78006,0.7654,0.76002,0.76002,0.76002,0.75024,0.73509,0.73021,0.73509,0.73021,0.72532,0.71994,0.73021,0.73509,0.75024,0.75513,0.7654,0.78006,0.79032,0.79521,0.8001,0.80499,0.80499,0.81036,0.78543,0.77517,0.7654,0.75024,0.73509,0.73509,0.73509,0.73998,0.73021,0.71994,0.71505,0.71505,0.71505,0.71505,0.71994,0.71994,0.71505,0.71017,0.71505,0.71994,0.71505,0.71505,0.71994,0.73021,0.73998,0.76002,0.77517,0.89052,1.1354,1.2556,1.1305,0.95015,0.89052,0.89052,0.84018,0.77028,0.73998,0.73998,0.73998,0.73509,0.71994,0.70039,0.70039,0.70528,0.71994,0.73509,0.74536,0.76002,0.7654,0.77517,0.78543,0.8001,0.81036,0.81525,0.81036,0.81525,0.81525,0.80499,0.79521,0.78543,0.78543,0.77517,0.7654,0.75513,0.75024,0.73998,0.73021,0.73509,0.75513,0.7654,0.7654,0.7654,0.75513,0.73998,0.73998,0.75024,0.75513,0.74536,0.73509,0.73021,0.73021,0.73509,0.73998,0.73509,0.71994,0.71505,0.71505,0.71505,0.71994,0.72532,0.71017,0.69013,0.69013,0.70039,0.71017,0.71017,0.71994,0.73021,0.77028,1.0005,1.2454,1.2708,1.0254,0.91544,0.90518,0.91007,0.81036,0.73509,0.70528,0.69501,0.69501,0.70039,0.70039,0.70039,0.70039,0.71017,0.71505,0.71505,0.73509,0.74536,0.75024,0.76002,0.77028,0.78006,0.78543,0.79032,0.79032,0.79032,0.78543,0.77028,0.76002,0.76002,0.76002,0.75024,0.74536,0.75024,0.73998,0.73021,0.73021,0.73021,0.73509,0.73509,0.73021,0.73509,0.73998,0.74536,0.75513,0.76002,0.76002,0.75513,0.76002,0.77028,0.77517,0.76002,0.76002,0.76002,0.75513,0.75024,0.74536,0.74536,0.75513,0.74536,0.75513,0.7654,0.77028,0.7654,0.77517,0.77028,0.7654,0.76002,0.75513,0.73998,0.73509,0.73509,0.73998,0.73998,0.73021,0.71994,0.71994,0.71994,0.73021,0.72532,0.72532,0.73021,0.73021,0.73021,0.73021,0.73021,0.73021,0.73509,0.73509,0.73509,0.74536,0.76002,0.85044,1.0953,1.3006,1.2253,1.0103,0.89541,0.88514,0.8651,0.8001,0.75513,0.73509,0.73509,0.73021,0.73021,0.72532,0.73021,0.73509,0.74536,0.74536,0.74536,0.75513,0.76002,0.7654,0.77517,0.78543,0.8001,0.81036,0.82502,0.83529,0.84018,0.82502,0.82014,0.82014,0.80499,0.8001,0.79521,0.78006,0.78006,0.78006,0.78543,0.77028,0.77028,0.7654,0.76002,0.76002,0.75513,0.75513,0.76002,0.77517,0.77517,0.78543,0.8001,0.82014,0.8304,0.83529,0.84506,0.85533,0.86022,0.84506,0.8304,0.81036,0.79521,0.78006,0.77517,0.77517,0.77517,0.7654,0.74536,0.73998,0.73509,0.73021,0.72532,0.71994,0.71994,0.72532,0.73021,0.73998,0.73998,0.73509,0.72532,0.72532,0.72532,0.73509,0.75024,0.7654,0.79032,0.95015,1.1955,1.2654,1.0953,0.95015,0.92033,0.91007,0.84018,0.7654,0.73509,0.72532,0.71994,0.71994,0.71017,0.70528,0.71017,0.72532,0.73021,0.73021,0.73998,0.74536,0.75513,0.77517,0.78543,0.77517,0.77028,0.78006,0.79521,0.81036,0.82014,0.81525,0.80499,0.79521,0.79032,0.78006,0.76002,0.74536,0.74536,0.74536,0.73998,0.73021,0.71994,0.71994,0.71994,0.73021,0.73509,0.73998,0.73509,0.74536,0.75513,0.77028,0.78006,0.79032,0.79521,0.79521,0.79521,0.79521,0.8001,0.77517,0.75513,0.73998,0.73021,0.72532,0.73021,0.73021,0.73021,0.71505,0.71505,0.71994,0.71994,0.71994,0.71994,0.71017,0.71017,0.71505,0.71505,0.71994,0.73021,0.73509,0.71994,0.71994,0.73509,0.75513,0.77028,0.81036,0.99022,1.2107,1.2405,1.0352,0.92522,0.91544,0.92033,0.84018,0.78006,0.75513,0.75024,0.75024,0.74536,0.73998,0.73509,0.73998,0.74536,0.74536,0.74536,0.75513,0.7654,0.77517,0.78543,0.8001,0.81036,0.82502,0.83529,0.84018,0.8304,0.8304,0.8304,0.83529,0.82502,0.80499,0.8001,0.8001,0.78543,0.77028,0.7654,0.77517,0.78543,0.77028,0.75024,0.74536,0.73998,0.74536,0.75024,0.73998,0.73021,0.73021,0.73021,0.74536,0.75024,0.73998,0.73998,0.73509,0.71994,0.71505,0.73509,0.73998,0.71505,0.71017,0.71017,0.71017,0.71505,0.71994,0.69013,0.76002,1.0254,1.2204,1.1554,1.0352,0.99022,0.96041,0.88025,0.78543,0.71994,0.71017,0.71505,0.70528,0.69501,0.69501,0.69501,0.71017,0.73509,0.73998,0.73021,0.71994,0.72532,0.73998,0.75513,0.76002,0.77517,0.77517,0.7654,0.75513,0.74536,0.73998,0.75513,0.75024,0.74536,0.75024,0.74536,0.73509,0.73509,0.73998,0.74536,0.73021,0.72532,0.73021,0.73021,0.72532,0.73021,0.73998,0.74536,0.75513,0.76002,0.7654,0.75513,0.75024,0.75024,0.74536,0.74536,0.74536,0.73998,0.73509,0.73509,0.73021,0.71505,0.71017,0.71017,0.71017,0.71017,0.71017,0.71994,0.73509,0.74536,0.75513,0.76002,0.76002,0.75024,0.73509,0.73021,0.72532,0.71017,0.70039,0.70039,0.71017,0.71017,0.70039,0.70039,0.70039,0.70528,0.69501,0.69013,0.69013,0.69501,0.69501,0.70039,0.70039,0.70039,0.70039,0.70039,0.71017,0.71994,0.73021,0.76002,0.92522,1.1906,1.2805,1.1105,0.92033,0.8651,0.85533,0.81036,0.76002,0.72532,0.69501,0.69501,0.69501,0.69501,0.69501,0.69501,0.70039,0.70528,0.71017,0.71505,0.73021,0.73509,0.74536,0.75513,0.7654,0.78006,0.79521,0.8001,0.8001,0.80499,0.79521,0.78543,0.78006,0.78006,0.78006,0.77517,0.76002,0.75513,0.75513,0.73998,0.71994,0.71505,0.71994,0.73021,0.73021,0.72532,0.73021,0.73509,0.74536,0.75513,0.7654,0.77517,0.79521,0.80499,0.81036,0.81036,0.81036,0.82014,0.82502,0.79521,0.77517,0.7654,0.75513,0.73021,0.72532,0.73021,0.71994,0.71017,0.69501,0.69501,0.69501,0.70039,0.69501,0.69501,0.69501,0.69013,0.69013,0.69013,0.68035,0.68035,0.69013,0.69013,0.69501,0.71505,0.73509,0.76002,0.8651,1.1202,1.2708,1.1403,0.94526,0.87537,0.87048,0.82502,0.75024,0.71017,0.70039,0.69501,0.69013,0.69013,0.70039,0.70039,0.70039,0.71017,0.71505,0.71017,0.71017,0.72532,0.73509,0.74536,0.7654,0.78006,0.78543,0.79032,0.79521,0.79521,0.8001,0.78543,0.77517,0.7654,0.75513,0.74536,0.73998,0.73998,0.73509,0.71994,0.71505,0.71017,0.70528,0.70528,0.70528,0.70528,0.71505,0.71994,0.73021,0.73998,0.74536,0.75513,0.76002,0.76002,0.7654,0.77517,0.78006,0.78543,0.77517,0.75513,0.73021,0.71505,0.70528,0.70039,0.70528,0.71017,0.69013,0.68524,0.68524,0.69013,0.69013,0.68524,0.68035,0.68035,0.68035,0.68035,0.69013,0.69501,0.69013,0.69013,0.69013,0.69013,0.71505,0.73998,0.75513,0.84506,1.0753,1.2204,1.1105,0.94037,0.88025,0.87537,0.83529,0.77517,0.73998,0.73509,0.73021,0.71994,0.71505,0.71505,0.71505,0.71994,0.71994,0.72532,0.73021,0.73509,0.73998,0.74536,0.75513,0.7654,0.78006,0.79521,0.80499,0.81525,0.82014,0.80499,0.78543,0.7654,0.76002,0.76002,0.76002,0.76002,0.75513,0.75513,0.76002,0.75513,0.73021,0.71017,0.70528,0.71505,0.71994,0.71994,0.73021,0.73509,0.73998,0.77517,0.80499,0.81036,0.8001,0.79521,0.8001,0.81036,0.81036,0.79521,0.78006,0.7654,0.75024,0.75024,0.75513,0.73998,0.71994,0.71017,0.71017,0.71994,0.71994,0.71505,0.71017,0.71017,0.71017,0.70039,0.70039,0.71017,0.71505,0.71505,0.71505,0.71505,0.71994,0.73021,0.74536,0.75513,0.83529,1.0904,1.2957,1.2107,0.9956,0.88025,0.87537,0.85533,0.79032,0.74536,0.73509,0.72532,0.71505,0.71505,0.71505,0.72532,0.73509,0.73509,0.73021,0.73509,0.75024,0.76002,0.77517,0.78543,0.79521,0.81525,0.82014,0.81525,0.82014,0.82502,0.82014,0.80499,0.79521,0.79032,0.78543,0.78006,0.77517,0.76002,0.75024,0.73998,0.73998,0.73021,0.71994,0.71505,0.71505,0.73021,0.73509,0.74536,0.75513,0.77028,0.79032,0.8001,0.80499,0.82014,0.82502,0.82014,0.82014,0.81525,0.81036,0.79521,0.77028,0.75513,0.75024,0.75513,0.75024,0.74536,0.73509,0.72532,0.71505,0.71505,0.71017,0.71017,0.71017,0.71017,0.71505,0.71017,0.71017,0.71505,0.71505,0.71505,0.73021,0.73509,0.73509,0.73509,0.76002,0.91007,1.1857,1.2908,1.1305,0.94526,0.88514,0.89052,0.83529,0.7654,0.73021,0.71505,0.71505,0.71505,0.71505,0.71505,0.71994,0.72532,0.73021,0.73021,0.73509,0.73998,0.74536,0.75513,0.77028,0.79032,0.80499,0.81525,0.82014,0.82502,0.8304,0.82502,0.81525,0.8001,0.79032,0.78543,0.78006,0.76002,0.75024,0.76002,0.78006,0.78543,0.7654,0.74536,0.73509,0.71994,0.71505,0.71994,0.73509,0.73509,0.73509,0.73998,0.74536,0.73998,0.73998,0.74536,0.75513,0.76002,0.75513,0.74536,0.73998,0.73021,0.72532,0.73021,0.73021,0.73021,0.73509,0.75024,0.91544,1.2004,1.3006,1.1554,1.0352,1.0254,0.98534,0.87048,0.75513,0.71017,0.70039,0.69013,0.69013,0.69013,0.69501,0.69013,0.69501,0.71017,0.73021,0.73021,0.71994,0.71505,0.71994,0.73509,0.73998,0.75024,0.75513,0.75024,0.75513,0.75024,0.75024,0.75513,0.74536,0.75513,0.76002,0.7654,0.75513,0.74536,0.73998,0.73509,0.73509,0.73509,0.73998,0.75024,0.75513,0.75513,0.76002,0.76002,0.7654,0.77028,0.7654,0.7654,0.75513,0.73509,0.73509,0.74536,0.74536,0.75513,0.75024,0.73998,0.73509,0.73021,0.73021,0.72532,0.73021,0.73509,0.74536,0.75513,0.77028,0.77517,0.78006,0.78543,0.78006,0.78006,0.77517,0.75513,0.73509,0.73021,0.73509,0.73998,0.72532,0.71017,0.71017,0.71994,0.73021,0.73021,0.71505,0.71505,0.71994,0.72532,0.71505,0.71505,0.72532,0.73021,0.73021,0.73509,0.75024,0.77028,0.78543,0.85533,1.0655,1.2405,1.1755,0.99022,0.89541,0.89052,0.8651,0.80499,0.76002,0.73998,0.73021,0.73021,0.73509,0.74536,0.75024,0.74536,0.74536,0.75024,0.76002,0.76002,0.75513,0.76002,0.77517,0.79032,0.8001,0.80499,0.81036,0.82014,0.82014,0.82014,0.81036,0.8001,0.79032,0.78006,0.78006,0.78006,0.77517,0.78006,0.77517,0.75513,0.73998,0.73998,0.74536,0.75513,0.75513,0.74536,0.73998,0.74536,0.77028,0.78006,0.7654,0.7654,0.79032,0.81525,0.82502,0.82014,0.81525,0.81525,0.82014,0.82014,0.81036,0.78006,0.74536,0.73021,0.73021,0.75024,0.75513,0.71505,0.70039,0.69501,0.69013,0.69501,0.70039,0.70528,0.69501,0.69501,0.69013,0.69013,0.70039,0.71017,0.71505,0.71505,0.71505,0.71017,0.71017,0.73021,0.79032,0.9956,1.2454,1.2908,1.0552,0.91007,0.88514,0.87537,0.81525,0.73509,0.70039,0.70528,0.71017,0.71505,0.71017,0.71505,0.71994,0.71994,0.71994,0.73021,0.73509,0.75024,0.77028,0.78006,0.77517,0.78006,0.78543,0.8001,0.82014,0.8304,0.82014,0.8001,0.78006,0.77517,0.77517,0.77517,0.76002,0.74536,0.73998,0.73998,0.73509,0.72532,0.71505,0.71505,0.71017,0.70528,0.70528,0.71505,0.73509,0.75024,0.76002,0.77028,0.78006,0.79032,0.8001,0.81036,0.82014,0.81525,0.80499,0.8001,0.78006,0.76002,0.75513,0.75513,0.75513,0.74536,0.73509,0.71994,0.71994,0.71994,0.71994,0.71994,0.71505,0.71017,0.71505,0.71994,0.71994,0.71505,0.71994,0.73021,0.73509,0.73509,0.73998,0.75513,0.76002,0.84018,1.0704,1.2805,1.2854,1.0254,0.91007,0.90029,0.87048,0.80499,0.76002,0.73509,0.71994,0.71017,0.71017,0.71017,0.71505,0.71994,0.72532,0.73509,0.73998,0.74536,0.75513,0.7654,0.77517,0.78543,0.79521,0.81036,0.82014,0.82502,0.8304,0.82502,0.82502,0.81036,0.80499,0.8001,0.79032,0.77517,0.7654,0.75513,0.74536,0.74536,0.74536,0.74536,0.75024,0.73998,0.73998,0.73998,0.74536,0.75513,0.77028,0.78006,0.79032,0.8001,0.81036,0.82502,0.83529,0.8304,0.81036,0.79521,0.78006,0.76002,0.75513,0.75513,0.75513,0.73509,0.71994,0.71505,0.71505,0.71994,0.71505,0.71505,0.71505,0.71505,0.71017,0.70528,0.70528,0.71017,0.71505,0.71505,0.71994,0.73021,0.74536,0.7654,0.79032,0.95552,1.2004,1.2654,1.0704,0.92033,0.89052,0.88514,0.8304,0.76002,0.72532,0.71994,0.71505,0.70039,0.70039,0.70528,0.71505,0.71017,0.71505,0.73021,0.73509,0.73509,0.73998,0.75513,0.7654,0.78006,0.78543,0.79032,0.8001,0.80499,0.8001,0.79032,0.78543,0.78543,0.7654,0.75513,0.74536,0.73998,0.73998,0.73509,0.72532,0.71994,0.71505,0.71505,0.71505,0.71505,0.71994,0.73509,0.73998,0.73998,0.75024,0.76002,0.7654,0.7654,0.77517,0.78006,0.78006,0.78543,0.77517,0.76002,0.73998,0.73021,0.71505,0.71017,0.71017,0.70039,0.69013,0.68035,0.67498,0.68035,0.68035,0.67498,0.67009,0.67009,0.67498,0.67009,0.68035,0.67498,0.67498,0.68524,0.69013,0.68035,0.69013,0.71994,0.73509,0.79032,0.98534,1.1804,1.2004,0.97019,0.8651,0.86022,0.8651,0.78543,0.73509,0.71505,0.70039,0.70039,0.70039,0.70039,0.70528,0.71017,0.71505,0.71505,0.71994,0.71994,0.73021,0.73998,0.75513,0.7654,0.77028,0.77517,0.78006,0.78006,0.78006,0.77517,0.7654,0.76002,0.75513,0.75024,0.75513,0.74536,0.73021,0.71994,0.71505,0.71017,0.70528,0.71017,0.71017,0.70528,0.70528,0.71505,0.73021,0.73509,0.73021,0.73021,0.73998,0.75513,0.7654,0.77517,0.78006,0.77028,0.76002,0.7654,0.77028,0.73998,0.70528,0.69501,0.69501,0.69501,0.69501,0.69501,0.68035,0.68035,0.68524,0.68035,0.69013,0.70039,0.69013,0.67009,0.6652,0.67009,0.68035,0.69013,0.69501,0.69501,0.69013,0.69013,0.70039,0.71994,0.83529,1.1056,1.2654,1.1403,0.94037,0.86022,0.85533,0.81525,0.75024,0.71017,0.69501,0.69013,0.68524,0.68524,0.69013,0.68035,0.69013,0.71017,0.72532,0.73021,0.73021,0.73021,0.73998,0.74536,0.75513,0.77028,0.78543,0.79032,0.78543,0.78543,0.77517,0.76002,0.75024,0.74536,0.73509,0.73021,0.73021,0.73021,0.72532,0.71994,0.70528,0.70039,0.71505,0.73998,0.74536,0.73998,0.73998,0.73021,0.72532,0.73021,0.73509,0.73509,0.73509,0.73509,0.73998,0.74536,0.75024,0.73998,0.73509,0.73021,0.73021,0.73021,0.71994,0.71017,0.70528,0.70528,0.70528,0.71017,0.71017,0.71017,0.71505,0.71994,0.73021,0.81036,1.0753,1.3006,1.3055,1.0352,0.92522,0.90518,0.85533,0.78006,0.72532,0.70039,0.69501,0.69501,0.70039,0.70528,0.70528,0.70528,0.70528,0.71505,0.72532,0.73509,0.73998,0.75513,0.7654,0.77517,0.78543,0.79521,0.8001,0.8001,0.79032,0.77517,0.7654,0.76002,0.76002,0.76002,0.7654,0.75513,0.75024,0.74536,0.73998,0.73998,0.73509,0.73509,0.73021,0.73021,0.73509,0.74536,0.75513,0.76002,0.7654,0.77028,0.78006,0.78543,0.78543,0.78006,0.77517,0.77028,0.77517,0.77028,0.76002,0.75513,0.7654,0.77028,0.77028,0.77517,0.78543,0.78543,0.78543,0.78006,0.7654,0.75024,0.74536,0.73998,0.73998,0.73998,0.73509,0.71994,0.71994,0.71994,0.71994,0.71505,0.71505,0.72532,0.73021,0.73509,0.73021,0.71994,0.71994,0.72532,0.73509,0.74536,0.75513,0.77517,0.79521,0.90518,1.1505,1.2854,1.1554,0.97556,0.91007,0.91007,0.86022,0.79521,0.75513,0.73998,0.73509,0.71994,0.71994,0.73021,0.73998,0.74536,0.75513,0.76002,0.75513,0.74536,0.75024,0.76002,0.78006,0.8001,0.81036,0.82014,0.82502,0.8304,0.8304,0.8304,0.8304,0.8304,0.81525,0.79032,0.78006,0.77517,0.77517,0.77517,0.7654,0.76002,0.76002,0.75513,0.74536,0.73998,0.75024,0.75513,0.76002,0.76002,0.76002,0.77028,0.79521,0.81036,0.82014,0.8304,0.84018,0.84506,0.84506,0.82502,0.8001,0.77517,0.7654,0.7654,0.76002,0.7654,0.76002,0.73998,0.73509,0.73509,0.73021,0.72532,0.71505,0.71505,0.71505,0.71994,0.72532,0.73509,0.73509,0.72532,0.73021,0.73509,0.74536,0.75024,0.77028,0.78543,0.81036,0.97019,1.2053,1.2654,1.0904,0.94526,0.91544,0.90518,0.85044,0.78543,0.75513,0.74536,0.74536,0.73998,0.73509,0.73509,0.73998,0.75024,0.76002,0.76002,0.7654,0.77517,0.79032,0.8001,0.81036,0.82014,0.82014,0.82502,0.8304,0.8304,0.8304,0.82502,0.81036,0.8001,0.79521,0.79521,0.79521,0.78543,0.78006,0.77517,0.77517,0.7654,0.7654,0.77028,0.7654,0.75513,0.75024,0.75024,0.76002,0.77517,0.77517,0.79032,0.80499,0.81525,0.82014,0.82014,0.82502,0.8304,0.81525,0.8001,0.78543,0.7654,0.74536,0.74536,0.75513,0.75024,0.73021,0.71505,0.71017,0.71017,0.71017,0.71505,0.71994,0.71505,0.71505,0.71505,0.72532,0.73021,0.71994,0.71994,0.72532,0.72532,0.72532,0.73998,0.7654,0.79032,0.91544,1.1706,1.2908,1.1457,0.9653,0.91007,0.90029,0.84506,0.78006,0.75513,0.74536,0.73021,0.71994,0.72532,0.73021,0.73509,0.73998,0.73998,0.74536,0.75513,0.76002,0.7654,0.77028,0.78543,0.8001,0.82014,0.82502,0.82502,0.8304,0.82502,0.81036,0.79521,0.77028,0.75024,0.73998,0.73998,0.75024,0.75513,0.74536,0.73998,0.73021,0.73021,0.73509,0.73998,0.73998,0.74536,0.75513,0.7654,0.78006,0.78543,0.79032,0.79521,0.79521,0.78543,0.78006,0.77517,0.78006,0.78543,0.78543,0.78006,0.77517,0.7654,0.75513,0.73509,0.75024,0.94037,1.2253,1.2957,1.1603,1.0606,1.0205,0.95552,0.84506,0.76002,0.73021,0.71994,0.71017,0.71017,0.71017,0.71017,0.71017,0.71994,0.73021,0.73021,0.71994,0.73021,0.74536,0.75513,0.75513,0.7654,0.77517,0.77517,0.7654,0.7654,0.7654,0.7654,0.7654,0.7654,0.7654,0.7654,0.7654,0.7654,0.7654,0.76002,0.75024,0.75024,0.75513,0.75513,0.75024,0.75024,0.76002,0.77517,0.78543,0.79521,0.79521,0.78543,0.78006,0.78006,0.77517,0.77517,0.77028,0.76002,0.75513,0.75513,0.74536,0.73998,0.73998,0.73998,0.74536,0.74536,0.74536,0.73998,0.73998,0.74536,0.75024,0.75513,0.75513,0.7654,0.78006,0.78543,0.78006,0.77517,0.77028,0.76002,0.75513,0.74536,0.73998,0.73998,0.73509,0.73021,0.71994,0.71994,0.71994,0.72532,0.72532,0.72532,0.72532,0.72532,0.71994,0.71017,0.71017,0.71505,0.71994,0.73021,0.75024,0.77028,0.79521,0.95015,1.2307,1.3358,1.1755,0.98534,0.92522,0.90518,0.84506,0.78006,0.73509,0.73021,0.71994,0.71505,0.71505,0.71994,0.71505,0.71505,0.71505,0.71017,0.71994,0.73021,0.73509,0.73998,0.75024,0.7654,0.77517,0.78006,0.78543,0.79521,0.79032,0.78006,0.78006,0.78006,0.78543,0.78006,0.76002,0.75024,0.75024,0.75024,0.73998,0.73998,0.73998,0.73509,0.73509,0.73998,0.73998,0.73998,0.74536,0.76002,0.76002,0.7654,0.77517,0.78006,0.78006,0.79521,0.80499,0.80499,0.8001,0.81036,0.82014,0.81036,0.79032,0.77517,0.75513,0.73021,0.71505,0.71994,0.73021,0.72532,0.71505,0.71017,0.70039,0.69501,0.69013,0.68524,0.68524,0.69501,0.70528,0.71017,0.70528,0.70528,0.70039,0.69501,0.69501,0.70039,0.71994,0.75024,0.76002,0.84506,1.0806,1.2507,1.1554,0.98045,0.90518,0.90518,0.85533,0.78543,0.73509,0.72532,0.71994,0.71994,0.71994,0.71994,0.71994,0.71994,0.73021,0.73509,0.73509,0.73998,0.74536,0.74536,0.75513,0.77028,0.78006,0.79032,0.8001,0.8001,0.79521,0.79521,0.78006,0.76002,0.75513,0.75024,0.74536,0.73998,0.73021,0.71994,0.71994,0.71994,0.71994,0.71017,0.69013,0.68524,0.69501,0.71994,0.72532,0.71017,0.70528,0.71505,0.73021,0.75513,0.77028,0.7654,0.75513,0.76002,0.78006,0.79521,0.77028,0.73998,0.70528,0.70039,0.71017,0.70039,0.69013,0.68035,0.67009,0.67009,0.69501,0.70039,0.6652,0.65494,0.66031,0.6652,0.65494,0.65494,0.67009,0.67498,0.67009,0.66031,0.65005,0.64516,0.66031,0.67009,0.70039,0.87537,1.1603,1.2507,1.0753,0.90029,0.85044,0.8304,0.77028,0.70528,0.6652,0.66031,0.66031,0.66031,0.66031,0.6652,0.67009,0.68035,0.69013,0.69013,0.69013,0.70039,0.71017,0.72532,0.73998,0.75513,0.7654,0.77517,0.79032,0.79521,0.78543,0.77517,0.7654,0.7654,0.7654,0.76002,0.74536,0.73998,0.73509,0.71994,0.71505,0.71017,0.70039,0.69501,0.69501,0.70039,0.70039,0.71017,0.71505,0.71994,0.71994,0.73509,0.76002,0.78006,0.78543,0.79521,0.8001,0.8001,0.8001,0.79521,0.78543,0.77028,0.73998,0.73509,0.73509,0.73021,0.71505,0.70528,0.70039,0.70528,0.70039,0.69501,0.69501,0.69501,0.69501,0.69501,0.70039,0.70039,0.70039,0.69501,0.70039,0.70039,0.71017,0.72532,0.73998,0.77517,0.95015,1.2155,1.2757,1.0904,0.93548,0.90518,0.88514,0.82014,0.75024,0.71994,0.71017,0.70039,0.70039,0.71017,0.71017,0.71505,0.71505,0.72532,0.73509,0.73998,0.73998,0.74536,0.75513,0.7654,0.77517,0.79521,0.80499,0.80499,0.80499,0.8001,0.79521,0.79032,0.77517,0.7654,0.76002,0.7654,0.77517,0.78006,0.75513,0.75024,0.75513,0.76002,0.76002,0.75024,0.75024,0.74536,0.73021,0.72532,0.73021,0.75513,0.78006,0.79521,0.8001,0.8001,0.81036,0.82014,0.81036,0.8001,0.79032,0.77517,0.75513,0.73998,0.73509,0.73021,0.73021,0.73021,0.71994,0.71505,0.71994,0.70039,0.70039,0.71017,0.70528,0.70528,0.71017,0.71017,0.71505,0.73021,0.73021,0.73021,0.73021,0.73021,0.73509,0.7654,0.91007,1.1955,1.3558,1.2253,1.0254,0.94037,0.91544,0.8651,0.8001,0.75024,0.72532,0.71994,0.73509,0.75024,0.81525,1.0455,1.3006,1.3358,1.0904,0.95552,0.93011,0.89541,0.80499,0.73509,0.71017,0.71017,0.71505,0.72532,0.71994,0.70528,0.70528,0.71505,0.72532,0.73021,0.73509,0.73998,0.75024,0.76002,0.77517,0.79521,0.82014,0.82502,0.80499,0.8001,0.8001,0.79521,0.77028,0.74536,0.74536,0.75024,0.75513,0.75024,0.74536,0.73998,0.73509,0.73509,0.73509,0.73998,0.74536,0.73998,0.74536,0.75024,0.74536,0.74536,0.75024,0.76002,0.78006,0.78543,0.8001,0.81525,0.81036,0.8001,0.78543,0.77028,0.75024,0.73998,0.73998,0.74536,0.73509,0.71994,0.70528,0.69501,0.69501,0.70528,0.71505,0.71505,0.70528,0.69501,0.70528,0.71505,0.71505,0.71505,0.71994,0.73021,0.73998,0.75513,0.7654,0.77028,0.7654,0.87048,1.1153,1.2605,1.1505,0.98045,0.91544,0.91007,0.86022,0.79032,0.75024,0.73021,0.72532,0.72532,0.71505,0.71017,0.71017,0.71994,0.72532,0.72532,0.72532,0.73509,0.74536,0.7654,0.78006,0.78006,0.79032,0.8001,0.79521,0.79521,0.79032,0.78543,0.78006,0.79032,0.78006,0.7654,0.7654,0.77028,0.76002,0.73998,0.73021,0.73998,0.77028,0.78006,0.76002,0.74536,0.75513,0.76002,0.76002,0.75513,0.73998,0.73998,0.73998,0.74536,0.73021,0.71994,0.73998,0.74536,0.73021,0.71994,0.71994,0.71994,0.71017,0.69501,0.69013,0.70039,0.71505,0.71994,0.69013,0.68524,0.68524,0.67498,0.70039,0.87537,1.1755,1.2908,1.1403,0.97019,0.91544,0.89541,0.8304,0.76002,0.71505,0.69501,0.68524,0.67498,0.67498,0.68035,0.68524,0.68035,0.68035,0.68524,0.71017,0.71994,0.73021,0.73509,0.73998,0.73021,0.73021,0.73998,0.75513,0.76002,0.75513,0.75513,0.73998,0.73021,0.73021,0.73509,0.73509,0.72532,0.71994,0.71994,0.71994,0.71505,0.71017,0.71017,0.71505,0.71994,0.72532,0.73998,0.75024,0.74536,0.75024,0.75513,0.75513,0.76002,0.77028,0.7654,0.76002,0.75513,0.75024,0.75024,0.75024,0.75024,0.73998,0.73509,0.73021,0.73509,0.73509,0.73998,0.75513,0.76002,0.75513,0.76002,0.75513,0.73998,0.73021,0.71994,0.71017,0.71017,0.71994,0.72532,0.71505,0.71017,0.70528,0.70528,0.70528,0.70528,0.71017,0.71505,0.71505,0.71505,0.71017,0.71505,0.72532,0.71994,0.71994,0.72532,0.73998,0.7654,0.91544,1.1857,1.2854,1.1354,0.94526,0.88514,0.87537,0.82014,0.76002,0.72532,0.71505,0.71017,0.71505,0.71505,0.71994,0.71505,0.70528,0.71017,0.71994,0.73021,0.73998,0.74536,0.75513,0.7654,0.78006,0.78006,0.78006,0.79032,0.79521,0.79032,0.78543,0.78006,0.78006,0.77517,0.76002,0.75513,0.76002,0.75513,0.75024,0.75024,0.73998,0.73998,0.73998,0.73509,0.73509,0.73509,0.73998,0.73998,0.74536,0.76002,0.77517,0.79032,0.8001,0.81036,0.82014,0.82502,0.8304,0.82502,0.81525,0.80499,0.78006,0.75513,0.74536,0.74536,0.73509,0.72532,0.71994,0.71994,0.71505,0.71017,0.71017,0.70039,0.70039,0.69501,0.69013,0.69013,0.69501,0.69501,0.70039,0.70039,0.70039,0.70528,0.71505,0.73021,0.75513,0.8651,1.1202,1.2654,1.1505,0.97556,0.91544,0.91007,0.86022,0.78543,0.73509,0.71505,0.71017,0.70528,0.70039,0.70039,0.70039,0.70039,0.71505,0.72532,0.73021,0.73509,0.75024,0.7654,0.78006,0.79032,0.79521,0.80499,0.82014,0.82502,0.80499,0.79521,0.78006,0.77517,0.77028,0.7654,0.75513,0.75024,0.75513,0.74536,0.73021,0.71505,0.71017,0.71017,0.70039,0.70039,0.70528,0.72532,0.73509,0.73509,0.73998,0.75024,0.76002,0.76002,0.77028,0.77517,0.78006,0.79032,0.78543,0.77028,0.76002,0.74536,0.73021,0.71017,0.70528,0.71505,0.71994,0.70039,0.69013,0.69501,0.71017,0.69013,0.67498,0.67498,0.69013,0.69501,0.70039,0.70039,0.70528,0.69501,0.68524,0.68524,0.69501,0.70039,0.70039,0.71017,0.77028,1.0054,1.2605,1.2908,1.0205,0.88514,0.8651,0.87048,0.77028,0.71017,0.70039,0.70039,0.70528,0.69013,0.67009,0.67498,0.69501,0.70039,0.70039,0.71505,0.71994,0.72532,0.73998,0.75513,0.76002,0.77028,0.79032,0.8001,0.8001,0.8001,0.78543,0.77517,0.77028,0.7654,0.75513,0.73998,0.73509,0.73021,0.73021,0.73021,0.71994,0.71017,0.71017,0.70039,0.70039,0.70039,0.71017,0.71994,0.73021,0.73998,0.75024,0.7654,0.78006,0.79521,0.80499,0.81525,0.82502,0.82502,0.82014,0.81036,0.8001,0.78006,0.75513,0.74536,0.74536,0.74536,0.74536,0.73509,0.73021,0.73021,0.73021,0.72532,0.73021,0.73509,0.73021,0.72532,0.71994,0.72532,0.72532,0.72532,0.72532,0.73021,0.73509,0.73998,0.74536,0.81525,1.0503,1.3055,1.3358,1.0753,0.93011,0.91007,0.89052,0.82014,0.75513,0.73021,0.72532,0.71994,0.71994,0.71994,0.73021,0.73509,0.73998,0.73998,0.74536,0.75513,0.76002,0.77028,0.78006,0.8001,0.81036,0.81525,0.82014,0.82502,0.8304,0.82014,0.81036,0.80499,0.8001,0.8001,0.8001,0.78543,0.77517,0.77028,0.77028,0.77517,0.7654,0.75513,0.75513,0.75513,0.75513,0.76002,0.77028,0.78006,0.79032,0.80499,0.82014,0.83529,0.84506,0.84506,0.84018,0.84018,0.8304,0.81525,0.80499,0.79032,0.78006,0.78006,0.78006,0.7654,0.75513,0.74536,0.74536,0.74536,0.73998,0.73998,0.73998,0.73509,0.73021,0.73509,0.73509,0.73509,0.73509,0.73509,0.74536,0.75513,0.77028,0.78006,0.87048,1.1153,1.3104,1.2405,1.0503,0.95552,0.93548,0.89052,0.81525,0.76002,0.73998,0.73509,0.73021,0.73021,0.73021,0.72532,0.72532,0.73998,0.75024,0.75513,0.75513,0.76002,0.77517,0.78006,0.79032,0.80499,0.81525,0.82014,0.82014,0.8304,0.83529,0.81525,0.8001,0.79521,0.79032,0.78006,0.77517,0.7654,0.7654,0.7654,0.7654,0.7654,0.76002,0.75024,0.74536,0.75513,0.78006,0.79521,0.8001,0.8001,0.79521,0.79032,0.79032,0.78543,0.77517,0.76002,0.75513,0.74536,0.73998,0.73021,0.71994,0.72532,0.72532,0.71505,0.71017,0.70528,0.69501,0.69501,0.70039,0.71017,0.71017,0.71505,0.71994,0.71505,0.71017,0.83529,1.1202,1.2957,1.1755,0.98534,0.91007,0.89052,0.83529,0.7654,0.71505,0.69013,0.69013,0.69013,0.69013,0.69501,0.69013,0.69013,0.70528,0.71017,0.72532,0.73509,0.73998,0.73998,0.75513,0.77517,0.79521,0.79032,0.78543,0.78543,0.78543,0.77517,0.76002,0.75513,0.74536,0.73998,0.73509,0.73509,0.73509,0.73021,0.73509,0.73998,0.73021,0.71505,0.71505,0.71505,0.71505,0.72532,0.73998,0.74536,0.75024,0.75513,0.76002,0.7654,0.77517,0.77517,0.77028,0.7654,0.76002,0.75513,0.75024,0.75024,0.75024,0.75024,0.75513,0.7654,0.78006,0.78006,0.77517,0.77517,0.76002,0.73998,0.71994,0.71017,0.71505,0.73509,0.73509,0.73021,0.71505,0.71017,0.71017,0.71505,0.71994,0.71505,0.71505,0.71505,0.72532,0.73021,0.71994,0.71994,0.73021,0.73998,0.73998,0.73998,0.77028,0.91007,1.1804,1.3006,1.1657,0.98045,0.90518,0.90029,0.85533,0.78543,0.73998,0.73021,0.72532,0.72532,0.72532,0.71994,0.71505,0.73021,0.73509,0.73509,0.74536,0.75024,0.75513,0.7654,0.77517,0.78006,0.78543,0.79032,0.8001,0.80499,0.80499,0.8001,0.79521,0.78543,0.77517,0.7654,0.75513,0.75513,0.75513,0.75024,0.74536,0.73998,0.73998,0.73509,0.71994,0.71994,0.71994,0.73509,0.73998,0.75024,0.7654,0.78006,0.79521,0.80499,0.82014,0.83529,0.84018,0.82502,0.81036,0.79521,0.78006,0.7654,0.7654,0.76002,0.75513,0.75024,0.73509,0.72532,0.71994,0.71994,0.71505,0.71017,0.71017,0.71017,0.70528,0.70528,0.71017,0.71017,0.71505,0.72532,0.73021,0.71994,0.73021,0.73998,0.75024,0.86022,1.1202,1.2805,1.1755,0.9956,0.92033,0.91007,0.86022,0.79032,0.73998,0.71994,0.71505,0.71017,0.70039,0.70039,0.71017,0.71994,0.73021,0.73509,0.73998,0.74536,0.75513,0.77028,0.78543,0.79521,0.79521,0.8001,0.81036,0.82014,0.81036,0.8001,0.78543,0.77517,0.76002,0.76002,0.7654,0.7654,0.76002,0.75513,0.75513,0.74536,0.74536,0.73998,0.74536,0.74536,0.75513,0.76002,0.7654,0.77517,0.78006,0.78006,0.78006,0.78543,0.79032,0.79521,0.80499,0.81036,0.81036,0.80499,0.78543,0.7654,0.76002,0.73998,0.73021,0.73021,0.73509,0.73021,0.71994,0.71505,0.73021,0.72532,0.71017,0.71017,0.71505,0.71505,0.71994,0.72532,0.71505,0.71994,0.73509,0.73021,0.71017,0.71505,0.73021,0.73998,0.8304,1.0855,1.3006,1.3055,1.0406,0.92522,0.91007,0.87048,0.79521,0.75024,0.72532,0.71994,0.71994,0.71505,0.71017,0.71017,0.71994,0.73509,0.73998,0.73998,0.73998,0.75024,0.7654,0.77517,0.77517,0.78543,0.80499,0.83529,0.84506,0.82502,0.8001,0.79521,0.8001,0.79032,0.78543,0.78006,0.77028,0.75513,0.75513,0.76002,0.74536,0.74536,0.73998,0.73021,0.73021,0.73998,0.75024,0.76002,0.77028,0.77028,0.77517,0.79032,0.80499,0.82014,0.82502,0.8304,0.84018,0.84018,0.83529,0.82502,0.8001,0.78006,0.76002,0.75024,0.75513,0.76002,0.75513,0.73998,0.73021,0.73021,0.72532,0.72532,0.73021,0.73021,0.73021,0.73021,0.72532,0.72532,0.73021,0.73509,0.73509,0.73509,0.73509,0.73509,0.73998,0.79521,1.0205,1.2957,1.3456,1.1105,0.94526,0.90518,0.88514,0.82014,0.75024,0.72532,0.71505,0.71017,0.70528,0.70528,0.71505,0.71994,0.72532,0.73509,0.73998,0.73998,0.73998,0.75513,0.7654,0.77517,0.79521,0.80499,0.80499,0.81036,0.81036,0.80499,0.8001,0.78543,0.78543,0.78006,0.77517,0.76002,0.75024,0.75513,0.77517,0.79032,0.78006,0.77517,0.76002,0.74536,0.74536,0.74536,0.73998,0.73509,0.73509,0.73998,0.75513,0.76002,0.76002,0.7654,0.77517,0.77028,0.7654,0.75513,0.74536,0.74536,0.74536,0.73998,0.73998,0.73509,0.73509,0.73021,0.73021,0.73021,0.75513,0.90518,1.2107,1.3759,1.2307,1.0352,0.97556,0.94526,0.85533,0.7654,0.71994,0.70039,0.70039,0.70039,0.69501,0.69013,0.69013,0.70039,0.70039,0.70039,0.70528,0.71505,0.73021,0.73021,0.73509,0.74536,0.74536,0.74536,0.75024,0.75024,0.75024,0.75513,0.76002,0.73998,0.73509,0.73998,0.74536,0.73509,0.73021,0.73509,0.73998,0.74536,0.73509,0.72532,0.73021,0.73998,0.74536,0.74536,0.74536,0.75513,0.75513,0.76002,0.7654,0.75513,0.74536,0.73998,0.73998,0.74536,0.73998,0.73509,0.73509,0.73509,0.72532,0.71994,0.72532,0.73021,0.73998,0.74536,0.74536,0.76002,0.7654,0.7654,0.7654,0.75513,0.73998,0.72532,0.71994,0.72532,0.73509,0.73509,0.71994,0.71017,0.71017,0.70528,0.70039,0.70528,0.71017,0.71505,0.71994,0.71994,0.71505,0.71017,0.71505,0.71994,0.72532,0.73998,0.75024,0.77028,0.92522,1.1706,1.2454,1.0806,0.92033,0.88514,0.88025,0.82502,0.77028,0.73509,0.71994,0.71505,0.71505,0.71994,0.73021,0.73509,0.73998,0.73998,0.75513,0.77028,0.77517,0.78006,0.78543,0.78006,0.78543,0.79521,0.8001,0.81036,0.82014,0.81036,0.8001,0.8001,0.79521,0.79032,0.78006,0.77517,0.7654,0.76002,0.76002,0.7654,0.76002,0.75024,0.74536,0.75024,0.75024,0.75024,0.75024,0.75513,0.76002,0.76002,0.76002,0.7654,0.77517,0.78006,0.78543,0.79521,0.80499,0.81036,0.80499,0.79521,0.79032,0.78006,0.75513,0.72532,0.71505,0.71994,0.71994,0.70528,0.69501,0.69501,0.70039,0.71017,0.70528,0.70039,0.69501,0.69013,0.69013,0.69501,0.69501,0.69501,0.70528,0.71017,0.70528,0.71505,0.71994,0.71505,0.73509,0.92522,1.2107,1.2805,1.0904,0.92522,0.88514,0.86022,0.8001,0.74536,0.71017,0.69501,0.69013,0.70039,0.71017,0.71017,0.71017,0.71017,0.71505,0.71994,0.73021,0.73509,0.74536,0.75513,0.77028,0.78543,0.79032,0.79032,0.78543,0.78543,0.78006,0.77517,0.7654,0.75513,0.74536,0.74536,0.74536,0.74536,0.75024,0.73998,0.73021,0.73021,0.72532,0.71994,0.72532,0.72532,0.71994,0.72532,0.73509,0.73998,0.74536,0.76002,0.78006,0.79521,0.79521,0.8001,0.81036,0.80499,0.8001,0.79032,0.78006,0.7654,0.74536,0.73998,0.73998,0.74536,0.73509,0.71505,0.70039,0.70528,0.71017,0.70039,0.70039,0.70528,0.70528,0.70039,0.70039,0.71017,0.71017,0.71017,0.71017,0.71017,0.71505,0.71994,0.71994,0.7654,0.99022,1.2654,1.3104,1.0753,0.92033,0.89541,0.87048,0.79521,0.72532,0.71017,0.71017,0.70528,0.70528,0.71017,0.70528,0.71017,0.71505,0.71994,0.72532,0.73509,0.74536,0.75513,0.7654,0.78006,0.79032,0.79521,0.8001,0.80499,0.80499,0.79521,0.79032,0.78543,0.78543,0.77517,0.75513,0.74536,0.74536,0.75024,0.74536,0.74536,0.73998,0.73998,0.73509,0.73509,0.73509,0.73509,0.73998,0.73998,0.75024,0.77028,0.78543,0.79521,0.8001,0.81525,0.82502,0.82014,0.81036,0.79521,0.78006,0.76002,0.75024,0.74536,0.74536,0.73998,0.73021,0.71994,0.71505,0.71017,0.71017,0.71017,0.71017,0.70528,0.70039,0.70039,0.71017,0.71505,0.71505,0.71505,0.71505,0.71994,0.73509,0.75024,0.76002,0.87048,1.1403,1.2908,1.1706,0.98045,0.90518,0.90518,0.85533,0.78006,0.73509,0.73021,0.73021,0.71994,0.70528,0.70039,0.71505,0.71994,0.73021,0.73021,0.73998,0.74536,0.76002,0.7654,0.77517,0.78006,0.79032,0.80499,0.81036,0.81036,0.81036,0.8001,0.78543,0.77517,0.77517,0.77517,0.77028,0.77028,0.7654,0.74536,0.73509,0.73509,0.73021,0.71994,0.71505,0.71994,0.73021,0.74536,0.75024,0.73998,0.73998,0.76002,0.78006,0.79032,0.8001,0.80499,0.81036,0.80499,0.79521,0.78006,0.76002,0.73998,0.72532,0.71505,0.71505,0.72532,0.71505,0.71017,0.71017,0.70528,0.69501,0.69501,0.70039,0.71017,0.71505,0.71505,0.71505,0.71505,0.71017,0.70039,0.70528,0.71017,0.71505,0.73509,0.75024,0.83529,1.0855,1.2757,1.1955,1.0005,0.90518,0.89541,0.85533,0.78543,0.73509,0.71505,0.71505,0.71505,0.71017,0.71017,0.71017,0.71505,0.72532,0.73021,0.73021,0.75024,0.76002,0.76002,0.76002,0.76002,0.77517,0.79521,0.80499,0.81036,0.81036,0.82014,0.82502,0.81525,0.80499,0.8001,0.78006,0.7654,0.76002,0.76002,0.75513,0.73998,0.71994,0.71994,0.71994,0.71994,0.73021,0.76002,0.78006,0.79521,0.8001,0.78006,0.7654,0.7654,0.77517,0.77028,0.76002,0.73998,0.71994,0.71505,0.71994,0.71994,0.71505,0.71994,0.73021,0.71994,0.71017,0.71017,0.71505,0.71017,0.71017,0.71505,0.71994,0.71994,0.73021,0.72532,0.82502,1.0904,1.2757,1.1857,1.0103,0.93548,0.91007,0.85533,0.77517,0.73021,0.71505,0.71017,0.70528,0.71505,0.71994,0.71994,0.71994,0.72532,0.73021,0.73509,0.73998,0.74536,0.75513,0.7654,0.77517,0.79032,0.8001,0.80499,0.79521,0.78543,0.77517,0.77028,0.77517,0.7654,0.75513,0.7654,0.7654,0.75513,0.75513,0.74536,0.73509,0.73509,0.73998,0.74536,0.75024,0.75024,0.75513,0.75513,0.76002,0.7654,0.78006,0.79032,0.79521,0.79032,0.79032,0.78006,0.77517,0.7654,0.76002,0.75513,0.75024,0.75024,0.76002,0.7654,0.78006,0.78543,0.78543,0.78543,0.78006,0.77517,0.75513,0.73509,0.72532,0.73021,0.73509,0.73998,0.71994,0.71017,0.71017,0.71505,0.71994,0.71994,0.71994,0.71994,0.72532,0.72532,0.72532,0.73021,0.73509,0.73509,0.73509,0.73998,0.73998,0.78543,0.98045,1.2405,1.3006,1.0953,0.92522,0.89052,0.88025,0.82014,0.76002,0.73509,0.73021,0.73021,0.72532,0.71994,0.71994,0.71994,0.72532,0.73021,0.73021,0.73509,0.74536,0.75513,0.7654,0.77517,0.79032,0.80499,0.81036,0.80499,0.80499,0.8001,0.79521,0.79032,0.78543,0.78006,0.77517,0.7654,0.76002,0.75513,0.75513,0.74536,0.73998,0.73021,0.71994,0.72532,0.73021,0.73021,0.73021,0.73509,0.74536,0.76002,0.77517,0.79521,0.80499,0.81525,0.82502,0.8304,0.8304,0.82014,0.81525,0.8001,0.77517,0.76002,0.75513,0.76002,0.75513,0.73021,0.71994,0.71994,0.71994,0.71994,0.71505,0.71505,0.71505,0.71505,0.71505,0.71505,0.71505,0.71994,0.73021,0.73021,0.73021,0.73998,0.75513,0.7654,0.8651,1.1354,1.3456,1.2708,1.0606,0.95552,0.93548,0.88025,0.8001,0.75024,0.72532,0.71505,0.71017,0.70528,0.70039,0.71017,0.71505,0.71505,0.71505,0.73021,0.73509,0.73998,0.76002,0.77517,0.79032,0.79521,0.8001,0.80499,0.80499,0.80499,0.8001,0.79521,0.78543,0.77517,0.7654,0.76002,0.76002,0.75513,0.75513,0.75024,0.74536,0.73509,0.73021,0.73021,0.73021,0.73509,0.73998,0.74536,0.75513,0.76002,0.7654,0.77517,0.79032,0.79521,0.8001,0.80499,0.81036,0.81036,0.8001,0.77517,0.75024,0.73998,0.73998,0.74536,0.75513,0.74536,0.73998,0.73021,0.70528,0.69013,0.69501,0.71017,0.71017,0.69501,0.68035,0.68035,0.68035,0.69501,0.70528,0.71017,0.71505,0.71505,0.71994,0.72532,0.7654,0.96041,1.2253,1.2854,1.0806,0.93548,0.89052,0.86022,0.79521,0.73021,0.69501,0.69501,0.69013,0.67498,0.67498,0.69501,0.71017,0.70039,0.69013,0.69501,0.71505,0.73021,0.73509,0.73998,0.75024,0.7654,0.7654,0.76002,0.78006,0.78543,0.77517,0.77517,0.7654,0.7654,0.7654,0.7654,0.75513,0.74536,0.73509,0.71994,0.71505,0.71017,0.70528,0.70528,0.71017,0.71017,0.71017,0.71017,0.71994,0.73509,0.73998,0.73509,0.73998,0.7654,0.78006,0.78006,0.78006,0.78543,0.78006,0.77028,0.76002,0.75024,0.73509,0.71994,0.71505,0.71505,0.71505,0.71017,0.70039,0.69501,0.69501,0.69013,0.68035,0.67009,0.66031,0.67009,0.71017,0.73021,0.65005,0.45015,0.18964,-0.14565,-0.50049,-0.50049,-0.50049,-0.49071,-0.20528,0.10459,0.3651,0.54985,0.70528,0.85533,0.99022,1.0806,1.1256,1.1505,1.1706,1.1906,1.2155,1.2507,1.2805,1.3157,1.3607,1.4154,1.4707,1.501,1.501,1.501,1.501,1.501,1.501,1.501,1.501,1.501,1.4506,1.3656,1.2757,1.1804,1.0806,0.99022,0.91544,0.84506,0.79032,0.76002,0.74536,0.73509,0.71994,0.70528,0.68035,0.67009,0.67009,0.6652,0.6652,0.65494,0.64516,0.6349,0.64027,0.64516,0.6349,0.63001,0.62512,0.62023,0.62023,0.60997,0.60997,0.60997,0.60997,0.60997,0.61486,0.62023,0.61486,0.60997,0.62023,0.64027,0.69013,0.89541,1.1906,1.2708,1.0606,0.89541,0.86022,0.8304,0.73998,0.65005,0.60508,0.59531,0.58993,0.58993,0.58993,0.6002,0.60997,0.62023,0.63001,0.63001,0.62512,0.63001,0.64516,0.65005,0.65494,0.6652,0.6652,0.6652,0.6652,0.65494,0.65005,0.64516,0.64027,0.63001,0.63001,0.6349,0.65005,0.6652,0.67498,0.67009,0.67498,0.68035,0.67498,0.67498,0.67498,0.68524,0.69013,0.69501,0.69013,0.69501,0.70039,0.71017,0.71505,0.71505,0.71505,0.71017,0.70528,0.70528,0.70528,0.70039,0.69501,0.69501,0.69501,0.70039,0.70039,0.70528,0.70039,0.71505,0.73021,0.73998,0.73998,0.73998,0.73998,0.73998,0.73509,0.73021,0.71505,0.69501,0.69013,0.69013,0.70039,0.69501,0.69013,0.68035,0.67498,0.68035,0.69013,0.69501,0.69501,0.69501,0.69501,0.70039,0.71017,0.71505,0.71994,0.71994,0.73998,0.75513,0.7654,0.88025,1.1457,1.3055,1.1955,0.98045,0.90029,0.90518,0.85533,0.78543,0.73998,0.71994,0.70528,0.70039,0.70528,0.70528,0.70039,0.70528,0.70039,0.70039,0.71017,0.72532,0.73509,0.73998,0.74536,0.76002,0.77028,0.78006,0.77517,0.77517,0.78006,0.79032,0.77517,0.7654,0.76002,0.75024,0.73998,0.73998,0.74536,0.75024,0.74536,0.73998,0.73509,0.73998,0.73021,0.73509,0.75024,0.76002,0.76002,0.7654,0.77028,0.7654,0.78006,0.78543,0.80499,0.82502,0.8304,0.8304,0.83529,0.82502,0.82014,0.81036,0.8001,0.78006,0.76002,0.75024,0.74536,0.74536,0.75024,0.73998,0.73021,0.73509,0.73021,0.72532,0.71994,0.72532,0.73021,0.71994,0.71994,0.72532,0.73509,0.73998,0.73509,0.73998,0.74536,0.74536,0.75513,0.75513,0.84506,1.0953,1.2854,1.2004,1.0054,0.92033,0.91544,0.89052,0.82502,0.77028,0.73998,0.72532,0.71994,0.72532,0.73021,0.72532,0.72532,0.73509,0.74536,0.75024,0.75513,0.76002,0.78006,0.8001,0.81036,0.80499,0.80499,0.81036,0.80499,0.8001,0.8001,0.8001,0.8001,0.79521,0.79521,0.78543,0.78543,0.78543,0.77028,0.75513,0.76002,0.7654,0.75513,0.74536,0.75024,0.76002,0.77028,0.78006,0.78543,0.78543,0.79521,0.80499,0.81036,0.82014,0.8304,0.84018,0.84506,0.84018,0.82014,0.8001,0.78006,0.76002,0.75024,0.74536,0.74536,0.73509,0.71505,0.71505,0.71505,0.71505,0.71994,0.72532,0.71994,0.71017,0.71017,0.71017,0.71505,0.72532,0.73021,0.73021,0.73509,0.73998,0.74536,0.74536,0.77028,0.95015,1.2107,1.2757,1.0806,0.93011,0.91007,0.91544,0.84506,0.77028,0.73021,0.72532,0.73021,0.71505,0.71017,0.71017,0.73021,0.74536,0.75513,0.73998,0.73509,0.75513,0.77028,0.78543,0.8001,0.81036,0.81036,0.81036,0.81036,0.80499,0.80499,0.80499,0.8001,0.78543,0.78543,0.78543,0.78006,0.78006,0.77028,0.7654,0.77028,0.76002,0.74536,0.75513,0.7654,0.75513,0.75513,0.7654,0.78543,0.79032,0.78543,0.79032,0.80499,0.82014,0.82502,0.82014,0.82014,0.82502,0.82502,0.80499,0.78543,0.7654,0.76002,0.75024,0.75024,0.75513,0.74536,0.73509,0.73021,0.73021,0.72532,0.71994,0.71994,0.73509,0.74536,0.74536,0.74536,0.73998,0.74536,0.75513,0.75513,0.75024,0.75513,0.77028,0.78006,0.77517,0.88025,1.1354,1.2854,1.1755,1.0005,0.93011,0.91544,0.8651,0.80499,0.78006,0.7654,0.73998,0.70528,0.65494,0.58504,0.52493,0.50978,0.56012,0.62023,0.62512,0.52004,0.43011,0.41496,0.46481,0.53519,0.59531,0.65005,0.68524,0.70528,0.73509,0.75513,0.7654,0.77517,0.78006,0.78006,0.78006,0.78543,0.8001,0.82014,0.8304,0.82014,0.81036,0.81036,0.81036,0.82014,0.84018,0.84506,0.84506,0.85044,0.86022,0.88025,0.89052,0.89052,0.89052,0.89541,0.90518,0.90518,0.89052,0.87048,0.85533,0.85044,0.84506,0.8304,0.81036,0.8001,0.80499,0.80499,0.79521,0.78543,0.78006,0.78006,0.78543,0.78006,0.77028,0.7654,0.76002,0.7654,0.7654,0.77517,0.78006,0.78006,0.77517,0.7654,0.75513,0.75024,0.81525,1.0552,1.3255,1.3656,1.1202,0.9653,0.93011,0.91007,0.84506,0.78543,0.75513,0.73998,0.73021,0.72532,0.73021,0.73021,0.73021,0.73509,0.73509,0.74536,0.75513,0.76002,0.77517,0.78543,0.8001,0.81036,0.81036,0.81525,0.81036,0.81036,0.79521,0.78006,0.77517,0.7654,0.76002,0.76002,0.76002,0.76002,0.75513,0.74536,0.73021,0.73021,0.73509,0.76002,0.78006,0.78543,0.78006,0.77517,0.77517,0.78006,0.78543,0.78006,0.77517,0.7654,0.7654,0.77517,0.78006,0.77028,0.7654,0.76002,0.75513,0.74536,0.73998,0.73998,0.74536,0.73509,0.72532,0.73021,0.73021,0.71994,0.71505,0.71994,0.75024,0.94526,1.2507,1.3255,1.1403,0.98045,0.93548,0.90029,0.82014,0.73998,0.70528,0.69501,0.69501,0.69501,0.69501,0.70039,0.70039,0.70039,0.71017,0.71994,0.71994,0.72532,0.73509,0.75513,0.7654,0.78543,0.79521,0.79521,0.78006,0.7654,0.76002,0.75513,0.75513,0.75024,0.74536,0.74536,0.73998,0.73998,0.73509,0.73998,0.73021,0.73021,0.73021,0.73509,0.73509,0.73998,0.75024,0.75513,0.76002,0.7654,0.77028,0.77028,0.77517,0.77028,0.76002,0.75024,0.74536,0.74536,0.73998,0.73998,0.73998,0.73509,0.73509,0.73509,0.74536,0.76002,0.7654,0.77028,0.76002,0.76002,0.75024,0.73998,0.71994,0.70528,0.70039,0.71017,0.71017,0.70528,0.70039,0.70039,0.70039,0.69501,0.68524,0.69013,0.69501,0.70039,0.70528,0.70039,0.69501,0.69501,0.70039,0.71505,0.72532,0.73509,0.7654,0.93548,1.2053,1.3006,1.1305,0.95552,0.90518,0.88514,0.8304,0.75513,0.71505,0.70039,0.69501,0.69013,0.67498,0.67498,0.69013,0.69013,0.69013,0.69013,0.69501,0.71017,0.71505,0.71994,0.73509,0.75513,0.77517,0.78543,0.79521,0.79521,0.78006,0.77517,0.77028,0.76002,0.75513,0.75513,0.75513,0.74536,0.74536,0.75024,0.74536,0.73509,0.73021,0.73021,0.73021,0.73021,0.73509,0.73998,0.75024,0.75513,0.76002,0.76002,0.76002,0.77517,0.79521,0.79521,0.79521,0.79521,0.79521,0.78006,0.77517,0.76002,0.73509,0.71994,0.71017,0.70039,0.70039,0.70039,0.69013,0.68524,0.68524,0.68035,0.68035,0.68035,0.69013,0.69501,0.69013,0.68524,0.68035,0.68035,0.68035,0.69013,0.69501,0.70039,0.71505,0.73021,0.77028,0.99022,1.2605,1.3055,1.0503,0.90029,0.88025,0.8651,0.79521,0.73509,0.70528,0.69013,0.69013,0.68524,0.68524,0.69013,0.70039,0.70039,0.70528,0.70528,0.70528,0.71505,0.72532,0.73509,0.75513,0.76002,0.76002,0.7654,0.7654,0.77028,0.77517,0.75513,0.74536,0.75024,0.74536,0.73509,0.73509,0.73509,0.73998,0.73509,0.71994,0.71994,0.71994,0.71994,0.71994,0.72532,0.73021,0.73509,0.73998,0.74536,0.74536,0.76002,0.7654,0.77517,0.78006,0.78543,0.78543,0.78006,0.78006,0.77028,0.75513,0.73509,0.72532,0.71017,0.71017,0.71505,0.71994,0.69501,0.67498,0.67498,0.68035,0.68524,0.69501,0.69501,0.69501,0.69501,0.69501,0.69013,0.69501,0.70039,0.70528,0.71017,0.71994,0.73998,0.73998,0.79521,1.0205,1.2356,1.2556,1.0254,0.93011,0.92033,0.89052,0.80499,0.73998,0.72532,0.71505,0.70039,0.70039,0.70039,0.71505,0.71994,0.71994,0.72532,0.73021,0.73998,0.74536,0.74536,0.74536,0.75513,0.7654,0.78006,0.77517,0.77517,0.78006,0.77517,0.77517,0.77517,0.76002,0.74536,0.73998,0.74536,0.74536,0.73998,0.73509,0.73509,0.73509,0.73021,0.73021,0.73021,0.73509,0.73021,0.73021,0.73998,0.75513,0.76002,0.77028,0.78006,0.77517,0.77517,0.78006,0.79032,0.79521,0.78543,0.79032,0.78006,0.75024,0.71994,0.71994,0.71505,0.71994,0.73021,0.70528,0.69501,0.69013,0.69013,0.69501,0.70528,0.69013,0.68524,0.69013,0.69013,0.69501,0.70039,0.69501,0.69501,0.71017,0.70039,0.69501,0.69501,0.73021,0.92033,1.2253,1.3206,1.1403,0.94526,0.88514,0.87537,0.82014,0.75024,0.71505,0.70039,0.70039,0.69501,0.69501,0.70039,0.70528,0.70039,0.71017,0.71017,0.71505,0.73021,0.73998,0.74536,0.75513,0.76002,0.7654,0.7654,0.77517,0.78006,0.78543,0.7654,0.76002,0.75024,0.74536,0.74536,0.75024,0.73509,0.73509,0.73509,0.73509,0.72532,0.71994,0.71505,0.71505,0.71994,0.73021,0.73021,0.73998,0.74536,0.75513,0.77028,0.79032,0.80499,0.82014,0.8304,0.83529,0.82502,0.81036,0.8001,0.78543,0.77028,0.75513,0.74536,0.74536,0.73998,0.73021,0.71017,0.71017,0.71505,0.71994,0.71017,0.71017,0.71505,0.71505,0.71017,0.71505,0.71505,0.71994,0.71505,0.71994,0.73021,0.73998,0.75024,0.74536,0.85044,1.1202,1.3055,1.2053,1.0152,0.93011,0.91544,0.86022,0.79032,0.75024,0.73509,0.73021,0.71994,0.71017,0.71505,0.71994,0.72532,0.73509,0.74536,0.75024,0.75513,0.76002,0.7654,0.77517,0.78543,0.8001,0.81036,0.81525,0.81036,0.81036,0.81525,0.8001,0.78006,0.77517,0.77517,0.77517,0.7654,0.76002,0.76002,0.75513,0.74536,0.74536,0.77028,0.78543,0.79521,0.79521,0.79521,0.78543,0.78543,0.78006,0.78543,0.77517,0.7654,0.77028,0.78006,0.78006,0.77028,0.76002,0.76002,0.75513,0.75024,0.75024,0.73998,0.73509,0.73509,0.73509,0.73509,0.73998,0.74536,0.74536,0.75513,0.74536,0.8304,1.0953,1.3006,1.2155,1.0303,0.95015,0.93548,0.88514,0.81036,0.75024,0.72532,0.71505,0.71017,0.71017,0.71505,0.71994,0.71994,0.71994,0.72532,0.73998,0.73998,0.73998,0.75513,0.7654,0.78006,0.8001,0.80499,0.8001,0.79521,0.79521,0.79032,0.77517,0.77028,0.7654,0.76002,0.76002,0.75513,0.74536,0.73509,0.73509,0.73509,0.73509,0.73509,0.73998,0.75513,0.7654,0.75513,0.75513,0.7654,0.7654,0.7654,0.77517,0.77517,0.77517,0.7654,0.75513,0.74536,0.74536,0.74536,0.75513,0.74536,0.73998,0.75513,0.77028,0.78006,0.78543,0.78543,0.79032,0.78543,0.78543,0.78006,0.76002,0.73998,0.73021,0.73021,0.73509,0.73021,0.73021,0.72532,0.71994,0.71017,0.71017,0.71505,0.73021,0.73509,0.72532,0.70528,0.70039,0.71505,0.71994,0.71505,0.71505,0.73021,0.75024,0.76002,0.85044,1.1007,1.2854,1.2004,0.9956,0.90029,0.89052,0.85533,0.78006,0.73509,0.71994,0.71505,0.71505,0.71017,0.70528,0.70039,0.70039,0.71017,0.71017,0.71994,0.73021,0.73509,0.74536,0.75513,0.76002,0.7654,0.77517,0.78543,0.79521,0.78543,0.78006,0.77517,0.77028,0.7654,0.77028,0.76002,0.73998,0.73998,0.73509,0.73021,0.73021,0.73509,0.72532,0.71017,0.71505,0.73509,0.73998,0.73021,0.73021,0.73998,0.76002,0.77028,0.77517,0.78006,0.78543,0.79521,0.81036,0.82014,0.82014,0.80499,0.79032,0.77517,0.76002,0.74536,0.73998,0.73509,0.73021,0.71994,0.71017,0.69501,0.69501,0.70039,0.70528,0.68524,0.68035,0.68035,0.68035,0.68524,0.69013,0.69013,0.69013,0.69501,0.69501,0.70039,0.70039,0.70528,0.73509,0.91007,1.2107,1.3358,1.1755,0.97019,0.88025,0.8651,0.82014,0.75024,0.71017,0.70039,0.69501,0.69501,0.69501,0.69501,0.70039,0.70039,0.71505,0.71994,0.72532,0.73021,0.73509,0.74536,0.75513,0.77028,0.78006,0.78543,0.78543,0.78543,0.78543,0.77517,0.7654,0.76002,0.75513,0.75024,0.73998,0.73998,0.73509,0.72532,0.72532,0.72532,0.71994,0.71505,0.71017,0.71505,0.71505,0.71994,0.71994,0.73509,0.75513,0.77517,0.78006,0.79521,0.8001,0.81036,0.82014,0.81525,0.80499,0.78543,0.7654,0.74536,0.73509,0.73509,0.73509,0.72532,0.71017,0.70528,0.70528,0.71017,0.70528,0.70039,0.70039,0.70528,0.71017,0.69501,0.69501,0.70039,0.69501,0.69501,0.70039,0.70039,0.71505,0.73021,0.77028,0.95015,1.2155,1.2805,1.0953,0.94037,0.89541,0.87537,0.81525,0.74536,0.71017,0.70528,0.70039,0.70039,0.70039,0.69501,0.69501,0.70039,0.70528,0.71017,0.72532,0.73998,0.74536,0.75513,0.77028,0.78006,0.78543,0.79032,0.79032,0.79032,0.78543,0.78543,0.78006,0.77517,0.77028,0.76002,0.73998,0.73998,0.73998,0.73509,0.72532,0.71994,0.71994,0.72532,0.71994,0.73021,0.73509,0.73509,0.73509,0.73998,0.75024,0.76002,0.7654,0.7654,0.78543,0.8001,0.80499,0.78543,0.78006,0.78006,0.7654,0.73509,0.71505,0.71505,0.73021,0.71994,0.71017,0.70039,0.69501,0.69013,0.69501,0.69013,0.69013,0.69501,0.69013,0.68524,0.68524,0.68524,0.69501,0.70039,0.70039,0.70528,0.71505,0.71994,0.73509,0.86022,1.1153,1.2556,1.1256,0.94037,0.88025,0.87537,0.8304,0.76002,0.71505,0.70039,0.69501,0.70039,0.70039,0.70039,0.71017,0.71505,0.71994,0.71994,0.71994,0.72532,0.73509,0.73998,0.75513,0.7654,0.77028,0.77517,0.78543,0.79521,0.78543,0.78543,0.78006,0.77517,0.75513,0.75024,0.74536,0.73998,0.73021,0.73509,0.72532,0.70528,0.70039,0.70528,0.71505,0.71994,0.71994,0.71994,0.72532,0.73509,0.73998,0.73998,0.74536,0.7654,0.78006,0.78006,0.78543,0.79521,0.78543,0.77028,0.75513,0.73509,0.71994,0.71505,0.71505,0.71505,0.71017,0.70039,0.69501,0.69501,0.69501,0.69501,0.69013,0.70039,0.70039,0.68035,0.68035,0.69013,0.68035,0.68035,0.69013,0.69501,0.71017,0.71994,0.72532,0.71505,0.8001,1.0704,1.2957,1.2204,1.0054,0.88025,0.8651,0.84506,0.77517,0.71994,0.70039,0.69501,0.69013,0.69501,0.70039,0.70528,0.71505,0.71994,0.71994,0.71994,0.73021,0.73509,0.74536,0.76002,0.77517,0.79521,0.80499,0.8001,0.79521,0.79521,0.79521,0.79521,0.78543,0.78006,0.7654,0.75513,0.74536,0.73021,0.71505,0.71505,0.73509,0.76002,0.7654,0.7654,0.75513,0.74536,0.74536,0.74536,0.74536,0.74536,0.74536,0.74536,0.75513,0.76002,0.75513,0.75024,0.75513,0.76002,0.75513,0.75024,0.73998,0.73998,0.73998,0.73509,0.72532,0.71994,0.73021,0.73021,0.72532,0.71994,0.73021,0.85533,1.1554,1.3358,1.2204,1.0254,0.94037,0.91544,0.85533,0.77028,0.71994,0.71017,0.70528,0.70039,0.69501,0.69013,0.70039,0.71017,0.71017,0.71505,0.72532,0.73509,0.74536,0.76002,0.77028,0.77517,0.78006,0.79032,0.79521,0.78543,0.78006,0.77517,0.77517,0.77517,0.77028,0.76002,0.76002,0.75513,0.75024,0.75513,0.75024,0.75024,0.75513,0.75513,0.76002,0.76002,0.76002,0.75513,0.7654,0.77028,0.77517,0.78006,0.78006,0.78006,0.78543,0.78543,0.78543,0.78006,0.78006,0.77517,0.76002,0.75513,0.76002,0.7654,0.7654,0.7654,0.77517,0.78006,0.78006,0.79032,0.79521,0.78543,0.78006,0.77517,0.75513,0.74536,0.73998,0.74536,0.75513,0.73998,0.71994,0.71505,0.71994,0.72532,0.73021,0.72532,0.71994,0.72532,0.73509,0.73509,0.73509,0.73998,0.74536,0.74536,0.75513,0.77517,0.79521,0.90518,1.1657,1.3104,1.1955,1.0103,0.93011,0.92033,0.87048,0.79521,0.75024,0.74536,0.73998,0.73021,0.73021,0.73021,0.73509,0.73509,0.73998,0.73998,0.75024,0.7654,0.78006,0.78543,0.78543,0.79521,0.80499,0.82014,0.8304,0.84018,0.83529,0.8304,0.82014,0.81036,0.81036,0.80499,0.8001,0.79521,0.79521,0.79032,0.78006,0.7654,0.76002,0.76002,0.76002,0.76002,0.75024,0.75513,0.76002,0.77028,0.78006,0.78543,0.78543,0.79521,0.81036,0.82014,0.82014,0.82502,0.83529,0.82502,0.81036,0.8001,0.78543,0.77028,0.75513,0.74536,0.74536,0.74536,0.74536,0.73021,0.71994,0.71994,0.72532,0.71994,0.71994,0.72532,0.73021,0.73021,0.73021,0.73021,0.73021,0.73021,0.72532,0.72532,0.73998,0.76002,0.77028,0.82502,1.0406,1.2507,1.2654,1.0254,0.92033,0.91544,0.88514,0.81036,0.75024,0.73021,0.71994,0.72532,0.73021,0.71994,0.71994,0.73509,0.73998,0.73998,0.73509,0.73998,0.75024,0.76002,0.77028,0.78543,0.79521,0.8001,0.81036,0.81525,0.80499,0.80499,0.8001,0.79521,0.78543,0.78006,0.78006,0.78006,0.7654,0.74536,0.73509,0.73021,0.73021,0.73998,0.73998,0.73998,0.73509,0.73509,0.73021,0.72532,0.70528,0.67498,0.66031,0.64027,0.56012,0.35973,0.049853,-0.32551,-0.50049,-0.50049,-0.39052,-0.16031,0.07478,0.25464,0.36999,0.48485,0.60997,0.73509,0.88514,1.0455,1.1603,1.2155,1.2556,1.2908,1.3358,1.3856,1.4306,1.4658,1.501,1.501,1.501,1.501,1.501,1.501,1.501,1.501,1.501,1.501,1.501,1.4858,1.4057,1.3157,1.2253,1.1354,1.0352,0.95552,0.90518,0.85533,0.81036,0.77517,0.73998,0.71505,0.69501,0.68035,0.67498,0.6652,0.65494,0.64516,0.64027,0.6349,0.63001,0.63001,0.6349,0.64027,0.6349,0.62512,0.62512,0.63001,0.63001,0.6349,0.63001,0.63001,0.6349,0.6349,0.6349,0.6349,0.6349,0.64027,0.64027,0.64027,0.64027,0.64516,0.65005,0.65005,0.66031,0.67009,0.67009,0.67009,0.68035,0.69013,0.70039,0.71505,0.73021,0.73021,0.72532,0.71994,0.71017,0.69501,0.68524,0.68524,0.69013,0.69013,0.69013,0.68035,0.68035,0.68035,0.67498,0.67498,0.68035,0.67498,0.67498,0.68524,0.69013,0.69013,0.69013,0.69501,0.69501,0.70039,0.71505,0.72532,0.79032,1.0205,1.2556,1.2805,1.0406,0.89052,0.86022,0.84506,0.78543,0.72532,0.70039,0.68524,0.68524,0.69501,0.70528,0.71017,0.71017,0.71505,0.72532,0.71994,0.71505,0.73021,0.74536,0.75513,0.76002,0.77517,0.78543,0.79521,0.8001,0.78543,0.77517,0.76002,0.75513,0.75513,0.75513,0.76002,0.76002,0.76002,0.7654,0.7654,0.7654,0.7654,0.76002,0.76002,0.75513,0.76002,0.76002,0.7654,0.77517,0.78543,0.79032,0.78543,0.79032,0.80499,0.82502,0.83529,0.84506,0.85533,0.85044,0.84506,0.83529,0.80499,0.78543,0.77028,0.76002,0.75513,0.74536,0.73509,0.73021,0.72532,0.72532,0.71994,0.71994,0.71505,0.70528,0.70039,0.70528,0.71505,0.71994,0.71994,0.71505,0.71017,0.71017,0.72532,0.73998,0.75513,0.81036,1.0152,1.2556,1.2957,1.0655,0.93011,0.91544,0.89052,0.81036,0.73998,0.71505,0.71017,0.71017,0.70528,0.70039,0.71017,0.71505,0.71505,0.71505,0.72532,0.73509,0.74536,0.76002,0.69013,0.70039,0.70039,0.70039,0.71017,0.71017,0.71505,0.71994,0.71017,0.70528,0.80499,1.0806,1.3006,1.2155,1.0005,0.88025,0.87537,0.84506,0.77028,0.71505,0.70039,0.70039,0.69501,0.69501,0.69501,0.69501,0.70039,0.71017,0.71017,0.71017,0.71017,0.71994,0.72532,0.73509,0.75024,0.7654,0.77028,0.77028,0.77028,0.78543,0.78006,0.75513,0.73998,0.73998,0.73998,0.73509,0.72532,0.71994,0.71994,0.71505,0.71505,0.71017,0.71017,0.70528,0.71017,0.71505,0.71994,0.72532,0.73509,0.75513,0.76002,0.75513,0.77517,0.78006,0.78006,0.78543,0.8001,0.8001,0.79521,0.78543,0.78006,0.76002,0.73021,0.70528,0.71017,0.71505,0.70039,0.69501,0.69501,0.69501,0.69501,0.69501,0.69013,0.68035,0.68035,0.67498,0.68035,0.68524,0.69501,0.70039,0.69013,0.69501,0.70039,0.70528,0.70039,0.82014,1.0953,1.2908,1.1857,0.98534,0.89541,0.89052,0.85533,0.77028,0.71017,0.68524,0.68035,0.68035,0.68524,0.69013,0.69013,0.69501,0.70039,0.71017,0.71505,0.71994,0.73021,0.73509,0.75024,0.7654,0.77517,0.78543,0.79521,0.79521,0.79521,0.79032,0.78543,0.77517,0.7654,0.76002,0.75513,0.75513,0.74536,0.73998,0.73509,0.73509,0.73509,0.73509,0.71994,0.71505,0.71994,0.72532,0.73021,0.73998,0.75513,0.77517,0.78543,0.8001,0.81525,0.82502,0.82502,0.82014,0.80499,0.78006,0.7654,0.76002,0.75024,0.74536,0.75024,0.73998,0.71994,0.71505,0.71017,0.71017,0.71017,0.70528,0.70039,0.70039,0.71017,0.71505,0.71994,0.70528,0.70039,0.71017,0.71505,0.71994,0.73021,0.73509,0.77028,0.94037,1.2107,1.2854,1.1056,0.95015,0.91544,0.90029,0.8304,0.76002,0.71994,0.70039,0.69501,0.69501,0.70039,0.71017,0.71017,0.71017,0.71017,0.71505,0.71994,0.72532,0.73021,0.73998,0.75513,0.7654,0.7654,0.77517,0.78543,0.78006,0.77517,0.76002,0.75024,0.74536,0.73998,0.73998,0.74536,0.74536,0.74536,0.73509,0.71994,0.71994,0.71994,0.71505,0.71505,0.71505,0.71994,0.71994,0.73021,0.73509,0.73998,0.73998,0.76002,0.77517,0.78006,0.78543,0.8001,0.80499,0.79032,0.77517,0.76002,0.74536,0.72532,0.71994,0.72532,0.73509,0.72532,0.71505,0.70528,0.70039,0.70528,0.71505,0.71017,0.70039,0.70039,0.70039,0.70528,0.71505,0.72532,0.73021,0.73509,0.73509,0.73998,0.76002,0.77028,0.79032,0.94526,1.1857,1.2507,1.0806,0.94526,0.91007,0.90029,0.83529,0.7654,0.73021,0.72532,0.71994,0.71505,0.71505,0.71017,0.71505,0.73021,0.73509,0.73998,0.74536,0.75024,0.76002,0.77517,0.78543,0.79032,0.8001,0.81036,0.82014,0.82014,0.81036,0.80499,0.8001,0.78543,0.78006,0.78006,0.78006,0.79032,0.78006,0.76002,0.76002,0.76002,0.75513,0.74536,0.75513,0.7654,0.7654,0.76002,0.7654,0.77517,0.78543,0.79032,0.79521,0.80499,0.81036,0.82014,0.84018,0.84506,0.8304,0.82502,0.81036,0.79521,0.78006,0.76002,0.75024,0.75024,0.75024,0.73509,0.71994,0.73021,0.73509,0.71994,0.71017,0.71505,0.73021,0.71994,0.72532,0.73509,0.73998,0.73509,0.74536,0.75024,0.73509,0.73021,0.74536,0.76002,0.87537,1.1603,1.3456,1.2307,1.0205,0.91544,0.90518,0.87048,0.8001,0.75513,0.73021,0.71505,0.72532,0.73021,0.71994,0.72532,0.71994,0.71505,0.73998,0.75024,0.75513,0.76002,0.7654,0.78006,0.8001,0.8001,0.8001,0.81525,0.82014,0.80499,0.79521,0.79521,0.78006,0.7654,0.7654,0.76002,0.76002,0.75513,0.74536,0.74536,0.75513,0.75024,0.74536,0.74536,0.74536,0.75513,0.75513,0.76002,0.7654,0.76002,0.77517,0.79521,0.81036,0.82014,0.8304,0.83529,0.84018,0.84018,0.8304,0.82014,0.79521,0.7654,0.75024,0.74536,0.74536,0.75024,0.73509,0.72532,0.71994,0.71994,0.73021,0.73509,0.73021,0.71994,0.71994,0.71994,0.71994,0.71994,0.71994,0.72532,0.73021,0.73509,0.75513,0.75513,0.79032,0.99022,1.2605,1.3206,1.1153,0.97019,0.94526,0.92522,0.84018,0.77028,0.74536,0.73509,0.73021,0.73509,0.73998,0.73509,0.73509,0.73998,0.74536,0.75513,0.75513,0.76002,0.77517,0.78543,0.8001,0.81036,0.81036,0.82502,0.8304,0.82502,0.81525,0.81036,0.80499,0.8001,0.79521,0.79521,0.79032,0.78543,0.78006,0.77028,0.7654,0.76002,0.76002,0.76002,0.75513,0.75024,0.75024,0.76002,0.78006,0.78006,0.79032,0.80499,0.81036,0.81525,0.82502,0.82502,0.82014,0.82014,0.82014,0.8001,0.78006,0.77028,0.7654,0.7654,0.76002,0.73998,0.71994,0.71994,0.72532,0.73021,0.72532,0.72532,0.73021,0.73509,0.73998,0.73509,0.73021,0.72532,0.73021,0.73021,0.73998,0.75513,0.7654,0.77517,0.87537,1.1256,1.3104,1.2107,1.0205,0.93548,0.92522,0.87048,0.78543,0.73509,0.73021,0.71994,0.70528,0.70039,0.70039,0.70528,0.71017,0.70528,0.71505,0.71994,0.73021,0.73509,0.73998,0.75513,0.77517,0.78006,0.78006,0.78006,0.78543,0.79521,0.79521,0.78006,0.78006,0.77517,0.7654,0.76002,0.73998,0.73509,0.73509,0.73998,0.73509,0.73509,0.73021,0.71994,0.71994,0.73021,0.73509,0.73509,0.74536,0.75024,0.75513,0.77028,0.78543,0.79521,0.79521,0.8001,0.80499,0.8001,0.78543,0.77028,0.75513,0.73998,0.73509,0.73021,0.73021,0.72532,0.71017,0.70039,0.70039,0.69501,0.69013,0.69013,0.69501,0.70039,0.70039,0.70528,0.70039,0.70528,0.71017,0.71017,0.70528,0.71017,0.72532,0.73998,0.75513,0.88514,1.1457,1.2654,1.1305,0.97556,0.93011,0.91544,0.86022,0.78543,0.73509,0.71017,0.71017,0.71017,0.71505,0.71994,0.71994,0.71994,0.72532,0.71994,0.71994,0.71994,0.73509,0.74536,0.76002,0.77028,0.78006,0.78543,0.79521,0.79521,0.77517,0.77028,0.7654,0.75513,0.74536,0.74536,0.75024,0.73998,0.72532,0.71994,0.75024,0.77028,0.77517,0.75024,0.73509,0.73021,0.73021,0.73509,0.73509,0.73509,0.73509,0.73021,0.71994,0.71994,0.73021,0.73021,0.71994,0.71017,0.71017,0.71017,0.70528,0.70039,0.69501,0.70039,0.70039,0.69501,0.69013,0.69013,0.68524,0.67498,0.69013,0.83529,1.1202,1.2605,1.1305,0.96041,0.91007,0.90518,0.83529,0.74536,0.70528,0.69501,0.69013,0.68524,0.68035,0.68524,0.69013,0.69501,0.70039,0.70039,0.71505,0.73021,0.73509,0.73509,0.73998,0.73998,0.74536,0.76002,0.77028,0.76002,0.75513,0.75024,0.73998,0.71994,0.71505,0.72532,0.73998,0.75024,0.73021,0.70528,0.70039,0.71505,0.71994,0.71994,0.72532,0.73021,0.73021,0.73021,0.73021,0.73509,0.73998,0.73998,0.73509,0.73998,0.74536,0.74536,0.73998,0.73509,0.72532,0.71994,0.71994,0.71505,0.71505,0.71994,0.71505,0.71994,0.73021,0.73021,0.73021,0.73509,0.73998,0.74536,0.75513,0.74536,0.73021,0.72532,0.71505,0.70039,0.69013,0.69013,0.70039,0.69501,0.69501,0.69013,0.69501,0.69501,0.69013,0.69501,0.69013,0.68035,0.68524,0.69501,0.69501,0.69013,0.69501,0.70039,0.71017,0.71017,0.71505,0.83529,1.1105,1.2757,1.1706,0.97019,0.88025,0.87537,0.83529,0.7654,0.71505,0.70039,0.69501,0.70039,0.70528,0.70528,0.70528,0.70528,0.71017,0.71017,0.71505,0.72532,0.73021,0.73509,0.74536,0.76002,0.77028,0.78006,0.79521,0.80499,0.79032,0.77028,0.7654,0.7654,0.76002,0.75513,0.75024,0.75024,0.75513,0.76002,0.74536,0.74536,0.73998,0.73021,0.71994,0.73509,0.74536,0.74536,0.74536,0.75513,0.77028,0.77517,0.77517,0.78006,0.79521,0.81036,0.82014,0.82502,0.84018,0.85044,0.85533,0.82502,0.79521,0.77028,0.75024,0.73998,0.74536,0.75024,0.74536,0.73998,0.73509,0.71994,0.71505,0.70039,0.69013,0.68524,0.68524,0.69501,0.70039,0.71017,0.71017,0.71505,0.71505,0.71505,0.72532,0.74536,0.76002,0.81036,1.0254,1.2507,1.2757,1.0303,0.92033,0.91544,0.92033,0.81525,0.73998,0.71505,0.71017,0.71505,0.71505,0.71994,0.71505,0.71017,0.71505,0.73021,0.74536,0.75024,0.75513,0.76002,0.7654,0.77517,0.79521,0.81036,0.81036,0.81036,0.79521,0.79032,0.79032,0.78543,0.78543,0.78543,0.78006,0.77517,0.76002,0.75024,0.74536,0.74536,0.73998,0.73509,0.73998,0.75024,0.76002,0.76002,0.7654,0.7654,0.77028,0.77028,0.77028,0.78006,0.79521,0.8001,0.81525,0.82014,0.8001,0.79521,0.8001,0.78543,0.75513,0.73021,0.72532,0.72532,0.73021,0.73509,0.73021,0.71994,0.70528,0.70039,0.70039,0.71017,0.71505,0.71017,0.71017,0.71017,0.71505,0.71505,0.71994,0.71994,0.71994,0.71994,0.73509,0.74536,0.79032,0.99022,1.2556,1.3157,1.0953,0.93548,0.91007,0.89052,0.81525,0.73998,0.71994,0.71994,0.71994,0.71017,0.70039,0.71017,0.72532,0.73021,0.71505,0.71505,0.71994,0.72532,0.74536,0.78543,0.8001,0.79032,0.78543,0.80499,0.81036,0.8001,0.79521,0.79521,0.79032,0.78543,0.78006,0.77517,0.76002,0.75513,0.73998,0.73509,0.73509,0.73021,0.71994,0.71505,0.71994,0.73021,0.73021,0.73021,0.73998,0.75513,0.76002,0.75513,0.76002,0.78006,0.78543,0.78006,0.78006,0.78006,0.78543,0.71994,0.71994,0.71994,0.71994,0.71994,0.72532,0.71505,0.71505,0.71994,0.73021,0.73021,0.73021,0.73021,0.73998,0.74536,0.79032,0.98045,1.2605,1.3407,1.1554,0.97019,0.91544,0.91007,0.84506,0.76002,0.72532,0.73021,0.73509,0.72532,0.70528,0.71017,0.71994,0.73509,0.73998,0.74536,0.75513,0.76002,0.7654,0.78006,0.79521,0.80499,0.81036,0.81525,0.82014,0.82502,0.8304,0.83529,0.82014,0.80499,0.79521,0.78543,0.78543,0.79032,0.78543,0.77028,0.7654,0.76002,0.77517,0.78006,0.7654,0.76002,0.75513,0.76002,0.7654,0.78006,0.8001,0.81036,0.82502,0.84018,0.86022,0.87048,0.8651,0.85044,0.84018,0.82502,0.80499,0.8001,0.8001,0.8001,0.78543,0.7654,0.75513,0.75024,0.74536,0.74536,0.74536,0.74536,0.74536,0.73998,0.74536,0.75024,0.73509,0.73021,0.73021,0.73509,0.73998,0.75513,0.77517,0.80499,0.94037,1.2253,1.3558,1.1955,1.0005,0.93548,0.93011,0.88025,0.81036,0.76002,0.74536,0.73998,0.73998,0.73998,0.73998,0.73509,0.73509,0.73509,0.73998,0.74536,0.75024,0.76002,0.78006,0.8001,0.80499,0.81036,0.82014,0.82014,0.82014,0.82502,0.81525,0.81525,0.80499,0.79521,0.78543,0.78006,0.77517,0.7654,0.7654,0.7654,0.77028,0.73998,0.73998,0.74536,0.75513,0.76002,0.76002,0.76002,0.7654,0.77517,0.79521,0.80499,0.80499,0.81525,0.82502,0.82502,0.82014,0.80499,0.78543,0.77028,0.75513,0.73998,0.73998,0.75513,0.74536,0.72532,0.71017,0.70528,0.71017,0.71505,0.71017,0.70528,0.70528,0.71017,0.71017,0.70528,0.70528,0.71017,0.71505,0.71505,0.71505,0.72532,0.74536,0.76002,0.87048,1.1256,1.2654,1.1403,0.96041,0.90029,0.90518,0.85533,0.78006,0.73021,0.71017,0.70039,0.70039,0.70039,0.70039,0.71017,0.71017,0.70528,0.71017,0.71994,0.73021,0.73998,0.74536,0.75513,0.77028,0.78006,0.78006,0.78543,0.79521,0.79032,0.78543,0.78006,0.7654,0.75513,0.74536,0.73509,0.73509,0.73509,0.73509,0.73021,0.71505,0.70528,0.70039,0.70039,0.71017,0.71505,0.71505,0.71994,0.73021,0.73998,0.75513,0.76002,0.75513,0.75024,0.7654,0.77517,0.77028,0.75513,0.75024,0.73998,0.73021,0.71017,0.69013,0.68035,0.68035,0.68035,0.67498,0.6652,0.65494,0.65494,0.66031,0.6652,0.6652,0.67009,0.67498,0.67009,0.67009,0.67498,0.68035,0.69013,0.81525,1.0806,1.2356,1.1256,0.95015,0.87537,0.8651,0.81525,0.73509,0.68524,0.6652,0.67009,0.67498,0.68524,0.68524,0.69013,0.68524,0.68035,0.68035,0.69013,0.70039,0.71017,0.71505,0.73509,0.75513,0.7654,0.76002,0.76002,0.76002,0.75513,0.74536,0.73998,0.73509,0.71994,0.71017,0.71017,0.71994,0.72532,0.71017,0.70039,0.69013,0.67498,0.68524,0.70039,0.70528,0.70039,0.70039,0.71017,0.71505,0.73021,0.73998,0.74536,0.75024,0.75024,0.74536,0.74536,0.76002,0.77517,0.77517,0.7654,0.76002,0.74536,0.73509,0.72532,0.71505,0.71017,0.70528,0.70039,0.71017,0.71994,0.71017,0.68035,0.6652,0.6652,0.67009,0.6652,0.6652,0.67009,0.68035,0.69013,0.69013,0.68524,0.68035,0.68035,0.68524,0.69013,0.69501,0.69501,0.71505,0.85533,1.1457,1.3055,1.1603,0.95552,0.87537,0.86022,0.81036,0.73509,0.69013,0.67498,0.67498,0.68035,0.67498,0.67498,0.67498,0.68035,0.69013,0.70039,0.71017,0.71505,0.72532,0.73509,0.75024,0.7654,0.77517,0.78006,0.79032,0.79521,0.78006,0.78006,0.78543,0.78006,0.7654,0.74536,0.73509,0.73509,0.73509,0.73509,0.75024,0.77517,0.78006,0.7654,0.76002,0.74536,0.73998,0.73998,0.74536,0.74536,0.74536,0.74536,0.74536,0.75513,0.7654,0.7654,0.7654,0.7654,0.76002,0.74536,0.73998,0.73021,0.72532,0.72532,0.72532,0.72532,0.73021,0.73021,0.73021,0.73998,0.75024,0.84506,1.1256,1.3358,1.2405,1.0503,0.97556,0.95552,0.88025,0.79032,0.73509,0.71017,0.70528,0.70039,0.70039,0.70039,0.71017,0.71505,0.71017,0.71505,0.73021,0.74536,0.74536,0.75024,0.76002,0.77517,0.79032,0.79521,0.78543,0.78006,0.78543,0.78543,0.78543,0.78006,0.77517,0.7654,0.76002,0.75024,0.75513,0.76002,0.76002,0.75024,0.75024,0.76002,0.7654,0.77028,0.7654,0.76002,0.76002,0.77517,0.78543,0.79032,0.79521,0.79032,0.79521,0.78006,0.77517,0.77028,0.77028,0.77517,0.77028,0.77517,0.77517,0.7654,0.7654,0.7654,0.77028,0.78006,0.8001,0.80499,0.80499,0.8001,0.79521,0.78543,0.78006,0.77028,0.75513,0.74536,0.75513,0.76002,0.75513,0.74536,0.73509,0.73998,0.74536,0.74536,0.74536,0.74536,0.75024,0.75513,0.75513,0.76002,0.7654,0.78006,0.79032,0.8001,0.81036,0.80499,0.93548,1.1857,1.3006,1.1505,0.97019,0.91544,0.91007,0.86022,0.79521,0.75513,0.73509,0.73021,0.73021,0.73509,0.74536,0.74536,0.73998,0.73998,0.73998,0.75513,0.75513,0.75024,0.75513,0.78543,0.80499,0.81036,0.8001,0.80499,0.81036,0.82014,0.82502,0.81525,0.8001,0.8001,0.80499,0.79521,0.78006,0.77517,0.77517,0.7654,0.77028,0.77517,0.76002,0.75513,0.75513,0.7654,0.7654,0.78006,0.78543,0.78543,0.78543,0.8001,0.8304,0.84018,0.82014,0.82502,0.84018,0.85044,0.85044,0.84018,0.83529,0.82502,0.80499,0.78006,0.76002,0.75024,0.76002,0.78006,0.78543,0.73998,0.73021,0.75024,0.76002,0.73509,0.73021,0.73021,0.73021,0.73021,0.73509,0.73998,0.73509,0.73998,0.73998,0.74536,0.75513,0.75513,0.75513,0.84506,1.1105,1.3558,1.3759,1.0904,0.95015,0.91544,0.88025,0.81036,0.74536,0.71994,0.71994,0.71994,0.71994,0.72532,0.71994,0.71994,0.73509,0.73998,0.73998,0.74536,0.75513,0.76002,0.77517,0.79521,0.8001,0.80499,0.81036,0.81525,0.81036,0.80499,0.8001,0.79521,0.79032,0.78006,0.77517,0.7654,0.76002,0.76002,0.75024,0.73998,0.73509,0.73998,0.74536,0.75513,0.75513,0.74536,0.74536,0.74536,0.76002,0.78006,0.80499,0.81525,0.81036,0.82014,0.8304,0.84018,0.84018,0.8304,0.81525,0.79521,0.77517,0.76002,0.76002,0.76002,0.74536,0.73509,0.73509,0.73509,0.73998,0.73998,0.73998,0.73509,0.72532,0.72532,0.73021,0.72532,0.73021,0.73509,0.73509,0.73998,0.75024,0.7654,0.77517,0.84018,1.0606,1.2854,1.3206,1.0953,0.9653,0.93011,0.90029,0.8304,0.7654,0.73509,0.71994,0.71994,0.73021,0.73509,0.73021,0.72532,0.72532,0.73021,0.73998,0.75513,0.76002,0.76002,0.77028,0.79032,0.8001,0.80499,0.80499,0.81036,0.81525,0.79521,0.77517,0.7654,0.7654,0.7654,0.77517,0.78006,0.77028,0.7654,0.76002,0.76002,0.76002,0.75024,0.73998,0.73509,0.73998,0.74536,0.75024,0.75513,0.7654,0.78006,0.79521,0.79032,0.78543,0.78543,0.78543,0.78006,0.77517,0.77517,0.77028,0.7654,0.75024,0.74536,0.87048,1.1457,1.3104,1.2204,1.1007,1.0806,1.0352,0.90029,0.78543,0.73509,0.72532,0.71017,0.69501,0.69013,0.69501,0.70039,0.70039,0.69501,0.69501,0.70528,0.71505,0.71994,0.72532,0.73509,0.73998,0.73998,0.74536,0.73998,0.73509,0.73509,0.73021,0.73998,0.74536,0.74536,0.75513,0.76002,0.76002,0.75513,0.74536,0.73998,0.73998,0.75024,0.75513,0.75024,0.75024,0.75513,0.75513,0.75513,0.76002,0.75024,0.73998,0.74536,0.74536,0.73998,0.73509,0.73509,0.74536,0.75024,0.73998,0.73021,0.72532,0.73021,0.73021,0.73509,0.73509,0.73021,0.73021,0.73021,0.73509,0.75024,0.73998,0.71994,0.71994,0.73509,0.73998,0.75513,0.77028,0.77517,0.77517,0.7654,0.74536,0.73021,0.71994,0.71505,0.71994,0.71994,0.71505,0.71017,0.71994,0.72532,0.73021,0.73021,0.72532,0.71505,0.71017,0.71505,0.71505,0.71017,0.70528,0.71017,0.71505,0.71994,0.73021,0.77517,0.97019,1.2155,1.2605,1.0503,0.89541,0.87048,0.86022,0.79032,0.72532,0.71017,0.70528,0.69013,0.67498,0.67498,0.68524,0.70039,0.70528,0.70039,0.70528,0.71017,0.71017,0.71017,0.71505,0.73509,0.74536,0.75513,0.7654,0.75513,0.75513,0.76002,0.75513,0.75513,0.73998,0.73021,0.73021,0.73509,0.73021,0.71994,0.71505,0.71017,0.70528,0.71994,0.71505,0.70528,0.70528,0.70528,0.71017,0.73021,0.73998,0.74536,0.73998,0.73998,0.74536,0.75513,0.77517,0.78543,0.77517,0.77517,0.78006,0.79521,0.79521,0.77517,0.76002,0.74536,0.73021,0.70528,0.69501,0.69501,0.68035,0.67009,0.67009,0.68035,0.69013,0.69501,0.68035,0.67498,0.67498,0.67009,0.65005,0.64516,0.65005,0.66031,0.67009,0.67498,0.67498,0.68524,0.70039,0.71994,0.85044,1.1554,1.3407,1.2053,0.98045,0.88025,0.8651,0.81525,0.73509,0.69501,0.68035,0.68035,0.68524,0.69013,0.69013,0.69501,0.70039,0.69501,0.70528,0.71505,0.71994,0.73509,0.73998,0.75513,0.77517,0.78543,0.79032,0.78006,0.78006,0.78543,0.79521,0.78543,0.76002,0.74536,0.74536,0.74536,0.74536,0.73998,0.73021,0.73021,0.73021,0.72532,0.73021,0.73021,0.73021,0.73509,0.73998,0.73021,0.73021,0.76002,0.79521,0.8001,0.78543,0.8001,0.82502,0.8304,0.84506,0.85044,0.84506,0.8304,0.80499,0.79032,0.77517,0.77517,0.77517,0.77517,0.76002,0.74536,0.73998,0.73509,0.73021,0.73021,0.73021,0.73021,0.73509,0.73509,0.73509,0.73998,0.74536,0.73509,0.73021,0.73509,0.74536,0.75513,0.77028,0.82014,1.0254,1.2805,1.3255,1.1153,0.97556,0.94526,0.91007,0.83529,0.77028,0.74536,0.73509,0.73021,0.73021,0.71994,0.71994,0.73021,0.73509,0.74536,0.75024,0.75513,0.75513,0.7654,0.78006,0.79521,0.80499,0.81036,0.81036,0.81525,0.81036,0.81036,0.80499,0.79521,0.78543,0.78006,0.77028,0.76002,0.75513,0.75513,0.75513,0.74536,0.73998,0.73509,0.73998,0.73998,0.73509,0.73998,0.73998,0.75024,0.76002,0.7654,0.7654,0.78006,0.79521,0.8001,0.8001,0.80499,0.8001,0.79032,0.78543,0.77517,0.76002,0.74536,0.74536,0.74536,0.74536,0.74536,0.73509,0.73021,0.71994,0.71505,0.71505,0.71017,0.70039,0.69501,0.69501,0.69501,0.70039,0.70039,0.69501,0.69501,0.69501,0.71017,0.71994,0.71994,0.77028,0.9956,1.2356,1.2654,1.0205,0.90029,0.87537,0.84506,0.77517,0.71505,0.69013,0.68524,0.68035,0.69013,0.69013,0.68524,0.68035,0.68035,0.69013,0.70039,0.71505,0.71994,0.71994,0.73021,0.74536,0.76002,0.77028,0.77517,0.77517,0.7654,0.76002,0.7654,0.75024,0.73509,0.71994,0.71994,0.71505,0.70528,0.71017,0.73509,0.75024,0.73509,0.71994,0.71505,0.71505,0.71017,0.69501,0.69501,0.69501,0.69501,0.70039,0.70039,0.71017,0.70528,0.70039,0.70039,0.70039,0.69501,0.69013,0.69013,0.68524,0.68035,0.67498,0.67498,0.67009,0.66031,0.65494,0.65494,0.65005,0.64516,0.81525,1.1305,1.3055,1.1857,0.9956,0.91007,0.87537,0.80499,0.71994,0.67009,0.65005,0.64516,0.64516,0.64516,0.64516,0.65005,0.65005,0.65494,0.65494,0.66031,0.67009,0.69013,0.70039,0.71017,0.71994,0.71994,0.73021,0.71994,0.71505,0.71505,0.71017,0.71017,0.70528,0.70528,0.70528,0.70528,0.70528,0.70039,0.70039,0.70039,0.70039,0.69501,0.69013,0.69501,0.70039,0.71017,0.71505,0.71994,0.73509,0.73998,0.74536,0.74536,0.74536,0.74536,0.73998,0.73998,0.73998,0.73509,0.73509,0.73509,0.73998,0.73998,0.73509,0.73021,0.73021,0.73998,0.74536,0.75513,0.7654,0.77028,0.7654,0.76002,0.76002,0.75513,0.73509,0.71994,0.71994,0.72532,0.71994,0.70528,0.70039,0.70039,0.70039,0.70528,0.70528,0.71017,0.71505,0.71505,0.71017,0.71017,0.71505,0.71994,0.71994,0.71994,0.73021,0.74536,0.75513,0.84018,1.0855,1.2957,1.3006,1.0406,0.92033,0.90029,0.86022,0.78543,0.73509,0.71505,0.71017,0.70039,0.70039,0.71017,0.71017,0.71017,0.71505,0.71994,0.71994,0.73021,0.73021,0.73509,0.74536,0.76002,0.77517,0.79032,0.79521,0.79521,0.79521,0.8001,0.79032,0.78006,0.77028,0.7654,0.76002,0.76002,0.76002,0.76002,0.76002,0.75513,0.74536,0.73998,0.73509,0.73509,0.73509,0.73998,0.74536,0.75513,0.76002,0.77517,0.78006,0.78543,0.79521,0.79521,0.80499,0.81525,0.82014,0.8001,0.79521,0.78543,0.77517,0.75513,0.73509,0.73021,0.73021,0.73021,0.71505,0.70528,0.69501,0.69501,0.70528,0.71017,0.69013,0.69013,0.69013,0.68524,0.68524,0.69013,0.69501,0.69501,0.70039,0.70528,0.71505,0.72532,0.73509,0.85533,1.1256,1.2708,1.1505,0.97556,0.90518,0.89052,0.83529,0.76002,0.71994,0.70528,0.69501,0.69501,0.70039,0.70039,0.69501,0.70039,0.71017,0.71505,0.72532,0.73509,0.74536,0.75513,0.76002,0.77517,0.79521,0.80499,0.80499,0.79032,0.78543,0.78543,0.78006,0.7654,0.75513,0.76002,0.7654,0.75024,0.73021,0.71994,0.71505,0.71505,0.71017,0.70528,0.71017,0.71994,0.73021,0.73509,0.73509,0.73998,0.73021,0.73021,0.73509,0.75024,0.76002,0.77028,0.78006,0.78543,0.79032,0.78543,0.76002,0.73509,0.72532,0.71505,0.71017,0.71017,0.71505,0.71017,0.70528,0.71017,0.70039,0.68035,0.68035,0.70039,0.71017,0.69013,0.69501,0.71017,0.70528,0.70039,0.71017,0.71505,0.71505,0.71505,0.71505,0.71994,0.76002,0.95015,1.2454,1.3358,1.1657,0.98045,0.91007,0.89541,0.81525,0.73509,0.71017,0.70528,0.70039,0.70528,0.71017,0.71017,0.70039,0.69501,0.69501,0.71017,0.71994,0.73021,0.74536,0.75513,0.75513,0.7654,0.79032,0.8001,0.80499,0.79521,0.79521,0.79521,0.77517,0.75513,0.75513,0.75513,0.76002,0.75513,0.73998,0.73509,0.73998,0.74536,0.73021,0.71994,0.71994,0.72532,0.72532,0.73021,0.73509,0.75024,0.76002,0.77517,0.79521,0.8001,0.80499,0.82014,0.8304,0.82502,0.82502,0.81525,0.8001,0.78006,0.7654,0.75513,0.76002,0.75513,0.73998,0.73021,0.73021,0.71994,0.70528,0.69501,0.69501,0.70039,0.71017,0.71017,0.71505,0.71505,0.71505,0.71505,0.71505,0.72532,0.73021,0.73021,0.73509,0.77517,0.99022,1.2757,1.3407,1.1457,0.97019,0.91544,0.89052,0.81036,0.73998,0.71017,0.70039,0.70039,0.70039,0.70039,0.69501,0.69501,0.70039,0.71017,0.71994,0.73021,0.73021,0.73509,0.75024,0.77028,0.78006,0.79521,0.8001,0.8001,0.80499,0.8001,0.8001,0.79521,0.78543,0.77517,0.7654,0.7654,0.76002,0.75513,0.74536,0.74536,0.73998,0.73998,0.73998,0.73998,0.73998,0.73998,0.74536,0.75513,0.7654,0.78006,0.79521,0.80499,0.81525,0.83529,0.84018,0.8304,0.82014,0.8001,0.77517,0.76002,0.75513,0.75513,0.75513,0.74536,0.73021,0.71994,0.71994,0.71994,0.71994,0.71017,0.70528,0.70528,0.71505,0.71994,0.71994,0.71994,0.71994,0.72532,0.73021,0.71994,0.73021,0.74536,0.77517,0.94526,1.2204,1.3104,1.1505,0.98534,0.93011,0.91007,0.84506,0.77517,0.73998,0.72532,0.71505,0.71017,0.71017,0.71505,0.71505,0.71017,0.71017,0.71505,0.73021,0.74536,0.76002,0.77517,0.77517,0.78543,0.8001,0.80499,0.81036,0.8001,0.79521,0.79521,0.78543,0.78006,0.77517,0.77517,0.77517,0.76002,0.75024,0.74536,0.74536,0.73998,0.73509,0.73509,0.73509,0.73998,0.73998,0.74536,0.75024,0.75513,0.7654,0.77517,0.78543,0.79521,0.79521,0.80499,0.81036,0.81525,0.80499,0.79521,0.78006,0.76002,0.73998,0.72532,0.71994,0.71994,0.72532,0.71994,0.71505,0.71505,0.71505,0.71017,0.70528,0.71017,0.71505,0.71505,0.71505,0.71505,0.71994,0.72532,0.72532,0.72532,0.72532,0.73509,0.75513,0.76002,0.86022,1.1153,1.2708,1.1603,0.99022,0.92033,0.91007,0.86022,0.79521,0.73998,0.71994,0.71505,0.71505,0.71505,0.71505,0.71505,0.71994,0.71994,0.73021,0.73509,0.74536,0.75024,0.75513,0.75513,0.7654,0.78543,0.8001,0.81036,0.8001,0.79032,0.78543,0.78006,0.77517,0.77028,0.76002,0.74536,0.74536,0.74536,0.74536,0.73509,0.71994,0.71505,0.71017,0.71505,0.71505,0.71505,0.71994,0.72532,0.73021,0.73509,0.73509,0.73509,0.75024,0.7654,0.7654,0.77028,0.78006,0.77028,0.76002,0.75513,0.73998,0.71505,0.70039,0.69501,0.70528,0.71505,0.70039,0.68524,0.68035,0.68035,0.68524,0.68035,0.67498,0.67498,0.67498,0.67498,0.67498,0.68035,0.68035,0.68035,0.68035,0.68524,0.69013,0.69013,0.68035,0.73021,0.97019,1.2556,1.3055,1.0606,0.90029,0.87048,0.85044,0.78006,0.71994,0.69013,0.67498,0.67498,0.67498,0.67498,0.68035,0.67009,0.67009,0.69501,0.71505,0.71994,0.72532,0.72532,0.73509,0.75024,0.77028,0.78543,0.79032,0.79032,0.79521,0.79521,0.78006,0.7654,0.75513,0.75024,0.75024,0.75024,0.74536,0.73509,0.73509,0.73509,0.73998,0.75024,0.75513,0.76002,0.76002,0.75024,0.74536,0.74536,0.75024,0.75513,0.74536,0.74536,0.74536,0.75024,0.75513,0.75024,0.74536,0.73998,0.73998,0.73509,0.73021,0.71994,0.71017,0.70039,0.70528,0.71017,0.70039,0.70528,0.71017,0.71017,0.71505,0.84506,1.1354,1.3055,1.1955,1.0103,0.94526,0.91544,0.85044,0.7654,0.71505,0.70039,0.69013,0.68035,0.68035,0.68524,0.68035,0.68035,0.69013,0.69501,0.70039,0.71017,0.71994,0.73509,0.75024,0.76002,0.7654,0.7654,0.76002,0.76002,0.76002,0.75513,0.73998,0.73998,0.73998,0.73998,0.73998,0.73509,0.73021,0.71994,0.71994,0.71994,0.71994,0.73021,0.73509,0.72532,0.71994,0.73021,0.73998,0.74536,0.75513,0.75513,0.75513,0.76002,0.75513,0.75024,0.74536,0.73998,0.73998,0.74536,0.74536,0.73509,0.73509,0.73998,0.74536,0.75024,0.75024,0.76002,0.7654,0.76002,0.76002,0.76002,0.75513,0.73509,0.71994,0.71994,0.72532,0.73509,0.71994,0.70039,0.69501,0.70039,0.71017,0.71994,0.71994,0.71017,0.71017,0.71017,0.71505,0.71994,0.71994,0.71994,0.71994,0.73509,0.75024,0.75513,0.83529,1.0806,1.2957,1.3006,1.0503,0.93548,0.91007,0.86022,0.79032,0.73509,0.71994,0.71994,0.71505,0.71505,0.71505,0.71505,0.71505,0.71505,0.71994,0.72532,0.73021,0.73998,0.75513,0.76002,0.77517,0.79032,0.8001,0.81036,0.80499,0.80499,0.80499,0.79521,0.79032,0.78543,0.78006,0.77517,0.77517,0.7654,0.76002,0.75024,0.74536,0.70039,0.71017,0.71505,0.71505,0.71505,0.71994,0.71505,0.73509,0.92033,1.2253,1.3157,1.1256,0.92522,0.84506,0.84018,0.79032,0.73021,0.70039,0.69501,0.69501,0.70039,0.70528,0.71017,0.71017,0.71505,0.71505,0.71505,0.72532,0.73021,0.73998,0.74536,0.75513,0.77517,0.78543,0.79521,0.8001,0.8001,0.79521,0.79521,0.78543,0.78543,0.78006,0.77517,0.77517,0.77028,0.7654,0.7654,0.7654,0.76002,0.75513,0.74536,0.74536,0.74536,0.74536,0.75513,0.77028,0.78006,0.78543,0.79521,0.79521,0.80499,0.81525,0.83529,0.84506,0.84506,0.84506,0.85044,0.84018,0.8304,0.82014,0.8001,0.78006,0.77517,0.7654,0.7654,0.7654,0.75513,0.73509,0.73509,0.73509,0.73998,0.73509,0.73509,0.73509,0.73509,0.73021,0.73021,0.73509,0.73509,0.73998,0.73998,0.75024,0.7654,0.77517,0.79032,0.93548,1.2107,1.3157,1.1755,1.0054,0.95552,0.93548,0.8651,0.79032,0.75513,0.74536,0.73998,0.73998,0.73998,0.73998,0.73998,0.73998,0.75024,0.75513,0.76002,0.77028,0.78543,0.79521,0.8001,0.81036,0.82014,0.82502,0.83529,0.84018,0.8304,0.82502,0.81525,0.80499,0.8001,0.8001,0.79521,0.78543,0.78006,0.77517,0.7654,0.76002,0.75513,0.74536,0.74536,0.75513,0.7654,0.77517,0.78006,0.78543,0.78543,0.78543,0.80499,0.82014,0.8304,0.84506,0.85044,0.84018,0.83529,0.83529,0.82014,0.8001,0.78543,0.77028,0.77028,0.77517,0.7654,0.75024,0.74536,0.74536,0.73998,0.73998,0.73998,0.73509,0.73509,0.73998,0.74536,0.73998,0.73998,0.74536,0.75024,0.76002,0.77028,0.79032,0.79521,0.85044,1.0655,1.2908,1.3104,1.0806,0.97019,0.96041,0.93011,0.85044,0.78543,0.76002,0.74536,0.74536,0.74536,0.74536,0.74536,0.75513,0.75513,0.76002,0.77028,0.78006,0.78543,0.79032,0.8001,0.81525,0.82502,0.8304,0.83529,0.84018,0.82014,0.80499,0.79032,0.77517,0.7654,0.77517,0.78006,0.78543,0.77028,0.76002,0.74536,0.74536,0.75513,0.75513,0.74536,0.74536,0.75024,0.76002,0.77028,0.78006,0.78543,0.77517,0.77517,0.78543,0.79032,0.79032,0.78543,0.78006,0.78006,0.78006,0.77517,0.76002,0.74536,0.73509,0.77028,0.96041,1.2155,1.2757,1.1403,1.0552,1.0254,0.95015,0.84018,0.76002,0.73021,0.71505,0.70528,0.69501,0.69501,0.70039,0.70039,0.69501,0.70528,0.71994,0.72532,0.73021,0.73509,0.73998,0.73998,0.74536,0.76002,0.76002,0.75024,0.74536,0.74536,0.74536,0.74536,0.75024,0.75513,0.74536,0.74536,0.74536,0.74536,0.73509,0.72532,0.72532,0.73021,0.73509,0.73998,0.74536,0.75024,0.75513,0.76002,0.75513,0.76002,0.75513,0.75024,0.74536,0.73998,0.73998,0.74536,0.73509,0.73021,0.72532,0.72532,0.73021,0.73021,0.73021,0.71994,0.70528,0.70039,0.71017,0.71017,0.71505,0.71505,0.71017,0.71505,0.71994,0.73021,0.72532,0.73509,0.73998,0.74536,0.74536,0.75024,0.74536,0.73021,0.71994,0.71505,0.71505,0.71994,0.71994,0.70528,0.69013,0.69013,0.69501,0.69501,0.69013,0.69501,0.69501,0.70039,0.70039,0.70039,0.70528,0.71017,0.70039,0.70039,0.71505,0.73021,0.83529,1.1105,1.3255,1.3304,1.0205,0.88025,0.85533,0.8304,0.76002,0.71017,0.69013,0.68524,0.68035,0.67498,0.68035,0.68524,0.69013,0.69013,0.69013,0.69501,0.70528,0.71017,0.71505,0.71994,0.73021,0.73998,0.75513,0.7654,0.77517,0.78006,0.77517,0.77028,0.7654,0.76002,0.75024,0.74536,0.73998,0.73998,0.73998,0.73509,0.73021,0.72532,0.71994,0.71505,0.70528,0.70039,0.71017,0.71505,0.71994,0.73021,0.73998,0.74536,0.75513,0.7654,0.77517,0.79032,0.79521,0.8001,0.81525,0.82014,0.80499,0.8001,0.78543,0.7654,0.75513,0.73998,0.73021,0.72532,0.71994,0.71017,0.69501,0.69501,0.70039,0.70039,0.69501,0.69501,0.69013,0.68524,0.69013,0.69013,0.69013,0.69013,0.70039,0.69501,0.69013,0.71017,0.73509,0.76002,0.91007,1.1804,1.2757,1.1305,0.9653,0.90029,0.88025,0.81525,0.73998,0.70039,0.69013,0.68035,0.68035,0.68035,0.68035,0.68035,0.68035,0.69013,0.70528,0.71017,0.71505,0.71505,0.71994,0.73509,0.74536,0.75513,0.77517,0.78006,0.77517,0.78006,0.78006,0.77028,0.75513,0.75024,0.73998,0.73509,0.72532,0.71017,0.70039,0.69501,0.69013,0.69013,0.69501,0.69501,0.70039,0.71017,0.70528,0.70528,0.71017,0.71505,0.73021,0.73509,0.73998,0.74536,0.75513,0.77517,0.77517,0.76002,0.75513,0.73998,0.73021,0.71017,0.70039,0.70039,0.70528,0.71017,0.69501,0.68035,0.68035,0.68035,0.69013,0.69013,0.69013,0.69501,0.70039,0.69501,0.69501,0.69501,0.69501,0.69501,0.70039,0.70039,0.71505,0.73021,0.75024,0.88514,1.1354,1.2454,1.1056,0.94037,0.89541,0.88025,0.81525,0.73998,0.71017,0.69501,0.68524,0.68035,0.68524,0.69013,0.69013,0.69501,0.70039,0.70039,0.70039,0.71017,0.71994,0.73021,0.73509,0.75024,0.7654,0.78006,0.78543,0.79032,0.78543,0.78006,0.77517,0.77028,0.76002,0.75024,0.73998,0.73509,0.73021,0.71994,0.71017,0.70039,0.70039,0.70039,0.70528,0.70039,0.70528,0.71017,0.71505,0.71017,0.72532,0.73998,0.74536,0.75513,0.76002,0.77028,0.78543,0.79521,0.78006,0.77517,0.7654,0.75024,0.73509,0.71505,0.71505,0.71994,0.72532,0.70528,0.68035,0.68035,0.69013,0.69501,0.69013,0.68524,0.68035,0.67498,0.68524,0.69013,0.69013,0.68524,0.69013,0.69501,0.69501,0.70039,0.71505,0.72532,0.81036,1.0753,1.3157,1.3255,1.0254,0.88025,0.85533,0.8304,0.76002,0.71505,0.70039,0.68035,0.68035,0.68035,0.68035,0.67498,0.67498,0.69013,0.70039,0.71017,0.71994,0.73021,0.74536,0.76002,0.77028,0.78006,0.79032,0.80499,0.82014,0.82014,0.81036,0.8001,0.79032,0.78543,0.77517,0.7654,0.76002,0.75513,0.73998,0.73509,0.73509,0.73021,0.71994,0.71505,0.71505,0.71505,0.71994,0.71994,0.72532,0.73509,0.76002,0.78006,0.79032,0.8001,0.81036,0.82014,0.82502,0.82502,0.81036,0.79521,0.78006,0.76002,0.74536,0.74536,0.75024,0.73998,0.73021,0.71994,0.71994,0.71994,0.73021,0.71505,0.70039,0.70039,0.70039,0.70039,0.70039,0.71017,0.71017,0.71017,0.71505,0.73021,0.73998,0.73998,0.79032,1.0103,1.2708,1.3157,1.0904,0.95015,0.92033,0.89541,0.82014,0.75513,0.73509,0.71994,0.71505,0.71505,0.71505,0.73021,0.73021,0.73021,0.73509,0.73998,0.73998,0.75513,0.77517,0.78543,0.79521,0.81036,0.82502,0.8304,0.8304,0.84018,0.84018,0.82502,0.81036,0.80499,0.79521,0.79032,0.78543,0.78006,0.76002,0.74536,0.76002,0.79032,0.80499,0.80499,0.79521,0.78006,0.77028,0.7654,0.77028,0.77517,0.77028,0.77028,0.77517,0.77517,0.78006,0.78543,0.78006,0.77517,0.77517,0.77517,0.76002,0.74536,0.74536,0.74536,0.73998,0.74536,0.73998,0.73998,0.75513,0.77517,0.78543,0.89052,1.1603,1.3407,1.2307,1.0503,0.98045,0.96041,0.89052,0.8001,0.75513,0.74536,0.73509,0.73021,0.73021,0.73509,0.73509,0.73509,0.73021,0.73021,0.73509,0.73998,0.75513,0.7654,0.78006,0.79032,0.79521,0.8001,0.80499,0.81036,0.81525,0.81036,0.79032,0.77517,0.7654,0.7654,0.77028,0.76002,0.74536,0.73509,0.73021,0.73509,0.74536,0.75024,0.74536,0.74536,0.75513,0.76002,0.7654,0.77028,0.77517,0.77517,0.77517,0.78006,0.78543,0.78543,0.77517,0.76002,0.75513,0.76002,0.77028,0.77517,0.7654,0.7654,0.7654,0.77517,0.79521,0.79521,0.80499,0.81036,0.81525,0.8001,0.79521,0.78006,0.7654,0.74536,0.73998,0.73998,0.74536,0.73998,0.73509,0.73509,0.73998,0.73021,0.73021,0.73021,0.73021,0.71994,0.72532,0.73021,0.72532,0.72532,0.73021,0.73998,0.73998,0.74536,0.75024,0.82014,1.0455,1.2757,1.3006,1.0503,0.92033,0.91007,0.89052,0.82014,0.76002,0.73998,0.73021,0.73021,0.73021,0.71994,0.71994,0.72532,0.73509,0.73998,0.75024,0.75513,0.75513,0.76002,0.77517,0.79521,0.81525,0.82014,0.82502,0.82502,0.82502,0.82502,0.82014,0.82014,0.81525,0.81036,0.80499,0.79521,0.78543,0.77517,0.7654,0.76002,0.75513,0.75513,0.75024,0.73998,0.73998,0.74536,0.75513,0.75513,0.75513,0.76002,0.77517,0.78006,0.78543,0.8001,0.81525,0.82014,0.8304,0.84018,0.82502,0.81036,0.8001,0.79521,0.78006,0.76002,0.74536,0.74536,0.73998,0.73509,0.73021,0.71994,0.71017,0.70039,0.70039,0.69501,0.69501,0.69501,0.70039,0.71017,0.71994,0.71994,0.71505,0.71017,0.71017,0.71017,0.71505,0.71505,0.78543,1.0303,1.2957,1.3304,1.0806,0.93011,0.90029,0.87537,0.8001,0.73509,0.71505,0.71017,0.71505,0.71505,0.71505,0.71505,0.71994,0.73021,0.73021,0.73021,0.73021,0.73509,0.74536,0.76002,0.77517,0.79032,0.80499,0.81036,0.82014,0.82014,0.81525,0.80499,0.79521,0.78006,0.77517,0.7654,0.76002,0.76002,0.75513,0.74536,0.73509,0.73509,0.73509,0.73021,0.72532,0.72532,0.72532,0.73021,0.73021,0.73998,0.76002,0.78006,0.78543,0.79032,0.8001,0.81036,0.82014,0.81036,0.81036,0.82014,0.84018,0.85533,0.84018,0.8304,0.85533,0.92033,1.0152,1.1505,1.2805,1.3705,1.3807,1.2908,1.2204,1.1755,1.1007,1.0005,0.89052,0.7654,0.65494,0.58993,0.56989,0.565,0.56012,0.55523,0.56012,0.565,0.57527,0.58016,0.58504,0.58993,0.59531,0.6002,0.6002,0.60508,0.60997,0.62023,0.63001,0.6349,0.64516,0.66031,0.67498,0.69501,0.71505,0.73021,0.73998,0.74536,0.74536,0.74536,0.73998,0.73021,0.71017,0.70039,0.70039,0.70039,0.71017,0.71505,0.71017,0.70528,0.70039,0.70039,0.69013,0.68035,0.68035,0.68035,0.68035,0.68035,0.68035,0.68524,0.69013,0.68035,0.67498,0.67498,0.68035,0.68524,0.69013,0.69013,0.69501,0.69501,0.70039,0.71505,0.73021,0.77028,0.92522,1.1906,1.3104,1.1755,1.0152,0.95015,0.92522,0.85044,0.75513,0.71017,0.69501,0.69013,0.68524,0.68524,0.68035,0.68035,0.67498,0.67498,0.68035,0.69013,0.70039,0.71017,0.71505,0.71994,0.72532,0.73021,0.73998,0.73998,0.73021,0.71994,0.71994,0.71505,0.71505,0.71505,0.71994,0.73021,0.73509,0.72532,0.71505,0.71017,0.70528,0.70039,0.71017,0.71505,0.73021,0.73998,0.74536,0.75513,0.76002,0.7654,0.77517,0.78006,0.77517,0.76002,0.75024,0.74536,0.74536,0.74536,0.74536,0.73998,0.73021,0.71994,0.71994,0.71994,0.71994,0.71994,0.71994,0.72532,0.71505,0.71505,0.71505,0.71017,0.71505,0.71505,0.71505,0.71994,0.71994,0.71505,0.71505,0.71994,0.73021,0.73509,0.73998,0.75513,0.76002,0.76002,0.75513,0.75024,0.73998,0.71994,0.71505,0.71994,0.73021,0.73509,0.71994,0.71017,0.71505,0.71994,0.71994,0.71505,0.71505,0.71505,0.70039,0.70039,0.70039,0.70039,0.70528,0.71017,0.71994,0.73509,0.75513,0.88514,1.1505,1.3104,1.2004,1.0005,0.90518,0.88514,0.83529,0.75513,0.70528,0.69501,0.68035,0.67498,0.68035,0.69013,0.68524,0.68035,0.68035,0.68524,0.70039,0.71505,0.71505,0.71994,0.73509,0.73998,0.75024,0.7654,0.77517,0.78543,0.79521,0.79521,0.78006,0.77517,0.7654,0.75513,0.75513,0.75513,0.73998,0.73021,0.72532,0.72532,0.72532,0.72532,0.71994,0.71505,0.71017,0.71017,0.71994,0.72532,0.73021,0.75513,0.77028,0.76002,0.74536,0.75024,0.76002,0.78006,0.78543,0.79521,0.79521,0.8001,0.8001,0.8001,0.79521,0.78006,0.76002,0.75024,0.73021,0.71017,0.70039,0.71017,0.71505,0.70039,0.69013,0.69013,0.69013,0.69501,0.69501,0.69501,0.69013,0.69013,0.69013,0.69013,0.69013,0.68524,0.69501,0.70039,0.71017,0.71505,0.75024,0.92522,1.2307,1.3456,1.1657,0.95552,0.88025,0.8651,0.81036,0.74536,0.71017,0.69501,0.69013,0.69013,0.69501,0.70039,0.70039,0.71017,0.71505,0.71505,0.72532,0.73509,0.73998,0.74536,0.75513,0.77517,0.79521,0.81036,0.82014,0.81525,0.81525,0.81036,0.81036,0.80499,0.79521,0.78006,0.77517,0.75513,0.73998,0.73509,0.73509,0.73021,0.72532,0.71994,0.71505,0.71994,0.71994,0.71505,0.71994,0.73021,0.73998,0.74536,0.76002,0.77517,0.78543,0.79521,0.81036,0.82014,0.82014,0.82014,0.80499,0.78006,0.7654,0.75024,0.74536,0.74536,0.73998,0.73021,0.72532,0.73021,0.72532,0.71505,0.71505,0.71505,0.71505,0.71017,0.70528,0.70528,0.71017,0.71505,0.72532,0.72532,0.71994,0.73021,0.75024,0.79032,0.97019,1.2454,1.3255,1.1505,0.98045,0.93011,0.91007,0.83529,0.76002,0.72532,0.71505,0.70039,0.70039,0.71505,0.71505,0.70528,0.70528,0.71505,0.73021,0.73509,0.73998,0.74536,0.75513,0.7654,0.78543,0.8001,0.81525,0.82014,0.82014,0.82014,0.82014,0.81525,0.81036,0.80499,0.79521,0.78006,0.77517,0.7654,0.75513,0.73998,0.73998,0.73998,0.73998,0.73998,0.73998,0.74536,0.74536,0.74536,0.75024,0.75513,0.7654,0.78006,0.79032,0.80499,0.81036,0.82014,0.82014,0.82014,0.80499,0.79032,0.78006,0.76002,0.74536,0.74536,0.75513,0.76002,0.74536,0.73021,0.73021,0.73021,0.73021,0.73021,0.71994,0.71994,0.71994,0.73021,0.71994,0.71994,0.71994,0.71994,0.72532,0.73509,0.75513,0.77517,0.81525,0.9956,1.2405,1.2908,1.0953,0.95552,0.93011,0.91007,0.84506,0.78543,0.75513,0.74536,0.74536,0.74536,0.73998,0.73509,0.73998,0.74536,0.75024,0.76002,0.77517,0.78006,0.79521,0.80499,0.81525,0.82014,0.8304,0.84018,0.84506,0.84506,0.84018,0.83529,0.82502,0.81036,0.80499,0.80499,0.79521,0.79032,0.78006,0.77028,0.7654,0.75513,0.74536,0.73998,0.73998,0.73998,0.75024,0.75513,0.76002,0.75513,0.77517,0.78543,0.79032,0.79521,0.80499,0.81525,0.82014,0.81036,0.80499,0.8001,0.8001,0.78543,0.76002,0.74536,0.74536,0.75024,0.73998,0.73509,0.73021,0.71994,0.71505,0.71505,0.71994,0.73021,0.72532,0.71505,0.71505,0.71505,0.71994,0.72532,0.73998,0.73998,0.73021,0.73021,0.73998,0.78006,0.9653,1.2556,1.3456,1.1657,0.9653,0.90029,0.90518,0.85044,0.77028,0.73021,0.71505,0.71017,0.70528,0.69501,0.69501,0.71017,0.73021,0.73509,0.73998,0.74536,0.75513,0.75513,0.76002,0.77517,0.79521,0.81036,0.81525,0.82502,0.8304,0.83529,0.82502,0.81525,0.80499,0.79032,0.78006,0.7654,0.7654,0.7654,0.75513,0.73998,0.73021,0.71994,0.71994,0.71994,0.73021,0.73509,0.73998,0.73998,0.74536,0.75024,0.76002,0.78543,0.8001,0.82502,0.84018,0.84506,0.84506,0.84018,0.82502,0.80499,0.79521,0.78006,0.77028,0.7654,0.7654,0.75513,0.74536,0.73998,0.73509,0.73998,0.73998,0.73509,0.73509,0.73509,0.73021,0.72532,0.73021,0.73509,0.73998,0.73998,0.73998,0.73998,0.74536,0.76002,0.8651,1.1305,1.3358,1.2654,1.0503,0.93011,0.91544,0.87537,0.8001,0.75024,0.73021,0.71994,0.71505,0.71017,0.71505,0.71994,0.73021,0.73509,0.73021,0.73021,0.73998,0.75513,0.76002,0.77028,0.79032,0.80499,0.81036,0.82014,0.82014,0.82502,0.82014,0.81525,0.80499,0.79032,0.78006,0.77517,0.76002,0.75513,0.76002,0.78006,0.79032,0.78543,0.77517,0.76002,0.74536,0.74536,0.74536,0.73998,0.73998,0.74536,0.75024,0.75513,0.76002,0.7654,0.77028,0.77517,0.76002,0.75513,0.74536,0.75024,0.76002,0.78543,0.81525,0.82014,0.8001,0.81525,0.85044,0.90029,0.99022,1.1305,1.3304,1.4506,1.3157,1.0704,0.91544,0.82014,0.73509,0.68524,0.6652,0.66031,0.65494,0.65494,0.65494,0.6652,0.67498,0.68035,0.69013,0.70039,0.71505,0.73021,0.74536,0.75513,0.76002,0.77517,0.78006,0.77517,0.7654,0.75513,0.74536,0.73509,0.72532,0.71994,0.72532,0.72532,0.72532,0.71994,0.71505,0.71505,0.71017,0.70039,0.69501,0.69501,0.70528,0.71017,0.70039,0.69501,0.70528,0.71017,0.71505,0.71505,0.73021,0.73021,0.72532,0.71994,0.71994,0.71505,0.71505,0.71994,0.71505,0.71017,0.71017,0.71505,0.71994,0.73021,0.73509,0.73998,0.73998,0.75024,0.75513,0.75513,0.75513,0.75024,0.73998,0.71994,0.70528,0.70039,0.71017,0.71505,0.69013,0.69013,0.69501,0.69013,0.68524,0.69013,0.69501,0.69501,0.69013,0.69013,0.70039,0.71017,0.71505,0.71505,0.72532,0.73998,0.74536,0.77517,0.94526,1.1804,1.2454,1.0753,0.92033,0.88514,0.87048,0.81036,0.74536,0.71017,0.69501,0.69013,0.69013,0.69501,0.68035,0.68035,0.68524,0.69501,0.70039,0.70528,0.71017,0.71505,0.73021,0.73998,0.74536,0.76002,0.77028,0.78006,0.78543,0.79032,0.78006,0.77028,0.7654,0.76002,0.75513,0.75513,0.75024,0.73998,0.73509,0.73021,0.71505,0.71505,0.71505,0.71017,0.71017,0.71017,0.71505,0.71994,0.73021,0.73021,0.74536,0.75513,0.7654,0.77028,0.77028,0.78006,0.79032,0.79521,0.8001,0.8001,0.78006,0.76002,0.75513,0.73021,0.71017,0.71017,0.71505,0.71017,0.69501,0.68524,0.68524,0.69013,0.69013,0.68035,0.67498,0.67498,0.68035,0.67009,0.67009,0.68035,0.68524,0.69013,0.69013,0.69013,0.68524,0.69013,0.74536,0.9653,1.2556,1.3206,1.0806,0.90518,0.85533,0.83529,0.77517,0.71505,0.68035,0.67498,0.67498,0.67009,0.67009,0.67009,0.67498,0.68035,0.67498,0.69013,0.70039,0.70528,0.71505,0.72532,0.73509,0.75024,0.75513,0.76002,0.77517,0.78006,0.79032,0.78006,0.7654,0.7654,0.76002,0.75513,0.73998,0.73509,0.73509,0.73021,0.71994,0.71017,0.70528,0.70039,0.70039,0.70528,0.71505,0.71505,0.71994,0.73509,0.74536,0.76002,0.78006,0.78543,0.79032,0.80499,0.81036,0.80499,0.80499,0.79521,0.78006,0.75513,0.73998,0.73998,0.73998,0.73509,0.71994,0.71017,0.70528,0.70528,0.70039,0.70528,0.70528,0.70528,0.70528,0.71017,0.70528,0.70039,0.70039,0.70039,0.71017,0.71017,0.72532,0.73998,0.77028,0.93548,1.2053,1.3055,1.1505,0.97019,0.91544,0.90029,0.83529,0.76002,0.72532,0.71505,0.71017,0.71017,0.71017,0.71017,0.71017,0.71505,0.71505,0.71994,0.71994,0.73509,0.74536,0.75513,0.77517,0.78006,0.79521,0.81525,0.82014,0.82014,0.82014,0.81036,0.8001,0.79032,0.78006,0.78006,0.78006,0.77028,0.76002,0.76002,0.7654,0.7654,0.77028,0.78006,0.79521,0.84506,1.0455,1.2957,1.3456,1.1354,0.98534,0.96041,0.93548,0.8651,0.8001,0.77028,0.76002,0.75024,0.74536,0.75024,0.76002,0.77517,0.78006,0.78006,0.78006,0.78006,0.79032,0.79521,0.80499,0.82014,0.84018,0.84506,0.85044,0.85533,0.85533,0.85533,0.85533,0.85533,0.85044,0.84018,0.82502,0.82014,0.81525,0.81036,0.80499,0.79521,0.79521,0.79521,0.78543,0.78543,0.78543,0.79521,0.8001,0.80499,0.80499,0.80499,0.82502,0.85044,0.8651,0.87048,0.87048,0.87537,0.88025,0.87048,0.85533,0.84506,0.82502,0.80499,0.8001,0.8001,0.80499,0.8001,0.78543,0.78543,0.78006,0.77028,0.76002,0.76002,0.7654,0.77028,0.76002,0.76002,0.76002,0.7654,0.7654,0.77517,0.78006,0.8001,0.80499,0.80499,0.91007,1.1706,1.3255,1.2253,1.0455,0.96041,0.95015,0.90029,0.82502,0.78006,0.7654,0.76002,0.75513,0.75513,0.75513,0.76002,0.7654,0.77517,0.78006,0.78006,0.78006,0.79521,0.8001,0.80499,0.81525,0.8304,0.83529,0.84506,0.85044,0.85533,0.85044,0.84018,0.82502,0.81036,0.8001,0.79521,0.79521,0.78543,0.78006,0.77517,0.7654,0.7654,0.77028,0.77028,0.77028,0.77517,0.77028,0.77517,0.78006,0.78006,0.78543,0.79521,0.8001,0.80499,0.81036,0.82014,0.82014,0.81036,0.8001,0.78543,0.77028,0.75513,0.73998,0.73998,0.74536,0.73998,0.71994,0.71505,0.71505,0.71994,0.71505,0.71505,0.71505,0.71994,0.71994,0.71505,0.71505,0.71994,0.72532,0.73021,0.73021,0.73021,0.73998,0.74536,0.78543,0.99022,1.2507,1.3006,1.0704,0.92522,0.89541,0.88025,0.81036,0.76002,0.73509,0.72532,0.71505,0.70528,0.70528,0.71017,0.71505,0.71994,0.73021,0.73509,0.73998,0.75024,0.76002,0.77028,0.78006,0.78543,0.8001,0.81036,0.80499,0.8001,0.80499,0.8001,0.79521,0.79032,0.78006,0.77028,0.75513,0.74536,0.74536,0.73509,0.73021,0.72532,0.71994,0.71505,0.71017,0.71017,0.71505,0.71994,0.73509,0.75513,0.7654,0.77028,0.77517,0.77028,0.78006,0.78543,0.77517,0.76002,0.75024,0.73998,0.73021,0.71994,0.71505,0.70528,0.70039,0.69501,0.69501,0.69501,0.68524,0.67498,0.67498,0.67009,0.67009,0.67009,0.6652,0.6652,0.66031,0.75513,1.0303,1.2805,1.2908,1.0205,0.89541,0.8651,0.82502,0.75024,0.70039,0.67498,0.67009,0.67009,0.67009,0.67009,0.67498,0.67498,0.67498,0.68035,0.68035,0.69501,0.70528,0.71505,0.73021,0.73998,0.75024,0.76002,0.76002,0.75024,0.74536,0.73998,0.73509,0.73509,0.73021,0.71994,0.71017,0.69501,0.69501,0.69501,0.69013,0.68035,0.67009,0.67009,0.68035,0.68035,0.68035,0.69013,0.69501,0.70039,0.70528,0.73021,0.76002,0.78006,0.79521,0.79521,0.78543,0.7654,0.75024,0.73509,0.71994,0.71017,0.70528,0.70039,0.69013,0.69013,0.69013,0.69501,0.69501,0.68524,0.68035,0.68035,0.68524,0.69013,0.69013,0.69013,0.68524,0.69013,0.70039,0.71994,0.85533,1.1403,1.2854,1.1554,0.9653,0.90029,0.88514,0.82014,0.73021,0.68524,0.67498,0.67009,0.67009,0.67009,0.67009,0.67009,0.67009,0.67498,0.68524,0.69013,0.69501,0.70039,0.71505,0.73021,0.73998,0.73998,0.74536,0.75513,0.76002,0.76002,0.75513,0.74536,0.73998,0.73509,0.71994,0.71017,0.70039,0.69501,0.69501,0.69013,0.68035,0.67009,0.67009,0.67009,0.67498,0.67498,0.68035,0.68524,0.69013,0.70039,0.70528,0.71017,0.71505,0.72532,0.73021,0.72532,0.71994,0.71994,0.71505,0.71017,0.70528,0.70039,0.71017,0.71994,0.71994,0.71994,0.73021,0.73509,0.73998,0.73509,0.71017,0.69501,0.68524,0.67498,0.67498,0.68035,0.68035,0.67498,0.67009,0.67009,0.67009,0.67009,0.67498,0.67009,0.6652,0.67009,0.67498,0.67009,0.67009,0.67498,0.67498,0.67498,0.69013,0.70528,0.7654,0.97556,1.2107,1.2507,1.0205,0.89541,0.87537,0.84506,0.77517,0.71017,0.67498,0.6652,0.66031,0.66031,0.65494,0.65494,0.66031,0.67009,0.67498,0.68035,0.69013,0.69013,0.69013,0.69501,0.71017,0.72532,0.73509,0.75024,0.75513,0.76002,0.7654,0.7654,0.76002,0.75513,0.75513,0.75024,0.74536,0.73021,0.71505,0.70039,0.70039,0.69501,0.69013,0.69013,0.69501,0.70039,0.70039,0.70528,0.71505,0.71994,0.71994,0.73021,0.73998,0.75024,0.76002,0.77028,0.78543,0.79032,0.78006,0.77028,0.7654,0.75513,0.73509,0.71017,0.70528,0.70528,0.71017,0.71017,0.70039,0.69013,0.69013,0.69013,0.69501,0.69501,0.69501,0.69501,0.69501,0.69013,0.69013,0.69013,0.70528,0.71994,0.71994,0.71994,0.71994,0.71994,0.79032,1.0205,1.2654,1.2957,1.0455,0.91007,0.89541,0.87048,0.8001,0.75513,0.73021,0.71994,0.71505,0.71505,0.71505,0.71017,0.71017,0.71994,0.73021,0.73509,0.73998,0.75024,0.76002,0.77517,0.79032,0.8001,0.80499,0.81036,0.81036,0.80499,0.8001,0.8001,0.8001,0.78543,0.77028,0.76002,0.75513,0.75513,0.74536,0.73509,0.73021,0.73021,0.71994,0.71505,0.71505,0.72532,0.73021,0.73021,0.73021,0.75024,0.76002,0.76002,0.77517,0.78543,0.79521,0.8001,0.81036,0.80499,0.8001,0.78543,0.77517,0.76002,0.73998,0.73509,0.73021,0.72532,0.71505,0.70528,0.70528,0.70528,0.70528,0.70039,0.70039,0.70528,0.71505,0.71505,0.71017,0.70528,0.71017,0.71505,0.71994,0.73021,0.73021,0.73509,0.75513,0.87537,1.1657,1.3558,1.2454,1.0303,0.92033,0.90518,0.86022,0.79032,0.73998,0.73021,0.72532,0.71994,0.71505,0.71505,0.71505,0.71994,0.73021,0.73021,0.73509,0.73998,0.74536,0.76002,0.78006,0.79521,0.8001,0.8001,0.81036,0.81525,0.82014,0.80499,0.8001,0.8001,0.79521,0.79032,0.78543,0.78543,0.77028,0.76002,0.75513,0.74536,0.73998,0.73998,0.73509,0.73998,0.75024,0.74536,0.74536,0.75513,0.7654,0.78006,0.79521,0.80499,0.82014,0.8304,0.84018,0.84506,0.82502,0.80499,0.79521,0.78006,0.77028,0.7654,0.7654,0.76002,0.75024,0.73998,0.73509,0.73021,0.73021,0.73021,0.73021,0.73509,0.72532,0.71994,0.73021,0.73509,0.73509,0.73998,0.73998,0.73998,0.76002,0.78006,0.8304,1.0303,1.2854,1.3358,1.1305,0.99022,0.95552,0.92522,0.85044,0.78543,0.75513,0.73509,0.73021,0.73021,0.73509,0.74536,0.75513,0.75513,0.75513,0.76002,0.75513,0.77028,0.78543,0.8001,0.81525,0.82502,0.82502,0.82502,0.8304,0.83529,0.8304,0.8304,0.82502,0.82014,0.81525,0.81036,0.8001,0.78543,0.77517,0.77517,0.77028,0.7654,0.76002,0.75513,0.75513,0.75513,0.7654,0.77517,0.77517,0.78543,0.79521,0.8001,0.81036,0.82014,0.82502,0.82502,0.82502,0.82502,0.82014,0.81036,0.80499,0.78543,0.77517,0.7654,0.7654,0.77028,0.75024,0.73509,0.73509,0.73998,0.74536,0.73998,0.73998,0.73998,0.73998,0.73998,0.73998,0.74536,0.74536,0.75513,0.75513,0.76002,0.77028,0.78543,0.80499,0.95552,1.2107,1.2957,1.1457,0.99022,0.95015,0.93011,0.8651,0.79032,0.7654,0.7654,0.76002,0.75513,0.74536,0.74536,0.75513,0.75513,0.75513,0.75513,0.76002,0.77028,0.78006,0.79032,0.8001,0.81525,0.82502,0.8304,0.84018,0.83529,0.83529,0.83529,0.83529,0.8304,0.82502,0.82502,0.82502,0.82014,0.80499,0.79521,0.77517,0.7654,0.76002,0.76002,0.78006,0.8001,0.81525,0.82014,0.81036,0.80499,0.8001,0.8001,0.79521,0.78006,0.7654,0.77517,0.78006,0.77517,0.7654,0.7654,0.7654,0.76002,0.75513,0.74536,0.73998,0.73509,0.73998,0.74536,0.75024,0.73998,0.73998,0.74536,0.74536,0.73998,0.92522,1.2053,1.2957,1.1403,0.98534,0.95015,0.93011,0.8651,0.78543,0.75024,0.73998,0.73998,0.73509,0.73021,0.73021,0.73509,0.73998,0.74536,0.74536,0.75024,0.76002,0.77517,0.78543,0.79032,0.8001,0.81036,0.82014,0.82502,0.81525,0.81525,0.81036,0.8001,0.79521,0.78006,0.7654,0.76002,0.7654,0.76002,0.75513,0.75513,0.75024,0.75024,0.75513,0.75513,0.75024,0.75513,0.76002,0.76002,0.7654,0.78006,0.79032,0.8001,0.79521,0.78006,0.78006,0.78543,0.77517,0.77028,0.7654,0.76002,0.76002,0.75513,0.7654,0.77517,0.77517,0.77517,0.78006,0.78543,0.78543,0.77517,0.75513,0.73998,0.73021,0.71994,0.72532,0.73509,0.73021,0.71017,0.69501,0.70039,0.70039,0.70528,0.70039,0.70039,0.70039,0.70528,0.71017,0.71017,0.71505,0.71994,0.72532,0.72532,0.72532,0.73021,0.79032,1.0205,1.2908,1.3358,1.0806,0.90518,0.87048,0.85044,0.79521,0.73998,0.71505,0.70528,0.70039,0.69013,0.69013,0.69013,0.70039,0.70528,0.71017,0.71017,0.71017,0.71994,0.73021,0.74536,0.75513,0.7654,0.77517,0.78006,0.78543,0.78543,0.78543,0.78006,0.77517,0.77517,0.76002,0.74536,0.73998,0.73509,0.73509,0.73509,0.73021,0.71505,0.70528,0.70528,0.71017,0.71017,0.71017,0.71017,0.71994,0.73021,0.73998,0.75024,0.77028,0.78543,0.79521,0.79521,0.80499,0.81036,0.80499,0.8001,0.79032,0.77517,0.75513,0.73509,0.73021,0.73021,0.71994,0.70528,0.69013,0.69013,0.69501,0.70039,0.69501,0.68524,0.68524,0.68035,0.67498,0.67498,0.68035,0.68524,0.69013,0.69013,0.69013,0.70528,0.72532,0.74536,0.87048,1.1403,1.2708,1.1354,0.96041,0.90518,0.89052,0.82502,0.73998,0.69501,0.68524,0.67498,0.67009,0.67498,0.68035,0.67498,0.67498,0.69013,0.70039,0.70039,0.70039,0.71017,0.71505,0.71994,0.73509,0.75513,0.77028,0.78006,0.78006,0.77517,0.7654,0.7654,0.76002,0.74536,0.73509,0.72532,0.71505,0.70528,0.70039,0.69501,0.69501,0.69013,0.68524,0.68035,0.68035,0.68524,0.69013,0.70039,0.71017,0.71017,0.71505,0.73998,0.75513,0.74536,0.74536,0.75513,0.76002,0.75513,0.74536,0.73509,0.71505,0.69013,0.68035,0.68035,0.69013,0.67498,0.67009,0.67009,0.67498,0.67009,0.67009,0.67009,0.67009,0.6652,0.66031,0.65494,0.65494,0.65494,0.6652,0.67498,0.68035,0.68524,0.70039,0.71017,0.75513,0.97019,1.1955,1.2204,0.99022,0.88025,0.87048,0.84018,0.7654,0.70528,0.68035,0.67498,0.67498,0.68035,0.67009,0.6652,0.6652,0.6652,0.67009,0.67498,0.69013,0.69501,0.70039,0.71505,0.73021,0.73998,0.74536,0.75513,0.76002,0.7654,0.7654,0.75513,0.73998,0.73998,0.73998,0.73509,0.71994,0.71017,0.70528,0.70039,0.69501,0.70039,0.70039,0.70039,0.70039,0.71017,0.71994,0.72532,0.71994,0.71994,0.72532,0.73998,0.75513,0.75513,0.75513,0.7654,0.77028,0.77517,0.76002,0.75513,0.73998,0.73021,0.71505,0.71017,0.70039,0.70039,0.69501,0.68524,0.68035,0.68524,0.68524,0.68035,0.67498,0.67498,0.69013,0.69013,0.68035,0.68035,0.68035,0.69013,0.69501,0.70039,0.71017,0.71505,0.71994,0.75513,0.97019,1.2155,1.2605,1.0406,0.90518,0.88025,0.86022,0.8001,0.74536,0.71505,0.70039,0.70039,0.70039,0.70528,0.70039,0.70039,0.71017,0.71505,0.71994,0.72532,0.73509,0.75024,0.76002,0.78006,0.79521,0.79521,0.79521,0.79521,0.79521,0.79521,0.78543,0.77517,0.77517,0.77517,0.7654,0.76002,0.75513,0.75024,0.73998,0.73021,0.71994,0.71994,0.72532,0.73021,0.71994,0.71994,0.73509,0.74536,0.75513,0.76002,0.7654,0.78006,0.79521,0.8001,0.80499,0.81036,0.81525,0.80499,0.79032,0.78006,0.77028,0.76002,0.75513,0.75513,0.75024,0.73021,0.71994,0.71994,0.71505,0.71017,0.71017,0.71017,0.71017,0.71994,0.72532,0.71994,0.71505,0.71505,0.73021,0.73021,0.71505,0.71505,0.71505,0.71994,0.79521,1.0503,1.3206,1.3456,1.0655,0.92033,0.89052,0.8651,0.8001,0.74536,0.71017,0.70039,0.70528,0.71505,0.71505,0.71505,0.71994,0.71994,0.72532,0.73509,0.74536,0.75513,0.76002,0.77517,0.78543,0.8001,0.80499,0.81525,0.82014,0.82014,0.81036,0.8001,0.79032,0.78543,0.78006,0.77028,0.76002,0.75024,0.74536,0.73998,0.73021,0.72532,0.71994,0.73021,0.75513,0.77028,0.77517,0.77517,0.77517,0.77517,0.78006,0.78006,0.78006,0.78006,0.78006,0.78006,0.78006,0.77517,0.7654,0.75513,0.75024,0.75024,0.75024,0.74536,0.73998,0.73998,0.73509,0.72532,0.72532,0.73021,0.73021,0.73998,0.75024,0.78006,0.95015,1.2356,1.3206,1.1554,1.0005,0.96041,0.93548,0.86022,0.78543,0.73998,0.71994,0.71505,0.71017,0.71017,0.71017,0.71505,0.71994,0.73021,0.73998,0.74536,0.74536,0.75024,0.76002,0.78006,0.79521,0.8001,0.80499,0.8001,0.79521,0.79521,0.79521,0.79032,0.77517,0.7654,0.7654,0.7654,0.76002,0.75024,0.74536,0.73998,0.73509,0.73509,0.73998,0.73998,0.73998,0.75513,0.76002,0.7654,0.77028,0.77028,0.77028,0.77517,0.77028,0.77028,0.77517,0.7654,0.75513,0.75513,0.75024,0.75513,0.75513,0.76002,0.76002,0.7654,0.77517,0.78006,0.7654,0.7654,0.77028,0.76002,0.73998,0.73021,0.72532,0.72532,0.73021,0.71994,0.71017,0.71017,0.71017,0.71505,0.71994,0.71994,0.71505,0.71017,0.71505,0.71994,0.71017,0.70528,0.71505,0.72532,0.75024,0.77028,0.77517,0.84506,1.0753,1.2654,1.2004,1.0205,0.92033,0.91007,0.87048,0.80499,0.75513,0.72532,0.71505,0.71017,0.71505,0.71994,0.72532,0.71994,0.71994,0.71994,0.73021,0.73509,0.74536,0.75513,0.76002,0.77517,0.79032,0.80499,0.81036,0.82014,0.82502,0.8304,0.82014,0.80499,0.8001,0.8001,0.79032,0.78006,0.77028,0.7654,0.76002,0.75513,0.75513,0.75513,0.74536,0.73998,0.73998,0.75024,0.76002,0.7654,0.77517,0.78006,0.79032,0.80499,0.82502,0.8304,0.8304,0.8304,0.84018,0.84018,0.8304,0.82014,0.81036,0.79032,0.77028,0.75513,0.75513,0.76002,0.76002,0.75024,0.73998,0.73998,0.73021,0.73021,0.73509,0.73998,0.74536,0.75024,0.74536,0.73998,0.73509,0.73509,0.74536,0.75024,0.75513,0.7654,0.77517,0.79521,0.9653,1.2307,1.3006,1.1256,0.97019,0.93548,0.91544,0.85044,0.79032,0.76002,0.75024,0.75024,0.75024,0.74536,0.73998,0.73998,0.75024,0.75513,0.7654,0.77028,0.78006,0.78543,0.78006,0.78543,0.8001,0.82502,0.84506,0.85044,0.84506,0.84018,0.8304,0.82502,0.82014,0.81036,0.8001,0.78006,0.77028,0.77517,0.78006,0.7654,0.7654,0.7654,0.75513,0.74536,0.75513,0.76002,0.76002,0.76002,0.77028,0.78543,0.79521,0.80499,0.81036,0.82014,0.83529,0.84018,0.85044,0.85533,0.82502,0.8001,0.78543,0.77028,0.7654,0.77028,0.77517,0.77028,0.76002,0.73998,0.73509,0.73509,0.73509,0.73509,0.73509,0.73509,0.73509,0.71994,0.71505,0.71994,0.71994,0.72532,0.73021,0.73509,0.73021,0.73509,0.75513,0.88025,1.1755,1.3759,1.2654,1.0406,0.91544,0.89052,0.84506,0.77517,0.73509,0.71994,0.71505,0.71505,0.71017,0.71017,0.71017,0.71505,0.71994,0.71994,0.71994,0.73021,0.73998,0.75513,0.76002,0.77028,0.78006,0.79032,0.79521,0.79521,0.79032,0.77517,0.75024,0.71994,0.71994,0.73021,0.73998,0.74536,0.73509,0.73021,0.71505,0.71505,0.71017,0.70528,0.70528,0.71017,0.71017,0.71505,0.71994,0.72532,0.73021,0.73998,0.75024,0.76002,0.76002,0.7654,0.7654,0.77028,0.76002,0.75513,0.74536,0.74536,0.73998,0.73509,0.84018,1.1202,1.3055,1.2307,1.1056,1.0552,0.9956,0.8651,0.75024,0.69501,0.67498,0.67498,0.67009,0.66031,0.65494,0.65494,0.65494,0.66031,0.67009,0.68524,0.69013,0.69501,0.70528,0.70039,0.69501,0.69501,0.71017,0.71505,0.71017,0.70039,0.70039,0.70528,0.70039,0.70039,0.71017,0.71505,0.71994,0.73021,0.73509,0.73509,0.73021,0.73021,0.73021,0.73509,0.73998,0.74536,0.73998,0.73998,0.73998,0.73509,0.73998,0.74536,0.73509,0.73021,0.72532,0.71994,0.71505,0.71505,0.71017,0.71505,0.71994,0.71994,0.71505,0.71017,0.70039,0.69501,0.70528,0.71017,0.71017,0.70528,0.71017,0.71505,0.71994,0.73021,0.73998,0.75513,0.76002,0.76002,0.74536,0.73998,0.73021,0.71505,0.70528,0.71017,0.71505,0.70528,0.68524,0.68035,0.68035,0.68035,0.68524,0.69013,0.69013,0.69501,0.70528,0.71017,0.69013,0.69013,0.69013,0.69501,0.70528,0.71994,0.73509,0.79032,1.0103,1.2405,1.2708,1.0406,0.90518,0.87537,0.85044,0.78006,0.71994,0.70039,0.69501,0.69501,0.69013,0.69013,0.69013,0.69501,0.70039,0.70039,0.70039,0.70528,0.71017,0.71994,0.73509,0.75024,0.76002,0.77028,0.77517,0.78006,0.78543,0.79521,0.79521,0.79521,0.78543,0.78006,0.77028,0.7654,0.75513,0.75024,0.74536,0.74536,0.74536,0.73998,0.73509,0.73509,0.73998,0.73509,0.73509,0.73509,0.74536,0.75024,0.76002,0.7654,0.77028,0.78006,0.79032,0.79521,0.80499,0.81036,0.82014,0.81036,0.8001,0.78543,0.77517,0.76002,0.73998,0.73021,0.73509,0.73998,0.73998,0.73021,0.72532,0.72532,0.71994,0.71017,0.70528,0.71017,0.71017,0.71994,0.72532,0.73021,0.71505,0.71505,0.71505,0.71505,0.71994,0.73021,0.73998,0.78006,0.95552,1.2307,1.3104,1.1256,0.94526,0.89541,0.89052,0.84018,0.78006,0.74536,0.73021,0.71994,0.71994,0.72532,0.73021,0.73021,0.73509,0.74536,0.75024,0.76002,0.77028,0.77517,0.79032,0.80499,0.81036,0.82014,0.83529,0.84018,0.84506,0.84506,0.84018,0.8304,0.82502,0.81525,0.8001,0.78543,0.78006,0.78006,0.78543,0.77517,0.7654,0.76002,0.75513,0.75513,0.76002,0.75513,0.76002,0.77517,0.78006,0.78543,0.79521,0.8001,0.80499,0.82014,0.82502,0.83529,0.85044,0.85533,0.84506,0.82502,0.81036,0.79521,0.78006,0.77517,0.77517,0.77517,0.7654,0.76002,0.76002,0.76002,0.75513,0.75513,0.74536,0.74536,0.73998,0.73998,0.74536,0.75024,0.75024,0.75513,0.76002,0.76002,0.76002,0.76002,0.78006,0.90518,1.1804,1.3705,1.2708,1.0606,0.95552,0.93548,0.89052,0.81525,0.77028,0.75024,0.73998,0.73021,0.72532,0.72532,0.73021,0.73509,0.73998,0.75513,0.76002,0.7654,0.7654,0.77517,0.79032,0.79521,0.80499,0.82014,0.83529,0.84018,0.83529,0.8304,0.82502,0.82014,0.81036,0.8001,0.79521,0.78006,0.77517,0.7654,0.76002,0.75513,0.75024,0.73998,0.73998,0.73509,0.73509,0.73998,0.75024,0.76002,0.7654,0.78006,0.79521,0.80499,0.81525,0.82502,0.8304,0.8304,0.83529,0.82014,0.81036,0.78543,0.76002,0.75513,0.76002,0.76002,0.74536,0.73509,0.73021,0.73021,0.73021,0.73021,0.73021,0.73021,0.73509,0.73509,0.71994,0.71017,0.71017,0.71505,0.71994,0.73021,0.73998,0.75513,0.77517,0.89541,1.1603,1.3104,1.1857,1.0005,0.93011,0.92033,0.86022,0.78006,0.73509,0.71994,0.71505,0.71505,0.71505,0.71994,0.71505,0.71017,0.71505,0.71994,0.73021,0.73998,0.73998,0.74536,0.76002,0.77517,0.79521,0.8001,0.79521,0.8001,0.81036,0.81525,0.8001,0.79521,0.78006,0.77028,0.77028,0.7654,0.76002,0.75024,0.73998,0.73021,0.71994,0.71505,0.71994,0.72532,0.71994,0.73021,0.73509,0.73998,0.73998,0.75513,0.7654,0.77517,0.77517,0.78006,0.78543,0.77517,0.7654,0.7654,0.76002,0.74536,0.73021,0.71994,0.71994,0.72532,0.71505,0.70039,0.69013,0.69013,0.68524,0.68035,0.68035,0.68035,0.68035,0.68035,0.69013,0.69501,0.69501,0.70528,0.71017,0.71017,0.71505,0.73021,0.75024,0.77028,0.89541,1.1457,1.2605,1.1256,0.95552,0.90029,0.88025,0.82014,0.75024,0.71994,0.71017,0.70528,0.70039,0.70528,0.71017,0.71505,0.71505,0.71994,0.73021,0.73509,0.73998,0.73998,0.76002,0.77517,0.77517,0.78006,0.79521,0.80499,0.81036,0.80499,0.80499,0.8001,0.79032,0.78543,0.78006,0.77028,0.75513,0.73998,0.73509,0.73021,0.73021,0.74536,0.76002,0.7654,0.77517,0.78006,0.77028,0.7654,0.76002,0.74536,0.73998,0.74536,0.75024,0.74536,0.74536,0.73998,0.73509,0.73021,0.73509,0.73509,0.71994,0.71505,0.71017,0.71505,0.71994,0.71017,0.70528,0.70528,0.70528,0.71505,0.71017,0.77028,1.0054,1.2654,1.3006,1.0655,0.94526,0.92522,0.89052,0.80499,0.73509,0.71017,0.69501,0.70039,0.69501,0.69501,0.70039,0.70528,0.71017,0.72532,0.73021,0.71505,0.72532,0.74536,0.75513,0.76002,0.77028,0.78543,0.78543,0.78006,0.77028,0.76002,0.76002,0.7654,0.75513,0.73509,0.73021,0.73021,0.73021,0.71994,0.71017,0.71017,0.71505,0.71505,0.71505,0.71017,0.71505,0.72532,0.73509,0.73998,0.74536,0.75513,0.7654,0.77028,0.76002,0.75513,0.74536,0.74536,0.74536,0.73509,0.73509,0.73021,0.72532,0.72532,0.73509,0.73998,0.74536,0.75024,0.74536,0.74536,0.74536,0.74536,0.75024,0.73509,0.71994,0.71017,0.70039,0.70528,0.71505,0.71017,0.69501,0.68035,0.68035,0.69013,0.69013,0.69013,0.69013,0.69013,0.69013,0.69013,0.69013,0.69013,0.69501,0.69501,0.69013,0.70528,0.71505,0.73998,0.89052,1.1505,1.2454,1.1056,0.93548,0.88025,0.87048,0.81036,0.75024,0.71017,0.69013,0.68524,0.69013,0.70039,0.70528,0.68524,0.68524,0.69501,0.69501,0.70528,0.71994,0.71994,0.72532,0.73998,0.75513,0.77028,0.79032,0.8001,0.8001,0.79521,0.78006,0.7654,0.76002,0.7654,0.76002,0.74536,0.73998,0.73021,0.71994,0.71994,0.71994,0.71994,0.71505,0.70039,0.70039,0.70039,0.71505,0.71994,0.73021,0.73998,0.74536,0.75513,0.7654,0.78006,0.79521,0.8001,0.81525,0.82502,0.82014,0.80499,0.79521,0.77517,0.75513,0.74536,0.73998,0.73509,0.73509,0.72532,0.71505,0.71505,0.71505,0.71505,0.71994,0.71994,0.71994,0.71994,0.71994,0.72532,0.73021,0.72532,0.71994,0.71994,0.72532,0.73998,0.7654,0.82014,1.0103,1.2605,1.3157,1.1256,0.99022,0.95015,0.91544,0.84018,0.77028,0.73998,0.73509,0.73021,0.71994,0.71505,0.71994,0.73021,0.73509,0.73998,0.74536,0.74536,0.74536,0.75513,0.7654,0.78006,0.79032,0.8001,0.81036,0.81036,0.81036,0.81036,0.82014,0.80499,0.79032,0.77028,0.76002,0.76002,0.7654,0.75513,0.74536,0.73021,0.73021,0.73509,0.73509,0.71994,0.71994,0.71994,0.71994,0.71994,0.73509,0.75024,0.76002,0.7654,0.77517,0.78543,0.78543,0.78543,0.78543,0.78543,0.78006,0.77028,0.75513,0.73998,0.73021,0.71505,0.71505,0.72532,0.71994,0.70039,0.69501,0.69013,0.69013,0.69501,0.69501,0.69501,0.69501,0.69501,0.69013,0.69013,0.69501,0.70039,0.70528,0.71017,0.71017,0.71994,0.73998,0.86022,1.1505,1.3759,1.2854,1.0552,0.92522,0.89052,0.84018,0.77028,0.72532,0.70039,0.69013,0.69501,0.69013,0.68524,0.69013,0.69501,0.69501,0.71017,0.71505,0.71994,0.73021,0.73509,0.75024,0.76002,0.78006,0.78543,0.79032,0.79521,0.8001,0.79032,0.78006,0.77517,0.77028,0.7654,0.76002,0.75513,0.74536,0.73509,0.72532,0.71994,0.71994,0.71505,0.70528,0.69501,0.69501,0.70039,0.71505,0.71994,0.73021,0.73998,0.76002,0.78006,0.79521,0.80499,0.81036,0.81036,0.80499,0.79521,0.78006,0.7654,0.75024,0.74536,0.74536,0.74536,0.73021,0.71017,0.71017,0.71017,0.71017,0.71017,0.71505,0.71017,0.70039,0.70039,0.70039,0.71017,0.71505,0.71994,0.71505,0.71505,0.71994,0.73509,0.73998,0.78543,0.98534,1.2454,1.3006,1.1105,0.96041,0.92522,0.89541,0.82014,0.74536,0.71505,0.71017,0.70039,0.70039,0.71017,0.71505,0.71017,0.71017,0.71505,0.71994,0.73021,0.73998,0.74536,0.75024,0.7654,0.78543,0.8001,0.81525,0.82014,0.81036,0.81036,0.80499,0.79521,0.78006,0.77028,0.7654,0.76002,0.75024,0.73998,0.73021,0.72532,0.72532,0.73021,0.73021,0.72532,0.73021,0.73509,0.73998,0.74536,0.75513,0.75513,0.76002,0.77517,0.78006,0.79032,0.80499,0.81036,0.80499,0.78543,0.77517,0.76002,0.73998,0.73021,0.73021,0.73998,0.73021,0.71017,0.70039,0.70039,0.69501,0.69501,0.70039,0.71017,0.70528,0.69501,0.69501,0.70528,0.71505,0.71994,0.71505,0.71017,0.71994,0.73021,0.73998,0.77028,0.94037,1.2107,1.2957,1.1305,0.97019,0.93011,0.91007,0.8304,0.75513,0.72532,0.71017,0.70528,0.71017,0.71505,0.71017,0.71017,0.71505,0.71505,0.71505,0.72532,0.73998,0.74536,0.75513,0.77517,0.79032,0.79521,0.8001,0.80499,0.79521,0.8001,0.81036,0.80499,0.79032,0.78006,0.78006,0.77028,0.75513,0.73998,0.74536,0.76002,0.77517,0.78006,0.77517,0.76002,0.74536,0.74536,0.74536,0.75024,0.75513,0.74536,0.73021,0.73021,0.73509,0.74536,0.74536,0.73998,0.73509,0.73998,0.74536,0.73509,0.73021,0.72532,0.73021,0.73021,0.72532,0.72532,0.71994,0.72532,0.73021,0.74536,0.88514,1.1457,1.2454,1.1105,0.97556,0.95015,0.92522,0.85044,0.77028,0.73509,0.71994,0.71505,0.71994,0.71994,0.71994,0.71505,0.71505,0.71994,0.73021,0.73998,0.74536,0.74536,0.75024,0.76002,0.78006,0.79521,0.79521,0.79521,0.79521,0.79032,0.78006,0.77028,0.7654,0.77028,0.77517,0.75513,0.75513,0.75513,0.74536,0.73998,0.73998,0.73998,0.74536,0.75513,0.75513,0.76002,0.7654,0.76002,0.76002,0.76002,0.7654,0.77517,0.77517,0.7654,0.75513,0.75513,0.76002,0.76002,0.75513,0.74536,0.74536,0.74536,0.75024,0.75513,0.74536,0.73998,0.75024,0.7654,0.77517,0.78006,0.78543,0.78543,0.77028,0.7654,0.76002,0.74536,0.73998,0.73998,0.75513,0.76002,0.74536,0.72532,0.71017,0.71017,0.71994,0.71994,0.71505,0.71505,0.71505,0.71505,0.71505,0.71505,0.71505,0.71505,0.71994,0.71994,0.72532,0.71994,0.78543,1.0406,1.3006,1.3304,1.0552,0.88514,0.84506,0.8304,0.78006,0.73509,0.71505,0.71017,0.71017,0.70039,0.69501,0.69501,0.70039,0.71017,0.71994,0.72532,0.73021,0.73998,0.75024,0.76002,0.77028,0.78006,0.79521,0.8001,0.80499,0.80499,0.79521,0.78543,0.78006,0.77517,0.77517,0.77517,0.77028,0.76002,0.75513,0.75024,0.74536,0.73998,0.73509,0.73509,0.73021,0.72532,0.73021,0.73509,0.73998,0.74536,0.76002,0.7654,0.77517,0.79032,0.80499,0.81525,0.82014,0.8304,0.84506,0.83529,0.82014,0.80499,0.79521,0.78006,0.75513,0.73509,0.73021,0.73998,0.74536,0.73509,0.71505,0.71017,0.71017,0.71017,0.70528,0.71017,0.71505,0.71017,0.71017,0.71017,0.71017,0.70528,0.70528,0.71505,0.72532,0.73509,0.73021,0.75513,0.92522,1.2053,1.3055,1.1505,0.98045,0.91544,0.89052,0.82014,0.75513,0.71994,0.71017,0.71017,0.71017,0.70528,0.70039,0.71017,0.71994,0.72532,0.73021,0.73021,0.73998,0.75024,0.76002,0.7654,0.78006,0.79521,0.8001,0.80499,0.81036,0.81525,0.8001,0.79032,0.78006,0.77517,0.7654,0.76002,0.75513,0.74536,0.73509,0.73021,0.71994,0.71994,0.71994,0.72532,0.72532,0.73021,0.73509,0.73998,0.74536,0.75513,0.76002,0.7654,0.77517,0.78543,0.79032,0.79521,0.8001,0.78543,0.77028,0.75513,0.73998,0.73509,0.73021,0.71994,0.71994,0.71505,0.70039,0.69501,0.70039,0.69013,0.69013,0.69501,0.69501,0.69013,0.69013,0.69013,0.69501,0.70039,0.70039,0.70039,0.70528,0.70528,0.71994,0.73509,0.81036,1.0303,1.2454,1.2605,1.0152,0.91544,0.90518,0.8651,0.78543,0.73021,0.71994,0.71505,0.70528,0.70039,0.71017,0.71505,0.71505,0.71505,0.71505,0.71994,0.73509,0.75024,0.76002,0.77517,0.78006,0.79032,0.80499,0.82014,0.82502,0.81525,0.80499,0.8001,0.79521,0.79032,0.79521,0.77517,0.75513,0.74536,0.73509,0.73021,0.73021,0.73021,0.73021,0.71994,0.71994,0.73021,0.73998,0.75024,0.76002,0.7654,0.77517,0.78006,0.79032,0.79521,0.8001,0.80499,0.80499,0.8001,0.79521,0.78006,0.7654,0.75024,0.73509,0.73021,0.73509,0.73509,0.72532,0.71017,0.71017,0.70528,0.70039,0.70039,0.70039,0.70528,0.71017,0.71505,0.71505,0.71505,0.71505,0.71505,0.71994,0.72532,0.73021,0.73998,0.74536,0.80499,1.0254,1.2605,1.2908,1.0406,0.91007,0.89541,0.88025,0.81525,0.76002,0.73021,0.72532,0.71994,0.71017,0.70039,0.71017,0.73021,0.73509,0.73021,0.73021,0.73998,0.75513,0.7654,0.77517,0.78006,0.78543,0.8001,0.81036,0.82014,0.82014,0.81036,0.80499,0.79521,0.78543,0.78006,0.77517,0.76002,0.75513,0.75024,0.73998,0.73509,0.73021,0.72532,0.72532,0.72532,0.72532,0.73509,0.73998,0.73998,0.74536,0.76002,0.7654,0.78006,0.78543,0.79521,0.80499,0.81525,0.81036,0.81036,0.8001,0.78006,0.7654,0.75024,0.73998,0.73509,0.73021,0.71994,0.71505,0.71505,0.71017,0.71017,0.70039,0.70039,0.70039,0.70039,0.70528,0.69501,0.69501,0.70039,0.70528,0.69501,0.69501,0.70039,0.71017,0.71505,0.75513,0.94526,1.2507,1.3358,1.1457,0.95015,0.88025,0.86022,0.8001,0.73509,0.71017,0.70528,0.70039,0.69013,0.68524,0.68524,0.69501,0.70528,0.71017,0.71017,0.71505,0.71994,0.73021,0.73998,0.75513,0.77028,0.78006,0.78543,0.79032,0.78543,0.78006,0.77517,0.7654,0.76002,0.75024,0.75024,0.74536,0.73509,0.73021,0.71994,0.71017,0.70039,0.70528,0.72532,0.74536,0.75024,0.74536,0.73998,0.73509,0.73998,0.74536,0.73998,0.73509,0.73509,0.73998,0.74536,0.74536,0.74536,0.73998,0.73509,0.73021,0.73021,0.71994,0.71017,0.70528,0.70039,0.70528,0.71017,0.71017,0.71505,0.71505,0.72532,0.73998,0.86022,1.1354,1.2957,1.1804,1.0054,0.93548,0.92033,0.84506,0.75513,0.71505,0.70039,0.69013,0.68524,0.69013,0.68035,0.68035,0.69013,0.70039,0.70528,0.71017,0.71505,0.73021,0.73509,0.73998,0.74536,0.76002,0.77517,0.77517,0.77517,0.77517,0.77028,0.75513,0.74536,0.73998,0.73998,0.73509,0.73509,0.73509,0.73509,0.71994,0.71017,0.71017,0.71505,0.71994,0.72532,0.73021,0.73509,0.73509,0.73998,0.74536,0.75024,0.75513,0.76002,0.76002,0.75024,0.73998,0.73998,0.73509,0.73998,0.73998,0.73998,0.73998,0.73998,0.74536,0.76002,0.7654,0.7654,0.7654,0.77028,0.76002,0.73998,0.71994,0.71505,0.71505,0.71017,0.71017,0.71505,0.71505,0.70039,0.70039,0.70039,0.70039,0.70528,0.71017,0.70528,0.70039,0.70039,0.70528,0.71017,0.71017,0.71017,0.71505,0.73021,0.73998,0.78006,0.97019,1.2053,1.2454,1.0406,0.92033,0.89052,0.86022,0.80499,0.75513,0.73021,0.71505,0.71017,0.70039,0.70039,0.70528,0.71017,0.71017,0.71505,0.71994,0.73998,0.75513,0.76002,0.76002,0.7654,0.77517,0.78543,0.79521,0.79521,0.79032,0.79521,0.80499,0.8001,0.79521,0.79032,0.78006,0.77028,0.77028,0.77517,0.77517,0.7654,0.76002,0.76002,0.75513,0.75513,0.75513,0.75513,0.74536,0.73998,0.74536,0.75513,0.7654,0.78006,0.79521,0.8001,0.80499,0.81036,0.81036,0.81525,0.80499,0.79032,0.77517,0.76002,0.73998,0.73021,0.73021,0.73509,0.73021,0.71994,0.70528,0.70039,0.70039,0.71017,0.71017,0.71017,0.70039,0.70039,0.69501,0.69501,0.70039,0.70528,0.70528,0.71017,0.71505,0.71994,0.73509,0.74536,0.85044,1.1202,1.2957,1.1804,0.98045,0.89052,0.89052,0.84506,0.77517,0.73021,0.71994,0.71017,0.71017,0.71505,0.71017,0.71017,0.70528,0.71017,0.72532,0.73509,0.74536,0.75513,0.75513,0.7654,0.78006,0.79521,0.8001,0.8001,0.81036,0.80499,0.80499,0.8001,0.78006,0.77517,0.77517,0.78006,0.7654,0.76002,0.75513,0.73998,0.73509,0.73998,0.73998,0.73509,0.73021,0.73021,0.73509,0.74536,0.75513,0.76002,0.7654,0.77028,0.78543,0.8001,0.81036,0.81525,0.82014,0.81036,0.80499,0.8001,0.78006,0.76002,0.73509,0.71994,0.71994,0.72532,0.71994,0.71017,0.71017,0.71505,0.71505,0.71017,0.71505,0.71505,0.71994,0.71017,0.70039,0.70039,0.71017,0.71994,0.71994,0.72532,0.73021,0.73509,0.75024,0.88025,1.1657,1.3358,1.2155,1.0054,0.91544,0.89541,0.85044,0.78006,0.73509,0.71505,0.71017,0.71017,0.71017,0.71017,0.71017,0.71017,0.71505,0.72532,0.73021,0.73998,0.74536,0.75513,0.7654,0.78006,0.79521,0.79521,0.8001,0.81036,0.81036,0.80499,0.79521,0.78543,0.78006,0.77517,0.77028,0.76002,0.74536,0.73998,0.73509,0.73509,0.73021,0.71994,0.71994,0.72532,0.72532,0.72532,0.73021,0.73509,0.74536,0.77028,0.78543,0.79521,0.80499,0.82502,0.8304,0.82502,0.81036,0.79521,0.77517,0.76002,0.75513,0.76002,0.76002,0.74536,0.73021,0.71994,0.71994,0.71994,0.71994,0.71505,0.71505,0.71994,0.71505,0.71505,0.71505,0.71505,0.71505,0.71994,0.72532,0.73509,0.74536,0.75513,0.78543,0.95015,1.2253,1.3104,1.1403,0.97556,0.93011,0.91007,0.85044,0.77028,0.73509,0.71994,0.71505,0.71994,0.72532,0.71994,0.71505,0.71505,0.71994,0.73509,0.73998,0.75024,0.76002,0.77517,0.78543,0.78543,0.79032,0.8001,0.81036,0.81036,0.80499,0.80499,0.80499,0.8001,0.78543,0.78006,0.77517,0.7654,0.75513,0.74536,0.73998,0.73998,0.73998,0.73509,0.73509,0.73021,0.73509,0.74536,0.75513,0.75513,0.76002,0.77517,0.78543,0.79032,0.8001,0.80499,0.81036,0.81036,0.8001,0.78543,0.77028,0.75024,0.73509,0.73509,0.73509,0.73998,0.73021,0.71994,0.71505,0.71505,0.71994,0.71505,0.71017,0.70528,0.70528,0.71505,0.71994,0.71017,0.71017,0.71994,0.73021,0.73021,0.73021,0.73998,0.76002,0.88025,1.1354,1.2605,1.1354,0.97019,0.91544,0.90029,0.84506,0.77028,0.73509,0.73021,0.71994,0.71505,0.70528,0.70039,0.70528,0.71017,0.71994,0.72532,0.73021,0.73021,0.73509,0.75513,0.77517,0.78006,0.78543,0.79521,0.80499,0.81036,0.82014,0.82014,0.81036,0.8001,0.78543,0.78006,0.77517,0.76002,0.74536,0.73998,0.73021,0.71994,0.71994,0.73021,0.75513,0.77028,0.77517,0.77028,0.7654,0.76002,0.76002,0.75024,0.73998,0.73998,0.73998,0.73998,0.73998,0.74536,0.73998,0.73021,0.72532,0.72532,0.72532,0.72532,0.71994,0.71505,0.71505,0.71505,0.71505,0.71505,0.71505,0.71994,0.71505,0.81036,1.0655,1.2556,1.1804,1.0054,0.93011,0.92033,0.8651,0.78543,0.73509,0.71994,0.71994,0.71505,0.70039,0.69501,0.69501,0.70528,0.71505,0.71994,0.73509,0.74536,0.75024,0.75513,0.7654,0.77517,0.79032,0.8001,0.80499,0.79032,0.77517,0.77517,0.77517,0.76002,0.75513,0.75513,0.76002,0.75513,0.75024,0.74536,0.73509,0.73021,0.73021,0.73021,0.72532,0.73021,0.73998,0.74536,0.75024,0.76002,0.76002,0.7654,0.77517,0.78006,0.77517,0.77517,0.77517,0.76002,0.76002,0.7654,0.7654,0.75513,0.75513,0.7654,0.77517,0.78006,0.78543,0.78543,0.78006,0.78006,0.77517,0.7654,0.75513,0.74536,0.73509,0.73509,0.73509,0.73998,0.72532,0.71017,0.70039,0.69501,0.70039,0.70528,0.70528,0.71017,0.71505,0.71994,0.71994,0.71994,0.73021,0.73509,0.73509,0.73021,0.73509,0.73998,0.85044,1.1305,1.3407,1.2556,1.0303,0.90029,0.87537,0.85044,0.78543,0.73509,0.71994,0.71505,0.71505,0.71505,0.71505,0.71505,0.71994,0.71994,0.71994,0.71994,0.73509,0.74536,0.76002,0.77517,0.78006,0.78543,0.8001,0.80499,0.81036,0.81036,0.80499,0.8001,0.79521,0.78543,0.77517,0.77517,0.7654,0.7654,0.7654,0.77028,0.76002,0.74536,0.73998,0.73021,0.73021,0.73509,0.73509,0.73998,0.75024,0.7654,0.78006,0.78543,0.8001,0.82014,0.83529,0.85533,0.88514,0.92033,0.97019,1.0054,0.9653,0.88025,0.7654,0.60997,0.53519,0.63001,0.81525,0.95552,0.98534,0.91544,0.82014,0.73509,0.70528,0.71505,0.73021,0.73509,0.74536,0.75513,0.77028,0.79032,0.80499,0.82502,0.85044,0.88025,0.90518,0.93011,0.95015,0.97019,0.99022,1.0103,1.0254,1.0406,1.0552,1.0606,1.0406,1.0152,0.99022,0.9653,0.94037,0.91007,0.87537,0.84506,0.81525,0.78006,0.76002,0.74536,0.73509,0.71994,0.71017,0.70039,0.69501,0.70039,0.71017,0.71017,0.71017,0.71017,0.70039,0.69013,0.69013,0.69013,0.69501,0.69501,0.70039,0.69501,0.69501,0.69501,0.69501,0.69501,0.69501,0.70528,0.71017,0.70528,0.70039,0.70039,0.70039,0.71017,0.71505,0.72532,0.73509,0.73509,0.74536,0.75513,0.76002,0.76002,0.76002,0.73998,0.73021,0.71505,0.71017,0.71017,0.71017,0.70528,0.70039,0.70039,0.70039,0.70039,0.70039,0.70528,0.71017,0.70039,0.69013,0.68035,0.68035,0.68524,0.69501,0.71017,0.71505,0.72532,0.73998,0.75513,0.88025,1.1256,1.2405,1.1105,0.93548,0.87048,0.8651,0.81525,0.75513,0.71994,0.70039,0.69501,0.69013,0.69501,0.69013,0.68035,0.68035,0.69501,0.71017,0.71994,0.73021,0.73509,0.73998,0.73998,0.73998,0.75024,0.76002,0.7654,0.7654,0.76002,0.75024,0.73509,0.73021,0.73509,0.73509,0.73021,0.72532,0.73509,0.73021,0.71994,0.71505,0.71017,0.71505,0.71994,0.71994,0.71994,0.73509,0.75513,0.76002,0.76002,0.7654,0.77517,0.78543,0.8001,0.81036,0.82014,0.8304,0.83529,0.82502,0.81036,0.8001,0.78543,0.76002,0.74536,0.73998,0.74536,0.73998,0.73021,0.71994,0.71505,0.71017,0.70039,0.70039,0.70039,0.70528,0.70039,0.70039,0.70039,0.69501,0.69501,0.70528,0.70039,0.70039,0.71505,0.71994,0.71994,0.80499,1.0503,1.2405,1.1755,0.9956,0.91007,0.90029,0.85533,0.78543,0.73509,0.71017,0.70039,0.70039,0.70039,0.71017,0.71505,0.71994,0.73021,0.73509,0.73998,0.73998,0.75513,0.77028,0.78006,0.79521,0.81525,0.82502,0.82502,0.82502,0.81525,0.80499,0.79521,0.78543,0.77517,0.75513,0.74536,0.73998,0.74536,0.73998,0.73021,0.71994,0.71994,0.73021,0.73509,0.73021,0.72532,0.72532,0.73509,0.74536,0.75513,0.7654,0.77517,0.78543,0.8001,0.82014,0.82502,0.82014,0.8001,0.78543,0.78006,0.7654,0.73998,0.73509,0.73998,0.73509,0.73021,0.72532,0.71994,0.71994,0.72532,0.71017,0.71017,0.71505,0.71994,0.71505,0.71505,0.71505,0.71505,0.72532,0.73021,0.71994,0.72532,0.73998,0.76002,0.85533,1.1202,1.3304,1.2454,1.0352,0.90518,0.87537,0.85044,0.79521,0.73998,0.71017,0.70039,0.70039,0.71017,0.71017,0.71017,0.71505,0.72532,0.73021,0.71994,0.73509,0.74536,0.76002,0.78543,0.8001,0.80499,0.80499,0.82014,0.84018,0.8304,0.81525,0.8001,0.79032,0.78006,0.77517,0.76002,0.76002,0.75513,0.75024,0.73998,0.73021,0.71994,0.70528,0.70039,0.71505,0.73998,0.76002,0.7654,0.7654,0.7654,0.7654,0.7654,0.7654,0.77028,0.76002,0.75513,0.75513,0.76002,0.75513,0.74536,0.73998,0.73998,0.73509,0.73021,0.71994,0.71505,0.71017,0.71017,0.70528,0.70528,0.71017,0.71017,0.71017,0.73021,0.90029,1.1955,1.2957,1.1354,0.97019,0.91544,0.89541,0.82502,0.75024,0.71505,0.69501,0.69013,0.69013,0.69013,0.69501,0.70528,0.71505,0.71994,0.71994,0.72532,0.73021,0.73998,0.75024,0.7654,0.77517,0.78543,0.79521,0.8001,0.80499,0.8001,0.79521,0.78543,0.77517,0.7654,0.76002,0.75513,0.74536,0.73998,0.73021,0.73021,0.73021,0.73021,0.73021,0.73509,0.73509,0.73509,0.73998,0.74536,0.75024,0.76002,0.7654,0.7654,0.77028,0.77517,0.77517,0.77517,0.7654,0.76002,0.76002,0.7654,0.77028,0.77517,0.78006,0.78543,0.78543,0.78006,0.77028,0.76002,0.73998,0.72532,0.72532,0.73509,0.73998,0.73509,0.71994,0.71505,0.71505,0.71017,0.71017,0.71505,0.71505,0.71994,0.71994,0.71994,0.71505,0.71505,0.71994,0.72532,0.73021,0.75024,0.7654,0.81525,1.0054,1.2507,1.2957,1.0904,0.94526,0.92033,0.90029,0.8304,0.7654,0.73509,0.72532,0.71994,0.71994,0.71505,0.71505,0.71505,0.71994,0.73021,0.73509,0.73998,0.73509,0.73998,0.75513,0.77517,0.78543,0.8001,0.80499,0.81036,0.82014,0.81525,0.81036,0.80499,0.79521,0.79521,0.78543,0.78006,0.77028,0.7654,0.76002,0.75513,0.75024,0.73509,0.73509,0.73509,0.73509,0.73998,0.74536,0.73509,0.73509,0.75024,0.76002,0.7654,0.77517,0.78543,0.8001,0.80499,0.81036,0.80499,0.78543,0.77028,0.76002,0.74536,0.73998,0.73998,0.73998,0.73509,0.73021,0.71994,0.71505,0.71505,0.71505,0.71994,0.71505,0.71505,0.71017,0.70528,0.70528,0.70528,0.70528,0.71017,0.71505,0.71994,0.73021,0.73998,0.79521,1.0054,1.2405,1.2757,1.0455,0.92033,0.89541,0.8651,0.79521,0.73509,0.71017,0.71017,0.71505,0.70039,0.69501,0.69501,0.70528,0.71994,0.73021,0.72532,0.72532,0.73509,0.74536,0.76002,0.77517,0.79032,0.8001,0.80499,0.81525,0.81525,0.81036,0.80499,0.78543,0.7654,0.75513,0.75024,0.75024,0.75024,0.75513,0.74536,0.73998,0.73509,0.71994,0.71994,0.71994,0.71994,0.73021,0.74536,0.75024,0.74536,0.75513,0.7654,0.78006,0.80499,0.81036,0.8001,0.8001,0.80499,0.79032,0.77517,0.7654,0.74536,0.73021,0.73021,0.73998,0.73998,0.73509,0.71994,0.70039,0.70039,0.71017,0.70528,0.70039,0.70039,0.71017,0.71017,0.71505,0.70528,0.70528,0.71505,0.71994,0.71994,0.71994,0.72532,0.75513,0.93548,1.2356,1.3456,1.1706,0.9653,0.89052,0.89052,0.84018,0.77517,0.73509,0.71505,0.71017,0.71017,0.71017,0.71017,0.71017,0.71505,0.71994,0.73021,0.73509,0.73998,0.75024,0.7654,0.78006,0.78543,0.79521,0.80499,0.81036,0.81036,0.8001,0.8001,0.79521,0.78543,0.77517,0.77028,0.76002,0.75024,0.73998,0.73509,0.73021,0.72532,0.71994,0.71505,0.71505,0.71505,0.71505,0.71994,0.73021,0.73998,0.76002,0.78006,0.79032,0.8001,0.81036,0.82502,0.82014,0.81036,0.80499,0.79521,0.78006,0.7654,0.75513,0.75513,0.76002,0.73998,0.72532,0.71505,0.71505,0.71505,0.71994,0.71994,0.71505,0.71505,0.71505,0.71994,0.71505,0.71017,0.71505,0.71505,0.72532,0.73509,0.74536,0.7654,0.88514,1.1554,1.3255,1.2155,1.0152,0.93548,0.93011,0.87537,0.78543,0.73021,0.71505,0.71505,0.71505,0.71505,0.71505,0.71505,0.72532,0.73021,0.73021,0.73509,0.73998,0.75513,0.7654,0.78006,0.78543,0.79521,0.80499,0.81036,0.81525,0.82014,0.81036,0.79521,0.78543,0.78543,0.78006,0.77028,0.76002,0.76002,0.75513,0.73998,0.73021,0.73021,0.73021,0.72532,0.72532,0.73509,0.73998,0.73998,0.74536,0.76002,0.77517,0.78543,0.79521,0.80499,0.81036,0.8001,0.79521,0.78006,0.7654,0.75513,0.73998,0.73509,0.73021,0.73509,0.72532,0.71994,0.71505,0.71017,0.70528,0.70528,0.70528,0.71017,0.71017,0.70039,0.70039,0.71505,0.71994,0.71505,0.71017,0.71017,0.71505,0.73509,0.75024,0.85533,1.1153,1.3006,1.2053,1.0054,0.91544,0.90029,0.85533,0.78543,0.73509,0.71994,0.70528,0.69501,0.69501,0.69501,0.69501,0.70039,0.70039,0.71017,0.71505,0.73021,0.73509,0.73509,0.74536,0.76002,0.77517,0.78006,0.78543,0.79032,0.79521,0.79521,0.78543,0.77517,0.7654,0.76002,0.76002,0.75024,0.73509,0.71994,0.71017,0.70528,0.71994,0.74536,0.7654,0.77028,0.75513,0.74536,0.73998,0.74536,0.73998,0.73021,0.73021,0.73021,0.71994,0.71994,0.71994,0.71994,0.71505,0.71505,0.71017,0.71017,0.71505,0.71017,0.71017,0.71017,0.71505,0.71017,0.70528,0.70528,0.71505,0.71505,0.75513,0.96041,1.1955,1.2204,1.0054,0.91007,0.90029,0.87048,0.79032,0.72532,0.70039,0.69501,0.69501,0.69501,0.69013,0.69013,0.69501,0.70528,0.71017,0.71505,0.71994,0.73021,0.73998,0.74536,0.75513,0.77028,0.78006,0.77028,0.76002,0.7654,0.77028,0.77517,0.75513,0.73998,0.73509,0.73509,0.73509,0.71994,0.71505,0.70528,0.70528,0.70528,0.71017,0.71505,0.71994,0.73021,0.73509,0.73998,0.73509,0.73509,0.74536,0.75513,0.73998,0.73509,0.73509,0.74536,0.75024,0.73998,0.73509,0.73509,0.73021,0.73021,0.73021,0.73509,0.74536,0.74536,0.73998,0.74536,0.75513,0.75513,0.75024,0.74536,0.73998,0.72532,0.71017,0.71017,0.71994,0.72532,0.71505,0.69501,0.68524,0.69013,0.69013,0.69501,0.69501,0.70039,0.70528,0.70039,0.70528,0.70039,0.69013,0.69501,0.70528,0.71505,0.71505,0.71017,0.8001,1.0655,1.3055,1.3104,1.0103,0.87537,0.85533,0.82502,0.75513,0.71017,0.70528,0.70528,0.69501,0.69013,0.68035,0.68035,0.69013,0.69501,0.70039,0.70039,0.70039,0.71017,0.73509,0.75024,0.76002,0.7654,0.77517,0.78543,0.79032,0.78543,0.78006,0.77517,0.7654,0.76002,0.75513,0.75513,0.76002,0.75513,0.75024,0.74536,0.73998,0.73509,0.71994,0.71505,0.71505,0.71994,0.71994,0.71994,0.73509,0.74536,0.75024,0.75513,0.77028,0.79032,0.80499,0.81036,0.82014,0.8304,0.83529,0.81525,0.80499,0.79521,0.78006,0.75513,0.73998,0.73509,0.73998,0.73509,0.71994,0.71017,0.70039,0.70039,0.70039,0.71017,0.70528,0.69501,0.69501,0.69501,0.69501,0.70039,0.71017,0.71505,0.71017,0.71017,0.72532,0.73021,0.78543,1.0103,1.2556,1.2908,1.0503,0.92522,0.90518,0.87537,0.81036,0.74536,0.71505,0.70039,0.70039,0.70039,0.70039,0.71017,0.71017,0.71505,0.71994,0.73021,0.73021,0.73509,0.74536,0.76002,0.77028,0.78006,0.79521,0.8001,0.80499,0.80499,0.8001,0.8001,0.79521,0.78543,0.78006,0.77517,0.76002,0.74536,0.74536,0.73998,0.73509,0.73021,0.71994,0.71505,0.71994,0.73021,0.73509,0.73998,0.74536,0.75513,0.78006,0.79521,0.78543,0.78543,0.79521,0.80499,0.8001,0.79032,0.78006,0.76002,0.74536,0.73509,0.73509,0.73998,0.73509,0.71994,0.71017,0.71017,0.71017,0.70039,0.70039,0.70039,0.70039,0.70039,0.71017,0.70039,0.70039,0.70528,0.71017,0.71017,0.71505,0.72532,0.73509,0.75024,0.84506,1.0855,1.2605,1.1755,1.0005,0.91544,0.89541,0.84018,0.77028,0.73021,0.71505,0.71505,0.71994,0.71994,0.71994,0.71505,0.71505,0.72532,0.73509,0.73998,0.74536,0.75513,0.7654,0.78006,0.78543,0.78543,0.79521,0.81036,0.82502,0.8304,0.81036,0.80499,0.80499,0.80499,0.79521,0.78543,0.77517,0.76002,0.74536,0.73998,0.73998,0.73509,0.73998,0.73998,0.73509,0.73509,0.73998,0.74536,0.75024,0.75513,0.76002,0.77517,0.78543,0.79521,0.80499,0.82014,0.82502,0.8304,0.82014,0.81036,0.79521,0.7654,0.73998,0.73998,0.74536,0.75024,0.73021,0.71994,0.72532,0.71994,0.71994,0.71505,0.71505,0.71505,0.71505,0.71505,0.71505,0.73021,0.73509,0.73509,0.73021,0.73021,0.75024,0.7654,0.78006,0.91007,1.1755,1.2908,1.1403,0.96041,0.91007,0.90518,0.85533,0.78543,0.75024,0.73998,0.73509,0.73021,0.72532,0.73021,0.73021,0.73998,0.74536,0.74536,0.74536,0.75513,0.7654,0.77517,0.78006,0.79521,0.80499,0.81036,0.81525,0.82014,0.81525,0.81036,0.8001,0.78543,0.78006,0.77517,0.77028,0.7654,0.76002,0.74536,0.73509,0.73509,0.73998,0.73998,0.73509,0.73021,0.73021,0.73021,0.73998,0.75513,0.76002,0.7654,0.79032,0.8001,0.80499,0.8001,0.82014,0.8304,0.82014,0.80499,0.8001,0.78006,0.76002,0.75513,0.75024,0.74536,0.74536,0.73509,0.71994,0.71994,0.71994,0.71994,0.71994,0.71994,0.71994,0.71505,0.71017,0.71017,0.71017,0.71505,0.71994,0.73021,0.73021,0.73021,0.73509,0.75024,0.90518,1.2053,1.3456,1.1955,0.98534,0.89541,0.88514,0.83529,0.7654,0.72532,0.71994,0.72532,0.71994,0.71994,0.71505,0.71994,0.71994,0.73021,0.73509,0.73998,0.74536,0.75513,0.7654,0.78006,0.78543,0.8001,0.81036,0.81525,0.82014,0.81036,0.8001,0.79521,0.78006,0.77028,0.76002,0.75024,0.75024,0.74536,0.73998,0.73021,0.72532,0.71994,0.71994,0.71994,0.71505,0.71994,0.72532,0.73509,0.73998,0.75024,0.77028,0.79032,0.8001,0.81036,0.82502,0.82502,0.82014,0.80499,0.79032,0.77028,0.75513,0.75024,0.75024,0.74536,0.73998,0.73998,0.72532,0.71505,0.71505,0.71994,0.71994,0.71505,0.71017,0.71017,0.71017,0.71505,0.71994,0.72532,0.73021,0.73021,0.73021,0.74536,0.75513,0.82502,1.0552,1.2854,1.3055,1.0704,0.95552,0.93011,0.89052,0.81525,0.74536,0.71994,0.71994,0.71994,0.71994,0.73021,0.73509,0.73021,0.73021,0.73021,0.73998,0.75513,0.76002,0.76002,0.7654,0.78006,0.79521,0.80499,0.81036,0.81525,0.82502,0.82502,0.81525,0.8001,0.78006,0.77517,0.77517,0.7654,0.75513,0.75513,0.76002,0.75024,0.73509,0.72532,0.71994,0.73998,0.77028,0.78006,0.78006,0.79032,0.78543,0.78543,0.79032,0.77517,0.75513,0.74536,0.73998,0.73998,0.75024,0.76002,0.74536,0.73021,0.72532,0.71994,0.72532,0.72532,0.71994,0.71994,0.71994,0.71505,0.71505,0.72532,0.73509,0.73509,0.73021,0.85044,1.1105,1.2605,1.1505,0.99022,0.93011,0.91544,0.85533,0.78006,0.73021,0.71017,0.70039,0.69501,0.70039,0.70039,0.71017,0.71505,0.71505,0.71505,0.73021,0.73021,0.73509,0.75024,0.7654,0.77028,0.77028,0.77517,0.79032,0.79521,0.78543,0.77517,0.7654,0.75513,0.74536,0.74536,0.75024,0.73998,0.73509,0.73509,0.73021,0.71994,0.71017,0.71017,0.71505,0.71994,0.71994,0.73509,0.74536,0.73509,0.73998,0.74536,0.75024,0.75513,0.75513,0.75513,0.76002,0.76002,0.76002,0.76002,0.7654,0.76002,0.75513,0.76002,0.7654,0.7654,0.77517,0.77028,0.77028,0.7654,0.75024,0.73998,0.72532,0.71505,0.71505,0.71505,0.71994,0.71017,0.70039,0.70039,0.70039,0.70039,0.69501,0.69501,0.70039,0.71017,0.71505,0.71017,0.70528,0.71017,0.71994,0.72532,0.73509,0.73998,0.75024,0.88025,1.1505,1.2805,1.1305,0.94037,0.88025,0.88514,0.8304,0.7654,0.73021,0.71994,0.71505,0.71017,0.70528,0.71505,0.71505,0.71994,0.71994,0.72532,0.73021,0.73998,0.75024,0.76002,0.7654,0.78006,0.79032,0.8001,0.81036,0.81525,0.81036,0.80499,0.8001,0.79032,0.78006,0.77517,0.7654,0.76002,0.76002,0.7654,0.75513,0.73998,0.73509,0.73509,0.73509,0.73021,0.73021,0.73509,0.73509,0.73998,0.75513,0.77517,0.78006,0.78006,0.79032,0.79521,0.80499,0.81525,0.82502,0.81036,0.79521,0.78006,0.7654,0.73998,0.73021,0.73021,0.73509,0.71994,0.71505,0.70039,0.69501,0.69013,0.69013,0.68035,0.68035,0.68524,0.68035,0.68035,0.69013,0.70039,0.69501,0.68524,0.68524,0.68524,0.68524,0.69013,0.71017,0.82502,1.1202,1.3206,1.2204,0.99022,0.87537,0.8651,0.82014,0.74536,0.70039,0.68524,0.68035,0.68035,0.68035,0.68524,0.68524,0.69013,0.69501,0.69501,0.69501,0.69501,0.71017,0.71994,0.73021,0.73998,0.75513,0.7654,0.77028,0.77517,0.77028,0.76002,0.75024,0.73998,0.73509,0.72532,0.71505,0.71505,0.71505,0.71017,0.70039,0.70039,0.69501,0.69501,0.69501,0.69013,0.69501,0.70528,0.71505,0.71505,0.71505,0.73021,0.75024,0.76002,0.77517,0.78006,0.78006,0.78543,0.78006,0.77028,0.75513,0.73021,0.71505,0.71017,0.71017,0.71017,0.70039,0.69013,0.68524,0.68035,0.68524,0.68035,0.68035,0.68035,0.68524,0.69013,0.67498,0.68035,0.69501,0.69501,0.70039,0.71017,0.71017,0.71994,0.74536,0.90518,1.1706,1.2708,1.1305,0.97019,0.91007,0.88514,0.82014,0.75513,0.71994,0.71505,0.71017,0.71017,0.70528,0.70039,0.70528,0.71017,0.71994,0.72532,0.71994,0.73509,0.75024,0.76002,0.7654,0.7654,0.78543,0.8001,0.80499,0.8001,0.78543,0.77517,0.77517,0.78006,0.77517,0.7654,0.75513,0.73998,0.73998,0.73509,0.72532,0.71505,0.71994,0.72532,0.71994,0.71994,0.73021,0.73509,0.74536,0.75513,0.76002,0.77028,0.77517,0.78006,0.79521,0.81036,0.82502,0.8304,0.8001,0.78006,0.77028,0.75024,0.73509,0.73021,0.73509,0.73998,0.73509,0.71994,0.71017,0.70039,0.70039,0.71505,0.71994,0.71994,0.71505,0.71017,0.71017,0.71505,0.71994,0.71994,0.71994,0.71994,0.73509,0.75024,0.77028,0.90518,1.1603,1.2654,1.1305,0.97556,0.92522,0.90518,0.84506,0.78006,0.73998,0.72532,0.71994,0.71994,0.72532,0.71994,0.71505,0.73021,0.73998,0.73509,0.73998,0.75513,0.77028,0.77517,0.78543,0.79521,0.81036,0.82502,0.8304,0.84018,0.8304,0.82502,0.81036,0.8001,0.78543,0.77517,0.77517,0.7654,0.75513,0.73998,0.73998,0.73998,0.74536,0.74536,0.73509,0.73509,0.73998,0.74536,0.75024,0.76002,0.7654,0.78006,0.8001,0.81525,0.82014,0.82014,0.81036,0.8001,0.8001,0.80499,0.8001,0.78006,0.76002,0.74536,0.74536,0.75024,0.73509,0.73509,0.73998,0.73998,0.73021,0.73021,0.73021,0.73021,0.73021,0.73509,0.72532,0.71994,0.71994,0.73021,0.73998,0.74536,0.75024,0.75513,0.74536,0.79521,1.0303,1.3157,1.3607,1.1105,0.95015,0.93011,0.90029,0.81525,0.75513,0.73998,0.73509,0.73021,0.71017,0.71017,0.72532,0.73998,0.74536,0.73509,0.73998,0.75024,0.76002,0.77517,0.78543,0.79521,0.80499,0.81525,0.82502,0.82014,0.82014,0.82014,0.81525,0.81036,0.79521,0.78543,0.78006,0.7654,0.75513,0.75513,0.76002,0.77517,0.78543,0.78006,0.77028,0.76002,0.75513,0.75513,0.75024,0.74536,0.74536,0.75024,0.76002,0.77517,0.77517,0.77517,0.78006,0.78006,0.77517,0.77517,0.7654,0.7654,0.75513,0.73998,0.73998,0.74536,0.74536,0.73998,0.73998,0.73509,0.73021,0.82502,1.1153,1.3456,1.3504,1.0753,0.97019,0.94526,0.89052,0.8001,0.73998,0.71994,0.71017,0.70039,0.70039,0.70039,0.70528,0.71017,0.71017,0.71994,0.73509,0.73509,0.73998,0.74536,0.75513,0.7654,0.77517,0.78006,0.78543,0.78543,0.78006,0.77028,0.77517,0.7654,0.75024,0.75024,0.75513,0.75513,0.74536,0.74536,0.73998,0.73509,0.73509,0.74536,0.75513,0.75513,0.75513,0.76002,0.7654,0.7654,0.7654,0.77517,0.77517,0.78006,0.77517,0.7654,0.7654,0.7654,0.76002,0.76002,0.75513,0.76002,0.76002,0.76002,0.75513,0.75513,0.76002,0.76002,0.76002,0.77517,0.78543,0.79032,0.78006,0.77517,0.7654,0.74536,0.73021,0.73021,0.73509,0.74536,0.73998,0.72532,0.71994,0.71994,0.73021,0.72532,0.71994,0.72532,0.73021,0.73021,0.72532,0.72532,0.73021,0.73021,0.73021,0.73998,0.7654,0.78006,0.89052,1.1457,1.2854,1.1706,0.98534,0.91544,0.91007,0.86022,0.78543,0.73998,0.71994,0.71505,0.71505,0.71994,0.71505,0.71994,0.71994,0.73021,0.73021,0.73509,0.73998,0.75513,0.7654,0.77517,0.78543,0.78543,0.79521,0.80499,0.81036,0.81525,0.81036,0.80499,0.79521,0.78006,0.78006,0.78006,0.78006,0.7654,0.75513,0.75513,0.74536,0.73998,0.73509,0.73509,0.73509,0.73998,0.73998,0.74536,0.76002,0.7654,0.77517,0.78006,0.79521,0.80499,0.81036,0.81036,0.81036,0.81525,0.81525,0.81036,0.81036,0.8001,0.78543,0.76002,0.74536,0.74536,0.75513,0.74536,0.72532,0.71017,0.71017,0.71017,0.71017,0.71017,0.71017,0.71017,0.71017,0.71017,0.71017,0.71505,0.71505,0.71017,0.70528,0.71017,0.71994,0.72532,0.77517,0.98534,1.2307,1.2708,1.0455,0.91544,0.89541,0.87048,0.8001,0.73509,0.70528,0.69501,0.69013,0.69013,0.69013,0.69013,0.69501,0.71505,0.71994,0.71505,0.71505,0.73021,0.73509,0.74536,0.76002,0.77517,0.78006,0.78006,0.79521,0.79521,0.78543,0.77517,0.76002,0.75024,0.75024,0.74536,0.73998,0.73509,0.73021,0.73021,0.72532,0.71505,0.71017,0.71505,0.71505,0.71017,0.71505,0.72532,0.73509,0.73021,0.73021,0.73998,0.75024,0.7654,0.78006,0.78543,0.77517,0.77517,0.77517,0.77028,0.7654,0.75024,0.72532,0.71017,0.71505,0.71994,0.71017,0.69501,0.68035,0.67498,0.68035,0.68524,0.68035,0.68035,0.68035,0.68035,0.67498,0.68035,0.69013,0.69013,0.68035,0.67498,0.67498,0.68524,0.70039,0.73509,0.92522,1.2405,1.3504,1.1657,0.95552,0.88025,0.86022,0.8001,0.73021,0.69501,0.67498,0.67498,0.68035,0.68524,0.67498,0.68035,0.69013,0.69501,0.70039,0.71017,0.72532,0.73998,0.74536,0.74536,0.75513,0.7654,0.77517,0.78006,0.78543,0.78006,0.77517,0.76002,0.74536,0.71994,0.70039,0.69501,0.71017,0.71994,0.72532,0.71505,0.70039,0.70039,0.71017,0.71505,0.71017,0.71017,0.71017,0.71994,0.73021,0.74536,0.75513,0.75513,0.76002,0.7654,0.77028,0.7654,0.77517,0.77028,0.75513,0.74536,0.73998,0.73998,0.73509,0.72532,0.81525,1.1007,1.3304,1.3407,1.1153,1.0503,1.0054,0.88514,0.7654,0.71017,0.69013,0.69013,0.68035,0.67498,0.68035,0.67498,0.67009,0.67498,0.68524,0.69013,0.69501,0.70039,0.71017,0.71505,0.71994,0.72532,0.71994,0.71994,0.72532,0.71017,0.70528,0.71017,0.71017,0.71994,0.72532,0.73021,0.73021,0.73509,0.73509,0.73509,0.73509,0.73509,0.73509,0.73509,0.73998,0.73998,0.74536,0.75024,0.74536,0.73998,0.74536,0.75024,0.75513,0.74536,0.73509,0.73021,0.72532,0.71994,0.71994,0.71994,0.72532,0.71505,0.71505,0.71505,0.71994,0.73021,0.72532,0.72532,0.71994,0.71994,0.73509,0.73998,0.74536,0.75513,0.76002,0.7654,0.76002,0.76002,0.74536,0.73021,0.71505,0.71505,0.71994,0.73021,0.73509,0.71505,0.71017,0.71017,0.71017,0.70528,0.71017,0.71017,0.70039,0.70039,0.70528,0.70528,0.70528,0.71505,0.72532,0.73021,0.73998,0.75513,0.8651,1.1256,1.2805,1.1706,0.98045,0.90029,0.89052,0.84506,0.77028,0.72532,0.71017,0.71017,0.71505,0.70528,0.69501,0.69501,0.70528,0.71505,0.71505,0.71994,0.73021,0.73998,0.75024,0.7654,0.7654,0.7654,0.77517,0.78006,0.79032,0.8001,0.8001,0.8001,0.8001,0.79521,0.78543,0.78006,0.77517,0.7654,0.76002,0.74536,0.74536,0.73998,0.73509,0.73509,0.73509,0.73998,0.75024,0.75513,0.75513,0.76002,0.7654,0.76002,0.76002,0.77517,0.8001,0.80499,0.8001,0.79521,0.8001,0.80499,0.8001,0.78543,0.7654,0.75024,0.73509,0.71994,0.71505,0.71994,0.72532,0.71505,0.71017,0.70039,0.70039,0.69501,0.69013,0.69013,0.69013,0.69013,0.69013,0.69013,0.69501,0.70039,0.70039,0.70528,0.71017,0.71505,0.71994,0.76002,0.97019,1.2507,1.3104,1.0806,0.91544,0.88025,0.8651,0.80499,0.74536,0.71505,0.70039,0.69013,0.69013,0.69501,0.70528,0.71017,0.71017,0.71505,0.71994,0.72532,0.73509,0.73998,0.75024,0.7654,0.77517,0.78543,0.79032,0.78543,0.78006,0.78006,0.78006,0.77517,0.77028,0.75513,0.74536,0.73998,0.73021,0.71994,0.71505,0.71017,0.71017,0.70528,0.71017,0.71017,0.71017,0.71994,0.71994,0.71994,0.73021,0.73998,0.75024,0.7654,0.78006,0.78543,0.79521,0.8001,0.79521,0.78006,0.77028,0.76002,0.74536,0.72532,0.71994,0.71994,0.72532,0.71994,0.70528,0.70039,0.70039,0.70528,0.70039,0.69501,0.69501,0.69501,0.69501,0.69501,0.69501,0.70039,0.70039,0.70528,0.70039,0.70039,0.71017,0.71994,0.78543,1.0005,1.2605,1.3055,1.0753,0.92033,0.87537,0.85044,0.79032,0.73021,0.70039,0.69501,0.69501,0.69501,0.69501,0.70039,0.70528,0.70528,0.71017,0.72532,0.73021,0.73021,0.73509,0.75024,0.76002,0.78006,0.79521,0.8001,0.8001,0.79521,0.78543,0.7654,0.75513,0.73998,0.72532,0.71994,0.71994,0.73021,0.73509,0.73998,0.71994,0.71505,0.71505,0.71994,0.72532,0.73021,0.73021,0.73509,0.73998,0.75024,0.75513,0.76002,0.7654,0.77028,0.77028,0.78006,0.78543,0.79032,0.78006,0.77028,0.7654,0.76002,0.75024,0.73021,0.78543,1.0406,1.3255,1.3656,1.1603,1.0806,1.0455,0.94526,0.81525,0.73998,0.71017,0.69013,0.67498,0.67498,0.68524,0.69501,0.69501,0.70039,0.70039,0.70039,0.71017,0.71505,0.71994,0.73021,0.73509,0.73998,0.73998,0.73998,0.73509,0.74536,0.74536,0.74536,0.73998,0.73998,0.73998,0.75024,0.76002,0.7654,0.7654,0.76002,0.75513,0.75513,0.75513,0.7654,0.77028,0.77517,0.78006,0.78543,0.79032,0.78543,0.78006,0.78006,0.77517,0.7654,0.7654,0.77028,0.77517,0.77517,0.77517,0.77517,0.77028,0.76002,0.75513,0.76002,0.7654,0.76002,0.75513,0.76002,0.76002,0.76002,0.77517,0.78543,0.79032,0.78543,0.8001,0.81036,0.80499,0.80499,0.8001,0.78543,0.7654,0.75513,0.76002,0.77028,0.77517,0.76002,0.75024,0.75513,0.75513,0.74536,0.74536,0.75513,0.75513,0.74536,0.74536,0.75024,0.75513,0.75024,0.75024,0.75513,0.78006,0.79521,0.83529,1.0254,1.2757,1.3206,1.1153,0.97019,0.94037,0.91544,0.84506,0.79032,0.76002,0.75513,0.75513,0.75024,0.74536,0.75024,0.75513,0.75024,0.74536,0.74536,0.75513,0.7654,0.78543,0.8001,0.8001,0.8001,0.80499,0.81036,0.82014,0.82502,0.82014,0.81525,0.81036,0.81036,0.81525,0.80499,0.8001,0.79521,0.79521,0.79521,0.8001,0.79521,0.79521,0.78543,0.78006,0.77517,0.78006,0.78543,0.78543,0.78006,0.78543,0.79521,0.8001,0.80499,0.8001,0.82014,0.82502,0.82502,0.83529,0.84506,0.84506,0.8304,0.81525,0.8001,0.78543,0.7654,0.76002,0.76002,0.76002,0.75513,0.74536,0.73998,0.73998,0.73998,0.73509,0.72532,0.72532,0.73021,0.71994,0.71994,0.73021,0.73021,0.73509,0.74536,0.74536,0.74536,0.75024,0.75513,0.85044,1.1153,1.3006,1.2107,1.0152,0.93011,0.92033,0.87537,0.8001,0.75024,0.73021,0.71994,0.71505,0.71994,0.72532,0.73509,0.73998,0.74536,0.73998,0.75024,0.75513,0.75513,0.77028,0.78543,0.79032,0.8001,0.81525,0.82014,0.81525,0.80499,0.80499,0.81525,0.80499,0.78543,0.7654,0.76002,0.75513,0.75024,0.75024,0.73998,0.73509,0.73509,0.73509,0.73998,0.73509,0.73021,0.73998,0.74536,0.74536,0.75024,0.76002,0.78006,0.79521,0.79521,0.8001,0.81525,0.82502,0.82014,0.8001,0.78543,0.77517,0.76002,0.74536,0.73998,0.73998,0.73509,0.71994,0.71505,0.71505,0.71994,0.71505,0.71505,0.71017,0.71017,0.70039,0.70039,0.70039,0.70528,0.71505,0.71505,0.71994,0.73021,0.73021,0.73021,0.75024,0.88025,1.1755,1.3656,1.2405,1.0103,0.89541,0.88025,0.83529,0.77028,0.72532,0.71017,0.70528,0.70039,0.70039,0.70039,0.70039,0.70528,0.71505,0.71994,0.73021,0.73509,0.73998,0.75024,0.76002,0.7654,0.78006,0.78543,0.79521,0.8001,0.80499,0.8001,0.78543,0.78006,0.7654,0.76002,0.75513,0.75024,0.73998,0.72532,0.71994,0.71994,0.71505,0.71505,0.71994,0.71994,0.71505,0.71017,0.71505,0.73021,0.73998,0.75513,0.7654,0.78006,0.79521,0.80499,0.81036,0.81036,0.81525,0.8001,0.77517,0.75513,0.74536,0.73998,0.73509,0.72532,0.71505,0.71505,0.71017,0.70039,0.70039,0.71017,0.71017,0.70528,0.71017,0.71017,0.71017,0.71505,0.71994,0.72532,0.71505,0.71994,0.73509,0.74536,0.7654,0.93548,1.2155,1.3104,1.1457,0.98045,0.93548,0.91544,0.85044,0.77517,0.73998,0.72532,0.71505,0.71017,0.71017,0.71505,0.71505,0.71505,0.72532,0.73509,0.73998,0.74536,0.75024,0.7654,0.77517,0.79032,0.80499,0.81036,0.81036,0.81036,0.81036,0.80499,0.79521,0.79032,0.78543,0.78006,0.7654,0.76002,0.76002,0.75513,0.73998,0.73021,0.73021,0.73021,0.73021,0.73021,0.73509,0.73998,0.74536,0.74536,0.75024,0.76002,0.77517,0.79032,0.79521,0.8001,0.80499,0.8001,0.79032,0.77028,0.75513,0.74536,0.73509,0.73021,0.72532,0.72532,0.71994,0.71017,0.70039,0.70039,0.70528,0.71505,0.71994,0.71505,0.70039,0.69501,0.70528,0.71017,0.71017,0.71994,0.73021,0.72532,0.71994,0.73998,0.76002,0.8651,1.1153,1.2757,1.1706,0.99022,0.91007,0.90029,0.84506,0.77028,0.73509,0.73021,0.71994,0.71505,0.71017,0.71017,0.71017,0.71505,0.71505,0.71994,0.72532,0.73021,0.73998,0.76002,0.7654,0.77028,0.78006,0.79032,0.8001,0.80499,0.80499,0.8001,0.8001,0.79521,0.79032,0.78543,0.77517,0.7654,0.75513,0.73998,0.73509,0.73021,0.72532,0.71994,0.71505,0.71017,0.71505,0.72532,0.73509,0.73509,0.73998,0.74536,0.75513,0.7654,0.77517,0.78543,0.79032,0.79521,0.79521,0.78543,0.7654,0.74536,0.73021,0.72532,0.72532,0.73021,0.71994,0.71017,0.70528
