1.3069,1.304,1.303,1.3001,1.2962,1.2923,1.2884,1.2845,1.2805,1.2766,1.2717,1.2649,1.2571,1.2483,1.2434,1.2405,1.2375,1.2336,1.2297,1.2258,1.2219,1.217,1.2141,1.2121,1.2111,1.2111,1.2121,1.2121,1.2111,1.2102,1.2082,1.2092,1.2199,1.2483,1.3021,1.3871,1.5044,1.65,1.8162,1.9677,2.1085,2.262,2.4086,2.5386,2.6481,2.7341,2.7986,2.8436,2.8719,2.8876,2.8905,2.8817,2.8651,2.8436,2.8182,2.7908,2.7615,2.7283,2.6911,2.652,2.607,2.5562,2.4995,2.4438,2.3871,2.3216,2.2502,2.175,2.0958,2.0147,1.9345,1.8602,1.7928,1.7331,1.6823,1.6422,1.6139,1.5943,1.5787,1.5679,1.5601,1.5503,1.5396,1.5279,1.5142,1.4985,1.479,1.4565,1.437,1.4184,1.3988,1.3783,1.3568,1.3353,1.3138,1.2933,1.2717,1.2502,1.2307,1.2121,1.1945,1.1818,1.1701,1.1544,1.1369,1.1173,1.0997,1.085,1.0714,1.0587,1.0499,1.043,1.0362,1.0332,1.0303,1.0244,1.0176,1.0088,1,0.99218,0.98436,0.97849,0.97361,0.9697,0.96481,0.9609,0.95992,0.95992,0.95797,0.95503,0.95308,0.9521,0.9521,0.9521,0.95112,0.95112,0.95112,0.95112,0.95406,0.95699,0.95797,0.95797,0.95699,0.95699,0.95894,0.96481,0.9824,1.0186,1.0792,1.1691,1.2884,1.4115,1.5425,1.6999,1.868,2.0332,2.1857,2.3216,2.436,2.5269,2.5953,2.6442,2.6755,2.6891,2.6911,2.6872,2.6784,2.6647,2.6461,2.6227,2.5953,2.564,2.5288,2.4917,2.4497,2.4027,2.3548,2.305,2.2473,2.1838,2.1163,2.0469,1.9765,1.9071,1.8426,1.784,1.7331,1.6911,1.6598,1.6364,1.6188,1.607,1.5992,1.6119,1.6344,1.6432,1.6452,1.6442,1.6422,1.6364,1.6266,1.6178,1.609,1.5982,1.5865,1.5738,1.5601,1.5455,1.5318,1.5181,1.5034,1.4888,1.4721,1.4585,1.4467,1.4321,1.4174,1.4037,1.39,1.3773,1.3636,1.3509,1.3402,1.3304,1.3206,1.3109,1.304,1.2972,1.2874,1.2766,1.2678,1.259,1.2512,1.2463,1.2434,1.2424,1.2414,1.2395,1.2385,1.2395,1.2395,1.2375,1.2356,1.2317,1.2278,1.2239,1.2199,1.218,1.217,1.216,1.216,1.218,1.2219,1.2248,1.2268,1.2278,1.2278,1.2268,1.2258,1.2258,1.2326,1.2512,1.2884,1.3392,1.4096,1.5161,1.654,1.8143,1.9853,2.1574,2.3196,2.4643,2.5865,2.6852,2.7615,2.8162,2.8475,2.8622,2.87,2.871,2.8671,2.8583,2.8436,2.8221,2.7957,2.7664,2.7341,2.6979,2.6588,2.6178,2.5728,2.523,2.4682,2.4066,2.3382,2.2649,2.1887,2.1105,2.0332,1.9599,1.8974,1.8436,1.7918,1.7449,1.7067,1.6784,1.6569,1.6413,1.6315,1.6237,1.6149,1.6051,1.5963,1.5894,1.5816,1.5718,1.5591,1.5445,1.5288,1.5103,1.4897,1.4692,1.4477,1.4282,1.4096,1.3949,1.3812,1.3636,1.3441,1.3255,1.3089,1.2933,1.2786,1.2659,1.2532,1.2405,1.2278,1.2151,1.2063,1.2004,1.1916,1.1808,1.1691,1.1564,1.1457,1.1378,1.13,1.1241,1.1193,1.1144,1.1134,1.1153,1.1163,1.1153,1.1124,1.1095,1.1056,1.0987,1.0919,1.086,1.0811,1.0762,1.0714,1.0714,1.0733,1.0733,1.0723,1.0704,1.0694,1.0694,1.0684,1.0655,1.0616,1.0577,1.0538,1.0528,1.0538,1.0547,1.0645,1.0929,1.1457,1.2268,1.3372,1.4751,1.6344,1.8045,1.9736,2.132,2.2581,2.3568,2.4506,2.5298,2.5914,2.6344,2.6628,2.6794,2.6852,2.6823,2.6735,2.6598,2.6403,2.6158,2.5885,2.5562,2.5181,2.4761,2.4311,2.3812,2.3275,2.2698,2.2053,2.1339,2.0587,1.9892,1.9247,1.8563,1.7889,1.7263,1.6716,1.6246,1.5855,1.5552,1.5337,1.521,1.5152,1.5132,1.5132,1.5132,1.5132,1.5132,1.5132,1.5122,1.5103,1.5093,1.5093,1.5093,1.5073,1.5044,1.5034,1.5015,1.4966,1.4897,1.4819,1.4731,1.4643,1.4545,1.4448,1.433,1.4213,1.4076,1.3959,1.3891,1.3832,1.3783,1.3734,1.3685,1.3636,1.3587,1.3558,1.3529,1.349,1.3441,1.3392,1.3372,1.3363,1.3333,1.3294,1.3255,1.3236,1.3226,1.3196,1.3167,1.3157,1.3138,1.3109,1.3089,1.3079,1.305,1.303,1.3021,1.3001,1.2991,1.3001,1.3001,1.3001,1.3001,1.2991,1.2962,1.2942,1.2933,1.2903,1.2893,1.2942,1.3128,1.349,1.4115,1.5073,1.6334,1.7849,1.956,2.1105,2.2512,2.3998,2.5406,2.6657,2.7693,2.8514,2.912,2.9531,2.9785,2.9902,2.9902,2.9824,2.9677,2.9492,2.9277,2.9022,2.8729,2.8416,2.8074,2.7674,2.7214,2.6706,2.6129,2.5494,2.4868,2.4242,2.3519,2.2717,2.1887,2.1046,2.0244,1.9501,1.8837,1.826,1.7771,1.739,1.7116,1.6931,1.6804,1.6716,1.6647,1.6569,1.6461,1.6334,1.6207,1.607,1.5934,1.5767,1.5582,1.5425,1.5288,1.5132,1.4946,1.4741,1.4526,1.4321,1.4115,1.3949,1.3793,1.3646,1.35,1.3392,1.3304,1.3187,1.304,1.2864,1.2708,1.2571,1.2454,1.2356,1.2258,1.216,1.2072,1.1994,1.1945,1.1926,1.1887,1.1848,1.1799,1.176,1.1711,1.1662,1.1613,1.1564,1.1525,1.1476,1.1457,1.1447,1.1417,1.1369,1.131,1.1251,1.1202,1.1153,1.1114,1.1075,1.1036,1.1017,1.0987,1.0987,1.0987,1.0968,1.0938,1.0899,1.086,1.0831,1.0821,1.088,1.1065,1.1457,1.2131,1.2942,1.392,1.5249,1.6852,1.8592,2.0332,2.1965,2.3421,2.4663,2.566,2.6403,2.6921,2.7243,2.738,2.737,2.7283,2.7146,2.696,2.6725,2.6461,2.6149,2.5816,2.5464,2.5064,2.4614,2.4174,2.3695,2.3118,2.2454,2.172,2.0938,2.0127,1.9306,1.8485,1.7693,1.696,1.6295,1.5718,1.5288,1.4966,1.4702,1.4506,1.436,1.4272,1.4223,1.4184,1.4154,1.4115,1.4047,1.3969,1.391,1.3861,1.3803,1.3744,1.3685,1.3636,1.3587,1.3529,1.3451,1.3382,1.3314,1.3226,1.3148,1.3109,1.3089,1.306,1.2991,1.2913,1.2825,1.2737,1.2669,1.261,1.2561,1.2512,1.2463,1.2434,1.2424,1.2405,1.2395,1.2385,1.2356,1.2326,1.2317,1.2307,1.2307,1.2307,1.2307,1.2307,1.2326,1.2356,1.2385,1.2414,1.2424,1.2258,1.2004,1.1887,1.1848,1.1838,1.1828,1.1828,1.1848,1.1887,1.1916,1.1945,1.1984,1.2023,1.2072,1.2121,1.217,1.2209,1.2239,1.2287,1.2385,1.2542,1.2815,1.3304,1.4076,1.5161,1.6569,1.8221,2.0049,2.1945,2.3793,2.5513,2.7019,2.8123,2.8935,2.9638,3.0196,3.0616,3.087,3.0978,3.0958,3.0831,3.0635,3.0381,3.0078,2.9726,2.9345,2.8925,2.8465,2.7986,2.7468,2.6901,2.6266,2.5543,2.4741,2.3871,2.2962,2.2053,2.1261,2.0528,1.9775,1.9071,1.8456,1.7937,1.7517,1.7185,1.6931,1.6745,1.6608,1.6491,1.6393,1.6305,1.6237,1.6149,1.6031,1.5904,1.5758,1.5582,1.5396,1.5191,1.4985,1.479,1.4614,1.4457,1.4321,1.4154,1.3978,1.3793,1.3597,1.3421,1.3245,1.3069,1.2913,1.2757,1.261,1.2502,1.2405,1.2297,1.2199,1.2102,1.1984,1.1857,1.173,1.1632,1.1554,1.1496,1.1437,1.1398,1.1408,1.1437,1.1447,1.1457,1.1457,1.1457,1.1457,1.1457,1.1457,1.1457,1.1457,1.1437,1.1427,1.1447,1.1457,1.1457,1.1457,1.1457,1.1466,1.1496,1.1535,1.1584,1.1623,1.1642,1.1652,1.1662,1.1662,1.1623,1.1593,1.1584,1.1652,1.1887,1.2366,1.3177,1.4321,1.5758,1.7439,1.9013,2.0518,2.219,2.3842,2.5347,2.6608,2.7615,2.8387,2.8944,2.9316,2.9541,2.9629,2.9599,2.9462,2.9247,2.8993,2.871,2.8397,2.8074,2.7713,2.7312,2.6882,2.6403,2.5846,2.521,2.4594,2.3949,2.3206,2.2385,2.1525,2.0655,1.9804,1.9003,1.828,1.7664,1.7136,1.6706,1.6364,1.6119,1.5943,1.5787,1.566,1.5572,1.5494,1.5406,1.5298,1.5161,1.4976,1.478,1.4585,1.4409,1.4233,1.4027,1.3793,1.3539,1.3294,1.305,1.2805,1.2581,1.2375,1.2151,1.1935,1.176,1.1632,1.1535,1.1408,1.1261,1.1095,1.0938,1.0782,1.0635,1.0518,1.0411,1.0303,1.0215,1.0166,1.0147,1.0108,1.0068,1.0039,1.001,0.99804,0.99707,0.99609,0.99609,0.99609,0.99609,0.99609,0.99804,1.002,1.0039,1.0049,1.0049,1.0059,1.0088,1.0117,1.0137,1.0147,1.0147,1.0147,1.0176,1.0215,1.0235,1.0215,1.0186,1.0156,1.0127,1.0127,1.0176,1.0323,1.0626,1.1153,1.1789,1.26,1.3773,1.5239,1.6901,1.8671,2.043,2.2082,2.3548,2.48,2.5816,2.6588,2.7136,2.7449,2.7586,2.7654,2.7634,2.7527,2.7351,2.7126,2.6843,2.651,2.6149,2.5758,2.5327,2.4917,2.4506,2.4018,2.3431,2.2786,2.2082,2.1329,2.0538,1.9746,1.8974,1.826,1.7605,1.7019,1.6569,1.6774,1.6667,1.6549,1.6422,1.6305,1.6227,1.6129,1.6012,1.5865,1.5679,1.5455,1.522,1.4985,1.477,1.4555,1.435,1.4135,1.3949,1.3793,1.3617,1.3441,1.3275,1.3118,1.2962,1.2805,1.2649,1.2502,1.2346,1.2199,1.2043,1.1945,1.1867,1.1799,1.175,1.1691,1.1652,1.1632,1.1623,1.1623,1.1535,1.1554,1.1662,1.1867,1.2248,1.2942,1.3988,1.5376,1.7067,1.8954,2.0909,2.2805,2.4555,2.608,2.7351,2.8348,2.9003,2.9404,2.9717,2.9912,2.999,2.9961,2.9844,2.9648,2.9384,2.9081,2.8739,2.8348,2.7937,2.7507,2.7019,2.6452,2.5826,2.5132,2.436,2.3519,2.263,2.1691,2.0762,1.9863,1.9081,1.8387,1.7693,1.7058,1.65,1.6031,1.567,1.5396,1.52,1.5064,1.4966,1.4888,1.479,1.4721,1.4663,1.4565,1.4448,1.4311,1.4154,1.3998,1.3842,1.3695,1.3568,1.3451,1.3372,1.3333,1.3284,1.3206,1.3109,1.2981,1.2845,1.2698,1.2551,1.2405,1.2248,1.2102,1.1945,1.1818,1.176,1.174,1.172,1.1681,1.1632,1.1584,1.1525,1.1476,1.1417,1.1369,1.1339,1.13,1.1281,1.1281,1.1261,1.1222,1.1183,1.1144,1.1124,1.1114,1.1114,1.1114,1.1114,1.1085,1.1046,1.1056,1.1085,1.1095,1.1114,1.1163,1.1212,1.1261,1.131,1.1339,1.1349,1.1369,1.1417,1.1515,1.1681,1.1955,1.2434,1.3216,1.435,1.5816,1.7566,1.9541,2.1603,2.3617,2.5494,2.7155,2.8397,2.9316,3.0147,3.0811,3.132,3.1672,3.1848,3.1877,3.1789,3.1593,3.132,3.1007,3.0655,3.0283,2.9883,2.9443,2.8954,2.8407,2.7791,2.7107,2.6344,2.5523,2.4252,2.2776,2.1632,2.0743,2.002,1.9345,1.8759,1.828,1.7889,1.7576,1.7322,1.7126,1.697,1.6852,1.6764,1.6696,1.6657,1.6618,1.6549,1.6461,1.6373,1.6256,1.61,1.5924,1.5748,1.5562,1.5386,1.523,1.5103,1.4976,1.4809,1.4604,1.4379,1.4145,1.392,1.3724,1.3558,1.3402,1.3245,1.3109,1.3021,1.2933,1.2757,1.2581,1.2454,1.2336,1.2239,1.216,1.2102,1.2043,1.1975,1.1887,1.1808,1.175,1.1701,1.1652,1.1603,1.1554,1.1505,1.1476,1.1466,1.1466,1.1466,1.1466,1.1466,1.1486,1.1496,1.1496,1.1496,1.1476,1.1466,1.1476,1.1486,1.1476,1.1447,1.1408,1.1369,1.1349,1.1388,1.1515,1.1789,1.2317,1.3148,1.433,1.5826,1.7556,1.9443,2.1369,2.3236,2.4936,2.6237,2.7234,2.8162,2.8954,2.957,2.999,3.0254,3.0381,3.0411,3.0352,3.0235,3.0059,2.9814,2.9521,2.9179,2.8807,2.8416,2.7977,2.7498,2.697,2.6373,2.5718,2.4995,2.4203,2.3363,2.2581,2.1828,2.1026,2.0215,1.9433,1.871,1.8065,1.7507,1.7058,1.6716,1.6471,1.6305,1.6188,1.609,1.5992,1.5894,1.5797,1.5679,1.5523,1.5367,1.522,1.5064,1.4878,1.4673,1.4457,1.4272,1.4096,1.3881,1.3656,1.3441,1.3236,1.304,1.2845,1.2649,1.2454,1.2248,1.2053,1.1906,1.1769,1.1603,1.1437,1.1281,1.1134,1.0987,1.086,1.0733,1.0606,1.0499,1.0391,1.0293,1.0235,1.0196,1.0127,1.0068,1.0039,1,0.99511,0.99022,0.98338,0.97556,0.96676,0.95699,0.95112,0.94721,0.94135,0.93451,0.92864,0.92571,0.92473,0.92375,0.92375,0.92375,0.92278,0.92082,0.91887,0.91789,0.91691,0.91398,0.91007,0.90811,0.91202,0.92571,0.95797,1.0166,1.1065,1.2326,1.391,1.5484,1.7048,1.8847,2.0694,2.2434,2.3988,2.5308,2.6364,2.7165,2.7752,2.8143,2.8348,2.8416,2.8358,2.8221,2.8045,2.783,2.7566,2.7263,2.6931,2.6549,2.6119,2.564,2.5073,2.4418,2.3773,2.3099,2.2317,2.1457,2.0547,1.9619,1.871,1.7859,1.7087,1.6422,1.5875,1.5445,1.5132,1.4927,1.48,1.4712,1.4663,1.4633,1.4624,1.4614,1.4604,1.4585,1.4565,1.4526,1.4487,1.4457,1.4428,1.4389,1.434,1.4438,1.4585,1.4624,1.4604,1.4526,1.4428,1.434,1.4252,1.4174,1.4135,1.4106,1.4037,1.3988,1.3939,1.3891,1.3861,1.3822,1.3793,1.3754,1.3695,1.3646,1.3617,1.3578,1.3509,1.3441,1.3402,1.3363,1.3333,1.3324,1.3304,1.3275,1.3245,1.3236,1.3226,1.3226,1.3226,1.3196,1.3138,1.3089,1.304,1.3001,1.2981,1.2952,1.2933,1.2923,1.2903,1.2893,1.2903,1.2903,1.2903,1.2903,1.2903,1.2923,1.303,1.3294,1.3803,1.4604,1.5718,1.7136,1.8524,1.9932,2.1584,2.3284,2.4897,2.6334,2.7566,2.8573,2.9374,2.9971,3.0381,3.0635,3.0714,3.0674,3.0596,3.0479,3.0313,3.0088,2.9814,2.9511,2.9159,2.8759,2.8309,2.7801,2.7273,2.6716,2.608,2.5376,2.4594,2.3783,2.2942,2.2082,2.1241,2.044,1.9707,1.9071,1.8553,1.8162,1.7859,1.7595,1.738,1.7214,1.7087,1.6979,1.6882,1.6774,1.6647,1.6491,1.6325,1.6178,1.6031,1.5885,1.5728,1.5533,1.5327,1.5112,1.4888,1.4653,1.4418,1.4184,1.3969,1.3773,1.3617,1.349,1.3333,1.3167,1.3001,1.2854,1.2717,1.2581,1.2444,1.2307,1.217,1.2043,1.1965,1.1906,1.1857,1.1808,1.1769,1.172,1.1681,1.1632,1.1584,1.1554,1.1535,1.1525,1.1525,1.1535,1.1535,1.1525,1.1525,1.1496,1.1466,1.1427,1.1388,1.1369,1.1359,1.1349,1.1359,1.1398,1.1447,1.1486,1.1505,1.1515,1.1515,1.1515,1.1515,1.1515,1.1525,1.1593,1.1769,1.2278,1.2864,1.347,1.4477,1.5855,1.7507,1.9316,2.1183,2.2972,2.4585,2.5982,2.7146,2.8065,2.8661,2.9022,2.9296,2.9443,2.9482,2.9433,2.9296,2.9081,2.8817,2.8534,2.8221,2.7889,2.7517,2.7136,2.6735,2.6266,2.5728,2.5112,2.4409,2.3646,2.2825,2.1965,2.1085,2.0235,1.9423,1.8749,1.8182,1.7654,1.7204,1.6833,1.654,1.6305,1.6119,1.5982,1.5855,1.5728,1.5601,1.5474,1.5347,1.521,1.5034,1.4829,1.4614,1.4409,1.4213,1.4008,1.3773,1.3519,1.3265,1.303,1.2845,1.2688,1.2512,1.2326,1.2131,1.1935,1.176,1.1603,1.1466,1.132,1.1153,1.0987,1.0841,1.0743,1.0674,1.0587,1.0499,1.0411,1.0049,1.0039,1.001,0.99804,0.99609,0.99707,1.001,1.0108,1.0303,1.0665,1.1261,1.216,1.3363,1.4829,1.651,1.8299,2.0088,2.1779,2.3294,2.4438,2.5288,2.6051,2.6696,2.7155,2.74,2.7546,2.7586,2.7537,2.7439,2.7283,2.7067,2.6794,2.6491,2.6158,2.5777,2.5347,2.4868,2.433,2.3724,2.306,2.2326,2.1554,2.0762,1.9961,1.9267,1.8651,1.8035,1.7478,1.7019,1.6647,1.6354,1.6149,1.6012,1.5934,1.5894,1.5885,1.5904,1.5934,1.5973,1.6002,1.6012,1.6022,1.6012,1.5973,1.5914,1.5836,1.5738,1.5601,1.5464,1.5347,1.5249,1.5132,1.5015,1.4888,1.4761,1.4624,1.4477,1.434,1.4203,1.4086,1.3978,1.3891,1.3822,1.3763,1.3695,1.3617,1.3529,1.3441,1.3363,1.3275,1.3187,1.3099,1.3011,1.2933,1.2874,1.2815,1.2757,1.2708,1.2659,1.263,1.26,1.2561,1.2522,1.2483,1.2454,1.2434,1.2434,1.2463,1.2512,1.2551,1.2581,1.26,1.2581,1.2551,1.2502,1.2434,1.2356,1.2297,1.2317,1.2434,1.2678,1.3157,1.3939,1.5034,1.6442,1.8084,1.9853,2.1652,2.3382,2.4946,2.6285,2.739,2.8133,2.8622,2.9052,2.9384,2.9599,2.9707,2.9736,2.9687,2.955,2.9345,2.9091,2.8798,2.8475,2.8104,2.7703,2.7263,2.6774,2.6246,2.5484,2.4761,2.4203,2.3529,2.2776,2.1984,2.1163,2.043,1.9775,1.913,1.8524,1.7996,1.7546,1.7175,1.6882,1.6657,1.6481,1.6334,1.6217,1.6129,1.6041,1.5943,1.5836,1.5689,1.5543,1.5406,1.5269,1.5103,1.4917,1.4712,1.4506,1.4301,1.4145,1.4018,1.3861,1.3695,1.3529,1.3363,1.3187,1.3021,1.2854,1.2717,1.26,1.2473,1.2385,1.2307,1.2199,1.2082,1.1955,1.1838,1.173,1.1623,1.1525,1.1447,1.1398,1.1369,1.1339,1.1329,1.1339,1.1339,1.1339,1.1339,1.1339,1.1339,1.1339,1.1339,1.1339,1.1339,1.1339,1.1349,1.1359,1.1349,1.1349,1.1349,1.1349,1.1349,1.1349,1.1349,1.1349,1.1349,1.1349,1.1349,1.1359,1.1378,1.1457,1.1672,1.216,1.2962,1.4027,1.5396,1.6999,1.8749,2.0538,2.2268,2.3656,2.4761,2.5816,2.6716,2.7419,2.7947,2.8319,2.8543,2.8631,2.8612,2.8514,2.8328,2.8074,2.7781,2.7449,2.7087,2.6696,2.6285,2.5836,2.5337,2.478,2.4164,2.348,2.2717,2.1896,2.1134,2.0391,1.957,1.8739,1.7947,1.7224,1.6569,1.6031,1.5601,1.5239,1.4985,1.4829,1.4721,1.4643,1.4575,1.4497,1.4409,1.4311,1.4203,1.4076,1.393,1.3773,1.3607,1.3431,1.3265,1.3128,1.3011,1.2893,1.2766,1.2639,1.2512,1.2385,1.2258,1.2141,1.2023,1.2082,1.2053,1.2014,1.1975,1.1935,1.1896,1.1867,1.1857,1.1848,1.1848,1.1848,1.1848,1.1857,1.1867,1.1877,1.1887,1.1916,1.1945,1.1984,1.2023,1.2063,1.2111,1.219,1.2268,1.2346,1.2424,1.2493,1.2542,1.259,1.2649,1.2786,1.305,1.3509,1.4262,1.5318,1.6657,1.8231,1.9687,2.1065,2.2581,2.4066,2.5406,2.6549,2.7458,2.8133,2.8612,2.8925,2.9091,2.912,2.9013,2.8807,2.8563,2.8299,2.8016,2.7703,2.737,2.7028,2.6657,2.6227,2.5738,2.5191,2.4604,2.4027,2.3421,2.2727,2.1984,2.1193,2.0401,1.9638,1.8925,1.828,1.7713,1.7234,1.6852,1.6579,1.6383,1.6227,1.6109,1.6012,1.5914,1.5816,1.5718,1.564,1.5582,1.5513,1.5415,1.5327,1.523,1.5093,1.4917,1.4731,1.4545,1.436,1.4164,1.3978,1.3793,1.3607,1.3431,1.3275,1.3167,1.3079,1.2981,1.2864,1.2747,1.261,1.2454,1.2317,1.219,1.2063,1.1945,1.1848,1.1789,1.176,1.172,1.1681,1.1662,1.1652,1.1642,1.1642,1.1632,1.1603,1.1554,1.1515,1.1476,1.1457,1.1466,1.1466,1.1466,1.1466,1.1466,1.1466,1.1466,1.1466,1.1466,1.1466,1.1466,1.1496,1.1544,1.1574,1.1593,1.1613,1.1623,1.1632,1.1632,1.1632,1.1652,1.174,1.1984,1.2444,1.303,1.3822,1.4956,1.6354,1.7957,1.9638,2.129,2.2805,2.4135,2.5249,2.6119,2.6764,2.7146,2.7341,2.7478,2.7517,2.7478,2.737,2.7204,2.6999,2.6755,2.6442,2.61,2.5728,2.5318,2.4897,2.4467,2.3969,2.3392,2.2747,2.2033,2.1271,2.0479,1.9677,1.8876,1.8104,1.737,1.6764,1.6276,1.5806,1.5386,1.5034,1.4751,1.4526,1.436,1.4242,1.4125,1.4008,1.3891,1.3763,1.3646,1.3539,1.3402,1.3236,1.3079,1.2913,1.2737,1.2571,1.2395,1.2209,1.2023,1.1848,1.1378,1.0762,1.0371,1.0108,0.9912,0.97458,0.95797,0.94233,0.92962,0.91691,0.90714,0.90029,0.89443,0.89247,0.89247,0.89052,0.88759,0.88368,0.87977,0.87488,0.86999,0.86608,0.86119,0.8563,0.85239,0.85142,0.85435,0.85533,0.8563,0.8563,0.85533,0.85533,0.85533,0.85533,0.85533,0.85533,0.85533,0.85533,0.85826,0.86315,0.86608,0.86804,0.87195,0.87586,0.87781,0.87683,0.87586,0.87781,0.88172,0.89443,0.91789,0.95797,1.0264,1.1261,1.2571,1.4135,1.5894,1.7761,1.9599,2.1329,2.2893,2.4233,2.5318,2.607,2.6569,2.6979,2.7263,2.741,2.7429,2.7351,2.7204,2.697,2.6667,2.6325,2.5943,2.5562,2.5161,2.4721,2.4242,2.3724,2.3148,2.2502,2.1799,2.1065,2.0303,1.955,1.8807,1.8104,1.7527,1.7048,1.6598,1.6227,1.5934,1.5709,1.5543,1.5435,1.5386,1.5357,1.5347,1.5327,1.5298,1.5249,1.5171,1.5093,1.4985,1.4848,1.4721,1.4585,1.4448,1.4311,1.4164,1.3998,1.3851,1.3724,1.3587,1.346,1.3353,1.3245,1.3109,1.2962,1.2805,1.2649,1.2502,1.2346,1.218,1.2053,1.1955,1.1838,1.173,1.1652,1.1574,1.1486,1.1398,1.1281,1.1163,1.1065,1.0978,1.0938,1.0909,1.0841,1.0772,1.0723,1.0674,1.0626,1.0577,1.0547,1.0528,1.0518,1.0518,1.0518,1.0528,1.0538,1.0538,1.0538,1.0538,1.0528,1.0528,1.0528,1.0518,1.0518,1.0518,1.0518,1.0538,1.0626,1.086,1.1349,1.2141,1.3255,1.4692,1.6364,1.8192,2.0068,2.1857,2.35,2.4917,2.5963,2.6716,2.7361,2.7869,2.8211,2.8407,2.8485,2.8465,2.8358,2.8192,2.7977,2.7722,2.7439,2.7126,2.6794,2.6432,2.6031,2.5582,2.5073,2.4497,2.3851,2.3118,2.2307,2.1457,2.0577,1.9765,1.9032,1.826,1.7517,1.6833,1.6256,1.5777,1.5396,1.5103,1.4897,1.477,1.4682,1.4624,1.4575,1.4506,1.4409,1.4291,1.4164,1.4027,1.3851,1.3646,1.3441,1.3255,1.3069,1.2884,1.2737,1.26,1.2444,1.2278,1.2111,1.1965,1.1808,1.1632,1.1457,1.1281,1.1095,1.0929,1.0802,1.0694,1.0567,1.044,1.0313,1.0205,1.0108,1.001,0.9912,0.9824,0.97361,0.96579,0.95894,0.95601,0.95406,0.95015,0.9433,0.93646,0.9306,0.96285,1.0147,1.0391,1.0499,1.0547,1.0567,1.0587,1.0616,1.0616,1.0596,1.0587,1.0577,1.0577,1.0587,1.0587,1.0587,1.0587,1.0577,1.0547,1.0547,1.0557,1.0538,1.0518,1.0547,1.0684,1.1026,1.1662,1.262,1.39,1.5464,1.7195,1.8749,2.0166,2.1681,2.3118,2.437,2.5386,2.6178,2.6764,2.7146,2.7361,2.7439,2.7429,2.7341,2.7185,2.6979,2.6745,2.6452,2.6129,2.5758,2.5337,2.4858,2.4311,2.3705,2.303,2.2287,2.1584,2.0899,2.0127,1.9306,1.8485,1.7703,1.696,1.6276,1.5679,1.5171,1.4761,1.4457,1.4272,1.4154,1.4057,1.3998,1.3949,1.39,1.3851,1.3783,1.3705,1.3617,1.3539,1.348,1.3431,1.3402,1.3392,1.3353,1.3284,1.3196,1.3099,1.2991,1.2864,1.2737,1.261,1.2473,1.2336,1.2239,1.216,1.2082,1.2004,1.1945,1.1887,1.1848,1.1808,1.1769,1.175,1.1711,1.1662,1.1603,1.1564,1.1535,1.1466,1.1417,1.1388,1.1378,1.1369,1.1349,1.132,1.13,1.129,1.1281,1.13,1.1329,1.1349,1.1359,1.1359,1.1359,1.1359,1.1369,1.1408,1.1476,1.1554,1.1662,1.1808,1.1965,1.2102,1.2219,1.2297,1.2366,1.2414,1.2463,1.2551,1.2737,1.3089,1.3695,1.4624,1.564,1.6813,1.8338,2.0049,2.1838,2.3568,2.5161,2.6559,2.7703,2.8612,2.9286,2.9756,3.0029,3.0117,3.0088,3.002,2.9892,2.9697,2.9433,2.913,2.8798,2.8446,2.8065,2.7644,2.7165,2.6667,2.6139,2.5552,2.4897,2.4174,2.3382,2.2542,2.1701,2.089,2.0117,1.9413,1.8778,1.8221,1.7801,1.7478,1.7185,1.694,1.6755,1.6608,1.6491,1.6393,1.6315,1.6246,1.6178,1.609,1.6002,1.5914,1.5787,1.5621,1.5425,1.522,1.5015,1.4819,1.4633,1.4448,1.4262,1.4076,1.39,1.3754,1.3636,1.3509,1.3372,1.3236,1.3109,1.2972,1.2835,1.2698,1.2561,1.2424,1.2287,1.219,1.2111,1.2033,1.1945,1.1867,1.1818,1.1799,1.1789,1.1779,1.1779,1.175,1.172,1.1681,1.1662,1.1652,1.1623,1.1603,1.1593,1.1593,1.1593,1.1593,1.1593,1.1593,1.1593,1.1593,1.1613,1.1652,1.1672,1.1681,1.1691,1.1711,1.172,1.172,1.172,1.1711,1.1701,1.1701,1.1769,1.1808,1.1935,1.2405,1.3226,1.4379,1.5846,1.7546,1.9365,2.1193,2.2913,2.4457,2.5767,2.6696,2.7361,2.7928,2.8348,2.8622,2.8759,2.8788,2.8739,2.8622,2.8446,2.8221,2.7947,2.7634,2.7292,2.6931,2.652,2.6061,2.5552,2.4995,2.4379,2.3705,2.2972,2.2199,2.1388,2.0557,1.9824,1.915,1.8446,1.7771,1.7155,1.6628,1.6188,1.5846,1.5582,1.5386,1.523,1.5112,1.5034,1.4976,1.4897,1.479,1.4673,1.4545,1.4399,1.4233,1.4037,1.3812,1.3587,1.3353,1.3109,1.2913,1.2747,1.2551,1.2336,1.2111,1.1887,1.1672,1.1476,1.13,1.1144,1.0978,1.0821,1.0714,1.0626,1.0518,1.0411,1.0293,1.0205,1.0117,1.002,0.99316,0.98436,0.97556,0.96579,0.95797,0.95406,0.95308,0.95015,0.94624,0.9433,0.94233,0.94037,0.93744,0.93451,0.93353,0.93255,0.93255,0.93451,0.93646,0.93548,0.93255,0.92962,0.92864,0.92766,0.92864,0.93157,0.93451,0.93842,0.9433,0.94624,0.95015,0.95308,0.9521,0.9521,0.95406,0.9609,0.97947,1.0166,1.0821,1.1808,1.3099,1.4653,1.6149,1.7615,1.9277,2.0929,2.2444,2.3773,2.4878,2.5758,2.6413,2.6872,2.7175,2.7312,2.7322,2.7224,2.7048,2.6843,2.6588,2.6276,2.5914,2.5513,2.5083,2.4633,2.4125,2.3548,2.2903,2.2278,2.1642,2.0899,2.0088,1.9228,1.8387,1.7595,1.6862,1.6237,1.5718,1.5308,1.4985,1.4751,1.4614,1.4536,1.4487,1.4467,1.4487,1.4516,1.4555,1.4594,1.4643,1.4663,1.4653,1.4624,1.4594,1.4575,1.4536,1.4487,1.4418,1.433,1.4242,1.4154,1.4066,1.3978,1.3881,1.3793,1.3705,1.3636,1.3578,1.349,1.3392,1.3294,1.3196,1.3138,1.3177,1.3363,1.3724,1.434,1.5239,1.6188,1.7234,1.8563,2.001,2.1486,2.2874,2.4086,2.5083,2.5846,2.6393,2.6745,2.6921,2.697,2.6891,2.6725,2.65,2.6227,2.5924,2.5582,2.5191,2.4761,2.4291,2.3744,2.3138,2.2483,2.1857,2.1222,2.0499,1.9736,1.8964,1.8211,1.7507,1.6872,1.6334,1.347,1.3402,1.3304,1.3196,1.3118,1.306,1.2991,1.2884,1.2757,1.263,1.2502,1.2395,1.2317,1.2278,1.2258,1.2229,1.2209,1.2209,1.219,1.2151,1.2092,1.2033,1.1994,1.1975,1.1965,1.1965,1.1965,1.1965,1.1984,1.2023,1.2043,1.2053,1.2053,1.2053,1.2053,1.2053,1.2053,1.2053,1.2063,1.2082,1.2092,1.2121,1.216,1.218,1.219,1.219,1.219,1.219,1.219,1.2219,1.2258,1.2287,1.2317,1.2346,1.2375,1.2366,1.2356,1.2346,1.2346,1.2346,1.2317,1.2258,1.2209,1.218,1.2209,1.2375,1.2659,1.3128,1.392,1.5064,1.6579,1.8387,2.0362,2.2385,2.434,2.6119,2.7664,2.8944,2.9844,3.045,3.0968,3.1339,3.1574,3.1681,3.1691,3.1623,3.1486,3.129,3.1036,3.0723,3.0342,2.9932,2.9482,2.8983,2.8446,2.784,2.7146,2.6393,2.5572,2.4673,2.3724,2.2766,2.1808,2.0968,2.0215,1.9472,1.8778,1.8133,1.7556,1.7077,1.6686,1.6364,1.6109,1.5914,1.5738,1.5572,1.5415,1.5269,1.5103,1.4927,1.4751,1.4545,1.4321,1.4115,1.392,1.3734,1.3558,1.3382,1.3216,1.3089,1.2933,1.2766,1.26,1.2444,1.2317,1.2209,1.2111,1.2014,1.1916,1.1818,1.173,1.1672,1.1632,1.0665,1.0674,1.0704,1.0743,1.0782,1.0821,1.087,1.0919,1.0948,1.0968,1.0997,1.1036,1.1056,1.1075,1.1124,1.1212,1.1408,1.1789,1.2424,1.3353,1.4594,1.6139,1.7918,1.958,2.1153,2.2884,2.4565,2.608,2.737,2.8407,2.9169,2.9697,3.0039,3.0225,3.0274,3.0176,2.998,2.9746,2.9462,2.914,2.8788,2.8416,2.8006,2.7546,2.7028,2.6442,2.5787,2.5073,2.4389,2.3715,2.2962,2.219,2.1427,2.0694,2.002,1.9433,1.8925,1.8524,1.8221,1.7996,1.7849,1.7761,1.7713,1.7664,1.7605,1.7527,1.7439,1.7351,1.7263,1.7165,1.7077,1.6979,1.6891,1.6784,1.6667,1.652,1.6344,1.6149,1.5934,1.5718,1.5513,1.5347,1.52,1.5064,1.4917,1.48,1.4487,1.4057,1.3763,1.3539,1.3363,1.3206,1.3069,1.2972,1.2903,1.2845,1.2796,1.2766,1.2757,1.2708,1.2639,1.2571,1.2493,1.2424,1.2356,1.2278,1.2199,1.2141,1.2092,1.2043,1.2023,1.2014,1.1994,1.1984,1.1984,1.1965,1.1955,1.1955,1.1945,1.1935,1.1935,1.1945,1.1984,1.2023,1.2043,1.2043,1.2023,1.1984,1.1945,1.1906,1.1896,1.1994,1.2268,1.2805,1.3636,1.4585,1.5689,1.7155,1.8837,2.0626,2.2385,2.4027,2.5474,2.6676,2.7634,2.8368,2.8895,2.9169,2.9267,2.9316,2.9326,2.9286,2.9198,2.9062,2.8886,2.868,2.8426,2.8123,2.7771,2.7351,2.6911,2.6442,2.5894,2.5298,2.4633,2.391,2.3128,2.2317,2.1496,2.0684,1.9892,1.9159,1.8563,1.8065,1.7595,1.7195,1.6882,1.6637,1.6452,1.6315,1.6197,1.61,1.6002,1.5914,1.5826,1.5758,1.5679,1.5562,1.5415,1.5239,1.5044,1.4839,1.4633,1.4448,1.4252,1.4057,1.3871,1.3724,1.3597,1.3441,1.3284,1.3128,1.2981,1.2845,1.2708,1.2571,1.2434,1.2307,1.217,1.2053,1.1984,1.1926,1.1848,1.1769,1.1701,1.1662,1.1642,1.1623,1.1593,1.1564,1.1525,1.1486,1.1476,1.1476,1.1466,1.1457,1.1457,1.1457,1.1457,1.1457,1.1457,1.1457,1.1427,1.1398,1.1369,1.1349,1.1359,1.1359,1.1359,1.1359,1.1359,1.1369,1.1388,1.1398,1.1398,1.1398,1.1398,1.1408,1.1417,1.1388,1.1339,1.131,1.132,1.1457,1.1818,1.2454,1.3412,1.4692,1.6237,1.7957,1.9492,2.0899,2.2395,2.3793,2.5024,2.6031,2.6823,2.74,2.7761,2.7967,2.8055,2.8055,2.7957,2.7791,2.7586,2.7341,2.7048,2.6725,2.6364,2.5953,2.5503,2.5005,2.4448,2.3822,2.3138,2.2483,2.1818,2.1056,2.0225,1.9374,1.8543,1.7761,1.7038,1.6403,1.5865,1.5435,1.5103,1.4868,1.4702,1.4565,1.4467,1.4409,1.437,1.4321,1.4282,1.4223,1.4154,1.4076,1.3978,1.3891,1.3803,1.3685,1.3568,1.3451,1.3324,1.3196,1.3079,1.2962,1.2854,1.2737,1.261,1.2483,1.2385,1.2297,1.219,1.2072,1.1945,1.1818,1.1701,1.1593,1.1496,1.1408,1.132,1.1241,1.1202,1.1183,1.1153,1.1105,1.1056,1.1036,1.0997,1.0958,1.0714,1.0332,1.0117,1.001,0.99609,0.99609,0.99609,0.99316,0.99218,0.9912,0.9912,0.9912,0.99218,0.99609,1.0029,1.0108,1.0196,1.0303,1.0401,1.0489,1.0567,1.0626,1.0674,1.0723,1.0792,1.0909,1.1144,1.1564,1.2248,1.3236,1.4311,1.5513,1.7058,1.8817,2.0674,2.2522,2.4262,2.5806,2.7097,2.8133,2.8915,2.9472,2.9775,2.9902,2.9971,2.9951,2.9853,2.9668,2.9423,2.912,2.8759,2.8377,2.7967,2.7517,2.7019,2.65,2.5943,2.5298,2.4575,2.3803,2.2991,2.2151,2.129,2.0459,1.9687,1.8993,1.8397,1.7947,1.7595,1.7273,1.7019,1.6833,1.6696,1.6579,1.6471,1.6373,1.6276,1.6188,1.6109,1.6022,1.5943,1.5846,1.5709,1.5533,1.5347,1.5171,1.4985,1.4809,1.4624,1.4428,1.4213,1.3998,1.3832,1.3685,1.3519,1.3343,1.3167,1.3001,1.2835,1.2678,1.2542,1.2414,1.2297,1.219,1.2072,1.1994,1.1935,1.1857,1.1789,1.173,1.1681,1.1632,1.1593,1.1584,1.1584,1.1564,1.1525,1.1505,1.1496,1.1466,1.1427,1.1388,1.1329,1.1271,1.1212,1.1163,1.1124,1.1105,1.1095,1.1105,1.1144,1.1193,1.1222,1.1261,1.13,1.1349,1.1369,1.1359,1.1329,1.129,1.1261,1.131,1.1476,1.1818,1.2454,1.3441,1.479,1.6461,1.8348,2.0323,2.2278,2.4106,2.5728,2.7116,2.826,2.9032,2.9531,2.9951,3.0254,3.044,3.0508,3.0489,3.0391,3.0225,3,2.9736,2.9413,2.9042,2.8631,2.8172,2.7674,2.7146,2.6559,2.5914,2.52,2.4418,2.3587,2.2717,2.1818,2.0919,2.0127,1.9423,1.8719,1.8065,1.7488,1.7019,1.6667,1.6413,1.6227,1.608,1.5963,1.5855,1.5767,1.567,1.5523,1.5367,1.522,1.5083,1.4927,1.4741,1.4536,1.4311,1.4086,1.3861,1.3685,1.3539,1.3372,1.3196,1.3001,1.2796,1.2581,1.2356,1.2151,1.1935,1.174,1.1554,1.1369,1.1232,1.1124,1.0997,1.088,1.0772,1.0674,1.0577,1.0479,1.0381,1.0293,1.0215,1.0137,1.0098,1.0078,1.002,0.99413,0.98534,0.97654,0.96676,0.95797,0.94819,0.94037,0.93548,0.93255,0.92962,0.92962,0.93157,0.93255,0.93255,0.92962,0.92766,0.92473,0.92375,0.92571,0.92669,0.92669,0.92864,0.93157,0.93255,0.95112,0.98045,0.99413,0.99804,0.99804,0.99804,1.001,1.0098,1.0293,1.0694,1.1398,1.2229,1.3255,1.4643,1.6295,1.8113,1.998,2.1789,2.3441,2.4878,2.607,2.7019,2.7722,2.8143,2.8377,2.8543,2.8612,2.8583,2.8475,2.8289,2.8045,2.7771,2.7458,2.7126,2.6764,2.6354,2.5914,2.5425,2.4839,2.4174,2.3451,2.2678,2.1857,2.1007,2.0147,1.9306,1.8504,1.7791,1.7224,1.6764,1.6344,1.6002,1.5748,1.5572,1.5464,1.5386,1.5327,1.5288,1.5269,1.5249,1.522,1.5191,1.5161,1.5112,1.5064,1.4995,1.4917,1.4829,1.4731,1.4633,1.4536,1.4418,1.4301,1.4223,1.4164,1.4086,1.4008,1.392,1.3832,1.3744,1.3656,1.3558,1.3441,1.3324,1.3206,1.3099,1.303,1.2972,1.2884,1.2796,1.2737,1.2678,1.263,1.2581,1.2542,1.2493,1.2473,1.2473,1.2483,1.2512,1.2522,1.2532,1.2551,1.2561,1.2571,1.26,1.2639,1.2678,1.2717,1.2757,1.2796,1.2825,1.2845,1.2864,1.2913,1.2981,1.304,1.3069,1.3079,1.3089,1.3079,1.306,1.3069,1.3148,1.3343,1.3734,1.4389,1.5357,1.6657,1.825,2.0039,2.1916,2.3773,2.5494,2.7028,2.8328,2.9257,2.9902,3.044,3.085,3.1134,3.129,3.132,3.1251,3.1095,3.088,3.0635,3.0352,3.002,2.9648,2.9257,2.8817,2.8338,2.781,2.7214,2.6549,2.5836,2.5064,2.4223,2.3353,2.2561,2.1818,2.1046,2.0283,1.957,1.8935,1.8397,1.7957,1.7586,1.7292,1.7077,1.6931,1.6813,1.6725,1.6647,1.6559,1.6471,1.6383,1.6285,1.6158,1.6002,1.5816,1.5611,1.5396,1.5191,1.5024,1.4858,1.4673,1.4477,1.4291,1.4096,1.39,1.3715,1.3539,1.3363,1.3187,1.3021,1.2864,1.2757,1.2669,1.2561,1.2444,1.2317,1.2199,1.2092,1.1984,1.1877,1.1779,1.1701,1.1632,1.1603,1.1584,1.1554,1.1505,1.1457,1.1437,1.1427,1.1417,1.1417,1.1417,1.1417,1.1427,1.1447,1.1466,1.1476,1.1466,1.1466,1.1466,1.1466,1.1466,1.1466,1.1466,1.1476,1.1476,1.1466,1.1486,1.1505,1.1496,1.1476,1.1476,1.1535,1.1711,1.2082,1.2737,1.3724,1.5024,1.6598,1.8368,1.9961,2.1427,2.3011,2.4516,2.5865,2.7009,2.7928,2.8602,2.8739,2.8543,2.8446,2.8358,2.8211,2.8035,2.7869,2.7674,2.7439,2.7155,2.6833,2.6481,2.607,2.5621,2.5132,2.4585,2.3998,2.3431,2.2845,2.218,2.1447,2.0655,1.9853,1.9071,1.8328,1.7664,1.7097,1.6628,1.6246,1.5963,1.5738,1.5533,1.5367,1.523,1.5132,1.5044,1.4936,1.4819,1.4702,1.4555,1.4379,1.4194,1.4037,1.39,1.3715,1.35,1.3275,1.6784,1.653,1.6364,1.6266,1.6217,1.6217,1.6256,1.6295,1.6325,1.6354,1.6373,1.6383,1.6383,1.6364,1.6305,1.6227,1.6109,1.5973,1.5816,1.565,1.5484,1.5318,1.5181,1.5073,1.4956,1.4829,1.4702,1.4565,1.4399,1.4223,1.4047,1.3881,1.3734,1.3617,1.3509,1.3441,1.3382,1.3314,1.3236,1.3148,1.3069,1.2981,1.2893,1.2805,1.2727,1.2639,1.2551,1.2493,1.2454,1.2414,1.2366,1.2326,1.2287,1.2239,1.2199,1.217,1.2151,1.2141,1.2151,1.2151,1.2151,1.2151,1.2131,1.2092,1.2014,1.1935,1.1877,1.1828,1.1779,1.173,1.1691,1.1642,1.1623,1.1613,1.1584,1.1544,1.1515,1.1544,1.1701,1.2063,1.2708,1.3656,1.4927,1.6471,1.8211,1.9785,2.1232,2.2796,2.4301,2.564,2.6764,2.7654,2.8328,2.8837,2.9189,2.9384,2.9472,2.9433,2.9296,2.9032,2.8759,2.8543,2.827,2.7937,2.7566,2.7175,2.6745,2.6266,2.5748,2.5181,2.4624,2.4037,2.3353,2.26,2.1808,2.0997,2.0205,1.9433,1.871,1.8055,1.7488,1.7009,1.6667,1.6422,1.6207,1.6041,1.5914,1.5806,1.5709,1.5621,1.5533,1.5435,1.5308,1.5181,1.5054,1.4936,1.48,1.4633,1.4457,1.4262,1.4057,1.3861,1.3666,1.347,1.3294,1.3118,1.2942,1.2805,1.2678,1.2542,1.2414,1.2287,1.2151,1.2023,1.1896,1.1769,1.1642,1.1515,1.1388,1.1271,1.1202,1.1163,1.1124,1.1085,1.1056,1.1026,1.0997,1.0968,1.0958,1.0948,1.0948,1.0948,1.0968,1.0997,1.1017,1.1026,1.1026,1.1017,1.0987,1.0968,1.0958,1.0948,1.0948,1.1007,1.1124,1.1212,1.1251,1.1271,1.1261,1.1232,1.1222,1.1212,1.1212,1.1212,1.1183,1.1134,1.1085,1.1095,1.1183,1.1378,1.1779,1.2473,1.348,1.479,1.6344,1.8065,1.9853,2.1593,2.3206,2.4467,2.5445,2.6354,2.7097,2.7654,2.8035,2.827,2.8368,2.8358,2.825,2.8065,2.781,2.7517,2.7195,2.6852,2.6471,2.6041,2.5562,2.4878,2.4223,2.3724,2.3118,2.2434,2.1681,2.089,2.0156,1.9462,1.87,1.7947,1.7224,1.6559,1.5992,1.5533,1.5161,1.4868,1.4633,1.4457,1.4311,1.4223,1.4154,1.4076,1.3998,1.391,1.3822,1.3724,1.3607,1.346,1.3304,1.3148,1.2991,1.2864,1.2766,1.2659,1.2551,1.2444,1.2326,1.2219,1.2121,1.2033,1.1935,1.1818,1.1691,1.1564,1.1476,1.1408,1.1329,1.1241,1.1173,1.1114,1.1056,1.0987,1.0938,1.088,1.0802,1.0723,1.0674,1.0635,1.0587,1.0528,1.0479,1.0459,1.045,1.042,1.0381,1.0342,1.0293,1.0244,1.0186,1.0156,1.0166,1.0176,1.0176,1.0176,1.0176,1.0176,1.0176,1.0176,1.0186,1.0205,1.0235,1.0293,1.0352,1.0401,1.0459,1.0518,1.0587,1.0684,1.086,1.1173,1.1701,1.2532,1.3646,1.5054,1.6452,1.7898,1.9599,2.1359,2.306,2.4594,2.5904,2.697,2.7791,2.8397,2.8807,2.9032,2.9062,2.8944,2.8768,2.8543,2.826,2.7928,2.7556,2.7155,2.6735,2.6305,2.5836,2.5347,2.4819,2.4291,2.3734,2.3089,2.2385,2.1632,2.086,2.0108,1.9394,1.8592,1.7928,1.7498,1.7107,1.6804,1.6579,1.6403,1.6266,1.6158,1.608,1.6041,1.6022,1.6012,1.5992,1.5934,1.5865,1.5787,1.5699,1.5591,1.5474,1.5337,1.5191,1.5034,1.4858,1.4673,1.4487,1.4311,1.4154,1.4008,1.39,1.3812,1.3705,1.3578,1.3421,1.3255,1.3089,1.2933,1.2786,1.2669,1.2571,1.2483,1.2424,1.2375,1.2297,1.2199,1.2111,1.2033,1.1975,1.1926,1.1877,1.1828,1.1789,1.175,1.1701,1.1681,1.1672,1.1642,1.1623,1.1593,1.1564,1.1525,1.1486,1.1447,1.1417,1.1408,1.1427,1.1466,1.1505,1.1525,1.1525,1.1515,1.1515,1.1505,1.1476,1.1437,1.1408,1.1378,1.1359,1.1378,1.1476,1.1701,1.2141,1.2884,1.3969,1.5425,1.7185,1.9101,2.1046,2.2933,2.4653,2.6119,2.7195,2.7977,2.8661,2.9189,2.957,2.9804,2.9922,2.9941,2.9902,2.9785,2.9619,2.9404,2.912,2.8788,2.8416,2.8006,2.7556,2.7067,2.6549,2.5973,2.5347,2.4653,2.3891,2.3089,2.2258,2.1515,2.0802,2.0049,1.9306,1.8622,1.7996,1.7449,1.6999,1.6637,1.6364,1.6149,1.5982,1.5846,1.5738,1.566,1.5591,1.5513,1.5415,1.5298,1.5171,1.5044,1.4888,1.4692,1.4438,1.4213,1.4086,1.3969,1.3822,1.3656,1.347,1.3265,1.305,1.2845,1.2669,1.2512,1.2356,1.2199,1.2053,1.1945,1.1857,1.175,1.1623,1.1505,1.1398,1.13,1.1212,1.1124,1.1036,1.0948,1.085,1.0792,1.0753,1.0694,1.0616,1.0528,1.0459,1.0391,1.0332,1.0303,1.0264,1.0225,1.0196,1.0156,1.0147,1.0137,1.0117,1.0078,1.0039,1.001,0.99804,0.99707,0.99609,0.99609,0.99609,0.99609,0.99707,0.99707,0.99511,0.99218,0.98729,0.98143,0.97947,0.98631,1.0088,1.0577,1.1378,1.2512,1.4203,1.5748,1.7009,1.8602,2.0313,2.1975,2.347,2.477,2.5953,2.6843,2.7351,2.7693,2.782,2.782,2.7771,2.7644,2.7449,2.7185,2.6872,2.653,2.6158,2.5758,2.5337,2.4878,2.437,2.3793,2.3226,2.2649,2.1965,2.1202,2.0391,1.955,1.8504,1.7566,1.6901,1.6227,1.5611,1.5093,1.4712,1.4438,1.4233,1.4115,1.4057,1.4027,1.4008,1.3998,1.3998,1.3969,1.391,1.3832,1.3773,1.3744,1.3705,1.3627,1.3539,1.35,1.3451,1.3382,1.3324,1.3275,1.3206,1.3128,1.303,1.2952,1.2854,1.2737,1.2669,1.26,1.2512,1.2424,1.2336,1.2239,1.2151,1.2082,1.2043,1.2023,1.2014,1.1994,1.1975,1.1935,1.1887,1.1828,1.1789,1.176,1.173,1.1701,1.1672,1.1642,1.1652,1.1681,1.1691,1.1701,1.172,1.176,1.1779,1.1808,1.1857,1.1906,1.1945,1.1994,1.2063,1.2092,1.2092,1.2082,1.2072,1.2072,1.2082,1.2102,1.217,1.2346,1.2698,1.3284,1.4008,1.4917,1.6197,1.7771,1.957,2.1457,2.3294,2.4995,2.6481,2.7722,2.87,2.9433,2.9883,3.0127,3.0303,3.0371,3.0313,3.0166,2.9932,2.9638,2.9296,2.8925,2.8534,2.8123,2.7566,2.696,2.6403,2.5826,2.52,2.4526,2.3783,2.2991,2.217,2.1339,2.0518,1.9717,1.8964,1.8348,1.784,1.7361,1.6931,1.6569,1.6276,1.6061,1.5894,1.5767,1.5679,1.5611,1.5543,1.5455,1.5376,1.5288,1.5181,1.5064,1.4936,1.48,1.4633,1.4457,1.4282,1.4106,1.393,1.3754,1.3617,1.349,1.3343,1.3177,1.3001,1.2845,1.2688,1.2532,1.2375,1.2239,1.2102,1.1965,1.1838,1.174,1.1672,1.1593,1.1505,1.1427,1.1339,1.1251,1.1163,1.1075,1.0987,1.0919,1.087,1.087,1.089,1.0899,1.0909,1.0909,1.0909,1.0909,1.0909,1.0909,1.0909,1.0909,1.089,1.086,1.086,1.089,1.0899,1.0909,1.0909,1.0909,1.0909,1.0919,1.0938,1.0948,1.0948,1.0929,1.0909,1.0909,1.0929,1.1036,1.131,1.1818,1.2639,1.3754,1.5152,1.6794,1.8573,2.0371,2.2072,2.3431,2.4536,2.5591,2.6471,2.7146,2.7605,2.7898,2.8065,2.8094,2.8006,2.7859,2.7664,2.7429,2.7146,2.6823,2.6461,2.608,2.565,2.5181,2.4663,2.4106,2.349,2.2815,2.2092,2.132,2.0596,1.9902,1.9159,1.8407,1.7693,1.7048,1.6461,1.5963,1.5543,1.52,1.4946,1.4751,1.4624,1.4545,1.4487,1.4409,1.4321,1.4233,1.4135,1.4008,1.3861,1.3705,1.3539,1.3372,1.3187,1.303,1.2884,1.2708,1.2512,1.2307,1.2092,1.1877,1.1672,1.1486,1.131,1.1134,1.0958,1.0831,1.0733,1.0616,1.0479,1.0342,1.0205,1.0068,0.99413,0.9824,0.97263,0.96579,0.9609,0.95894,0.95894,0.95699,0.95406,0.95015,0.94624,0.94233,0.93842,0.93255,0.92669,0.9218,0.91691,0.913,0.91496,0.91789,0.91789,0.91789,0.91691,0.91593,0.91496,0.913,0.91105,0.90909,0.90714,0.90714,0.91007,0.91398,0.91593,0.91593,0.91398,0.91105,0.90714,0.90518,0.91007,0.92864,0.96872,1.0352,1.13,1.2336,1.3509,1.4995,1.6676,1.8416,2.0078,2.1584,2.2913,2.4018,2.4878,2.5513,2.5943,2.6149,2.6197,2.6178,2.608,2.5914,2.5689,2.5415,2.5103,2.4761,2.4389,2.3978,2.3509,2.3001,2.2502,2.1984,2.1369,2.0694,1.998,1.9247,1.8504,1.7761,1.7058,1.6422,1.5855,1.5357,1.4976,1.4692,1.4448,1.4272,1.4164,1.4115,1.4409,1.4897,1.5181,1.5347,1.5445,1.5523,1.5582,1.5621,1.563,1.5611,1.5572,1.5503,1.5425,1.5337,1.5249,1.5161,1.5073,1.4976,1.4858,1.4761,1.4673,1.4565,1.4438,1.4311,1.4194,1.4106,1.4047,1.3988,1.3939,1.3891,1.3842,1.3803,1.3783,1.3773,1.3744,1.3705,1.3666,1.3617,1.3578,1.3529,1.349,1.3441,1.3412,1.3382,1.3363,1.3353,1.3333,1.3294,1.3255,1.3216,2.9501,2.9697,2.9707,2.9629,2.9482,2.9247,2.8935,2.8553,2.8133,2.7683,2.7214,2.6696,2.6129,2.5513,2.4907,2.4291,2.3578,2.2796,2.1975,2.1124,2.0303,1.9531,1.8837,1.8231,1.7713,1.7292,1.6989,1.6764,1.6588,1.6452,1.6364,1.6315,1.6295,1.6285,1.6276,1.6246,1.6188,1.6109,1.6002,1.5885,1.5758,1.5601,1.5445,1.5288,1.5132,1.4985,1.4819,1.4633,1.4448,1.4262,1.4096,1.3978,1.3871,1.3734,1.3587,1.3421,1.3245,1.3069,1.2884,1.2727,1.259,1.2454,1.2336,1.2278,1.2248,1.2209,1.217,1.2131,1.2082,1.2043,1.1994,1.1945,1.1877,1.1789,1.1701,1.1623,1.1584,1.1564,1.1525,1.1486,1.1447,1.1398,1.1447,1.1544,1.1584,1.1584,1.1564,1.1535,1.1515,1.1505,1.1505,1.1515,1.1515,1.1525,1.1535,1.1515,1.1496,1.1486,1.1486,1.1486,1.1496,1.1535,1.1662,1.1955,1.2493,1.3324,1.4487,1.5963,1.7664,1.9492,2.1349,2.3118,2.4721,2.5934,2.6843,2.7674,2.8348,2.8847,2.9189,2.9394,2.9492,2.9501,2.9443,2.9306,2.9101,2.8847,2.8553,2.8201,2.781,2.737,2.6882,2.6334,2.5758,2.5142,2.4477,2.3763,2.3021,2.2239,2.1505,2.0802,2.0049,1.9296,1.8563,1.7879,1.7283,1.6784,1.6373,1.6031,1.5748,1.5543,1.5376,1.5249,1.5142,1.5024,1.4907,1.478,1.4653,1.4526,1.4379,1.4213,1.4037,1.3851,1.3656,1.347,1.3294,1.3089,1.2884,1.2678,1.2463,1.2258,1.2043,1.1828,1.1632,1.1447,1.1271,1.1095,1.0968,1.086,1.0733,1.0606,1.0489,1.0381,1.0274,1.0166,1.0068,0.99902,0.99218,0.98631,0.98436,0.98436,0.9824,0.97947,0.97556,0.97165,0.96774,0.96383,0.95992,0.95601,0.9521,0.94721,0.9433,0.94233,0.94428,0.94624,0.94721,0.94721,0.94917,0.95112,0.9521,0.95308,0.95308,0.95406,0.95699,0.96285,0.9697,0.97458,0.97556,0.97361,0.97067,0.96872,0.97165,0.98534,1.0186,1.0811,1.176,1.305,1.4379,1.5777,1.7468,1.9257,2.0997,2.2581,2.3959,2.5083,2.5973,2.6637,2.7097,2.737,2.7458,2.7419,2.7312,2.7146,2.6911,2.6608,2.6256,2.5875,2.5464,2.5015,2.4545,2.4027,2.3451,2.2884,2.2307,2.1642,2.0899,2.0098,1.9277,1.8456,1.7674,1.697,1.6344,1.5816,1.5386,1.5064,1.4829,1.4633,1.4497,1.4418,1.4389,1.4399,1.4418,1.4457,1.4497,1.4536,1.4575,1.4614,1.4643,1.4653,1.4633,1.4594,1.4545,1.4477,1.4379,1.4262,1.4145,1.4008,1.3861,1.3705,1.3587,1.35,1.3402,1.3294,1.3187,1.3089,1.3011,1.2952,1.2893,1.2845,1.2805,1.2776,1.2766,1.2766,1.2747,1.2708,1.2688,1.2678,1.2659,1.2639,1.263,1.261,1.259,1.2581,1.2561,1.2551,1.2551,1.2532,1.2522,1.2522,1.2532,1.2561,1.259,1.261,1.263,1.2649,1.2678,1.2708,1.2747,1.2766,1.2766,1.2747,1.2708,1.2669,1.262,1.2561,1.2542,1.261,1.2825,1.3275,1.4008,1.5015,1.6295,1.782,1.9521,2.129,2.3011,2.4604,2.6012,2.7195,2.8152,2.8905,2.9374,2.9638,2.9844,2.9961,2.998,2.9932,2.9824,2.9677,2.9492,2.9247,2.8964,2.8641,2.826,2.784,2.739,2.6891,2.6315,2.5679,2.4985,2.4242,2.346,2.2659,2.1848,2.1046,2.0264,1.958,1.8974,1.8397,1.7879,1.7429,1.7058,1.6755,1.651,1.6305,1.6149,1.6041,1.5963,1.5885,1.5806,1.5718,1.5611,1.5503,1.5376,1.522,1.5034,1.4848,1.4673,1.4497,1.433,1.4164,1.4018,1.3881,1.3715,1.3539,1.3363,1.3187,1.304,1.2903,1.2776,1.2649,1.2522,1.2395,1.2268,1.218,1.2111,1.2033,1.1955,1.1867,1.1799,1.173,1.1681,1.1652,1.1642,1.1613,1.1574,1.1574,1.1574,1.1554,1.1535,1.1505,1.1486,1.1476,1.1466,1.1437,1.1408,1.1388,1.1378,1.1378,1.1398,1.1427,1.1447,1.1457,1.1457,1.1457,1.1457,1.1457,1.1457,1.1457,1.1457,1.1457,1.1476,1.1505,1.1515,1.1505,1.1525,1.1613,1.1838,1.2268,1.2991,1.4047,1.5396,1.6979,1.8719,2.0264,2.1652,2.3089,2.4428,2.5572,2.65,2.7204,2.7713,2.8045,2.8231,2.828,2.8221,2.8065,2.784,2.7576,2.7273,2.694,2.6588,2.6227,2.5836,2.5406,2.4917,2.437,2.3754,2.306,2.2395,2.173,2.0978,2.0186,1.9384,1.8592,1.782,1.7097,1.6461,1.5924,1.5494,1.5152,1.4917,1.477,1.4663,1.4575,1.4497,1.4409,1.433,1.4233,1.4115,1.3969,1.3793,1.3597,1.3421,1.3284,1.3167,1.303,1.2854,1.2669,1.2463,1.2268,1.2092,1.1935,1.1799,1.1662,1.1525,1.1437,1.1369,1.129,1.1202,1.1124,1.1036,1.0958,1.089,1.0831,1.0782,1.0733,1.0694,1.0684,1.0694,1.0694,1.0684,1.0674,1.0665,1.0635,1.0508,1.0518,1.0547,1.0635,1.086,1.129,1.1848,1.261,1.3734,1.5132,1.6725,1.8426,2.0127,2.174,2.3187,2.4438,2.5445,2.6217,2.6716,2.7019,2.7234,2.7341,2.7351,2.7263,2.7087,2.6813,2.6461,2.609,2.5679,2.5249,2.479,2.434,2.3881,2.3343,2.2737,2.2082,2.1359,2.0606,1.9853,1.911,1.8387,1.7722,1.7136,1.6676,1.6295,1.5973,1.5748,1.5611,1.5543,1.5533,1.5582,1.566,1.5738,1.5806,1.5855,1.5875,1.5875,1.5846,1.5777,1.5679,1.5572,1.5455,1.5327,1.521,1.5083,1.4956,1.4829,1.4692,1.4575,1.4457,1.434,1.4242,1.4145,1.4057,1.3969,1.3881,1.3773,1.3656,1.3539,1.3392,1.3255,1.3167,1.3118,1.3069,1.3021,1.2981,1.2942,1.2893,1.2854,1.2815,1.2766,1.2727,1.2688,1.2669,1.2659,1.263,1.259,1.2551,1.2512,1.2473,1.2434,1.2405,1.2375,1.2336,1.2297,1.2258,1.2248,1.2268,1.2268,1.2258,1.2248,1.2239,1.2209,1.217,1.2121,1.2063,1.2043,1.2141,1.2356,1.2766,1.347,1.4497,1.5826,1.741,1.915,2.0929,2.263,2.4174,2.5503,2.6598,2.7468,2.8025,2.8358,2.8602,2.8749,2.8778,2.8729,2.8622,2.8465,2.827,2.8035,2.7781,2.7507,2.7204,2.6862,2.6471,2.6012,2.5474,2.4878,2.4223,2.3509,2.2737,2.1945,2.1124,2.0303,1.9511,1.8827,1.824,1.7674,1.7165,1.6725,1.6354,1.6051,1.5816,1.565,1.5533,1.5455,1.5376,1.5298,1.521,1.5103,1.4985,1.4868,1.4731,1.4585,1.4428,1.4262,1.4096,1.393,1.3763,1.3636,1.3529,1.3392,1.3245,1.3109,1.2981,1.2854,1.2727,1.26,1.2473,1.2346,1.2199,1.2033,1.1906,1.1808,1.1711,1.1613,1.1525,1.1437,1.1349,1.1271,1.1183,1.1114,1.1065,1.1046,1.1056,1.1085,1.1095,1.1075,1.1046,1.1007,1.0958,1.0919,1.089,1.087,1.086,1.086,1.086,1.088,1.0909,1.0919,1.0929,1.0929,1.0929,1.0929,1.0929,1.0929,1.0929,1.0929,1.0929,1.0948,1.0978,1.0968,1.0958,1.0997,1.1153,1.1505,1.2102,1.2991,1.4184,1.565,1.7322,1.9071,2.0567,2.1857,2.3157,2.433,2.5308,2.607,2.6647,2.7028,2.7234,2.7322,2.7302,2.7195,2.7019,2.6784,2.651,2.6207,2.5865,2.5494,2.5103,2.4673,2.4194,2.3666,2.3099,2.2483,2.1799,2.1153,2.0508,1.9765,1.8983,1.8192,1.741,1.6696,1.607,1.5533,1.5103,1.477,1.4516,1.435,1.4115,1.3832,1.3646,1.3509,1.3392,1.3275,1.3138,1.2972,1.2796,1.263,1.2463,1.2297,1.217,1.2033,1.1848,1.1642,1.1417,1.1212,1.1046,1.0899,1.0782,1.0674,1.0577,1.0479,1.042,1.0381,1.0303,1.0205,1.0108,1.001,0.9912,0.9824,0.97263,0.96481,0.95797,0.9521,0.94721,0.94624,0.94624,0.94428,0.94233,0.94037,0.93646,0.93353,0.93255,0.9306,0.92962,0.9306,0.9306,0.93451,0.93842,0.93939,0.93939,0.93842,0.93744,0.93548,0.93353,0.93255,0.93157,0.93255,0.93548,0.93842,0.94526,0.9521,0.95601,0.95797,0.95894,0.95992,0.96579,0.98436,1.0225,1.089,1.1867,1.3177,1.4516,1.5924,1.7615,1.9433,2.1222,2.2893,2.434,2.5533,2.6452,2.7126,2.7576,2.7849,2.7977,2.7947,2.7801,2.7586,2.7322,2.7009,2.6657,2.6256,2.5826,2.5367,2.4858,2.4291,2.3656,2.303,2.2395,2.1662,2.087,2.0059,1.9238,1.8446,1.7693,1.7019,1.6422,1.5943,1.5582,1.5318,1.5161,1.5083,1.5064,1.5112,1.521,1.5308,1.5406,1.5494,1.5543,1.5572,1.5562,1.5513,1.5455,1.5376,1.5269,1.5152,1.5015,1.4868,1.4702,1.4526,1.434,1.4174,1.4027,1.391,1.3822,1.3754,1.3675,1.3587,1.35,1.3412,1.3294,1.3157,1.3021,1.2884,1.2737,1.262,1.2542,1.2502,1.2483,1.2444,1.2405,1.2356,1.2317,1.2268,1.2219,1.217,1.2131,1.2082,1.2033,1.2014,1.2014,1.2004,1.1975,1.1935,1.1896,1.1848,1.1799,1.175,1.1711,1.1662,1.1613,1.1593,1.1603,1.1945,1.1945,1.1945,1.1945,1.1945,1.1945,1.1945,1.1945,1.1945,1.1955,1.1965,1.1955,1.1955,1.1955,1.1955,1.1955,1.1955,1.1945,1.1916,1.1887,1.1887,1.1945,1.2082,1.2375,1.2942,1.3842,1.5112,1.6725,1.8602,2.0655,2.2757,2.4761,2.6608,2.824,2.9433,3.0303,3.1124,3.1818,3.2385,3.2825,3.3138,3.3333,3.3421,3.3412,3.3324,3.3148,3.2893,3.2561,3.217,3.174,3.1251,3.0704,3.0098,2.9423,2.8671,2.7869,2.7019,2.6129,2.522,2.4379,2.3587,2.2766,2.1955,2.1173,2.045,1.9804,1.9267,1.8837,1.8485,1.8201,1.7967,1.7761,1.7586,1.7429,1.7283,1.7126,1.697,1.6784,1.6579,1.6364,1.6158,1.5973,1.5777,1.5543,1.5327,1.5122,1.4907,1.4692,1.4477,1.4262,1.4047,1.3832,1.3617,1.3421,1.3255,1.3099,1.2981,1.2874,1.2757,1.2639,1.2512,1.2395,1.2268,1.2141,1.2023,1.175,1.1417,1.1232,1.1114,1.1056,1.1026,1.0997,1.0958,1.0919,1.089,1.085,1.0811,1.0772,1.0733,1.0694,1.0665,1.0635,1.0606,1.0547,1.0479,1.042,1.0371,1.0332,1.0293,1.0254,1.0215,1.0186,1.0166,1.0147,1.0147,1.0147,1.0117,1.0059,1,0.99707,0.99804,1.0078,1.0313,1.0762,1.1457,1.2424,1.3441,1.4526,1.5865,1.7312,1.8729,2.0039,2.1202,2.218,2.2962,2.3548,2.3959,2.4233,2.437,2.435,2.4233,2.4066,2.3851,2.3587,2.3284,2.2962,2.26,2.2209,2.1789,2.132,2.0802,2.0303,1.9775,1.9179,1.8534,1.7849,1.7146,1.6452,1.5777,1.5132,1.4545,1.4037,1.3617,1.3284,1.305,1.2884,1.2747,1.2639,1.2571,1.2512,1.2483,1.2463,1.2434,1.2405,1.2366,1.2307,1.2268,1.2229,1.217,1.2102,1.2033,1.1955,1.1877,1.1808,1.173,1.1642,1.1554,1.1466,1.1369,1.129,1.1222,1.1134,1.1026,1.0919,1.0811,1.0714,1.0626,1.0547,1.0489,1.045,1.0391,1.0342,1.0293,1.0225,1.0166,1.0117,1.0078,1.0059,1.0049,1.0029,0.99902,0.99413,0.98925,0.98338,0.98045,0.98143,0.97947,0.97654,0.97458,0.97165,0.9697,0.96872,0.96774,0.96774,0.96872,0.97361,0.98045,0.98729,0.99316,0.99804,1.0029,1.0088,1.0127,1.0166,1.0196,1.0225,1.0264,1.0362,1.0567,1.085,1.1251,1.1916,1.2854,1.4027,1.5406,1.6921,1.8475,1.9971,2.1349,2.2571,2.3617,2.436,2.4878,2.5298,2.5601,2.5787,2.5846,2.5816,2.5689,2.5503,2.5269,2.4985,2.4663,2.4291,2.391,2.3519,2.3079,2.2571,2.2023,2.1437,2.0802,2.0137,1.9472,1.8807,1.8162,1.7546,1.7028,1.6588,1.6168,1.5806,1.5513,1.5279,1.5083,1.4936,1.4839,1.477,1.4721,1.4673,1.4633,1.4594,1.4545,1.4487,1.4409,1.4301,1.4174,1.4037,1.3871,1.3685,1.35,1.3314,1.3128,1.2972,1.2825,1.2669,1.2522,1.2356,1.218,1.1994,1.1789,1.1584,1.1408,1.1261,1.1124,1.1017,1.0929,1.0821,1.0704,1.0587,1.0479,1.0362,1.0254,1.0166,1.0088,1.002,0.99707,0.9912,0.98827,0.98729,0.98436,0.9824,0.97947,0.97556,0.97263,0.96774,0.96188,0.95503,0.94917,0.94428,0.94135,0.94037,0.93842,0.95308,0.97654,0.98827,0.99413,0.99707,0.99902,0.99707,0.99413,0.99022,0.98631,0.98631,0.98925,0.99413,1.0098,1.0469,1.1134,1.2121,1.3451,1.5112,1.6989,1.8983,2.0958,2.259,2.3969,2.5347,2.6579,2.7615,2.8456,2.911,2.9599,2.9912,3.0068,3.0108,3.0049,2.9892,2.9658,2.9374,2.9071,2.8739,2.8358,2.7947,2.7488,2.6989,2.6432,2.5816,2.5132,2.4389,2.3675,2.2972,2.219,2.1378,2.0587,1.9853,1.9198,1.8641,1.8192,1.782,1.7507,1.7263,1.7077,1.6921,1.6813,1.6735,1.6676,1.6618,1.6559,1.6481,1.6403,1.6295,1.6149,1.5982,1.5816,1.566,1.5513,1.5357,1.52,1.5044,1.4878,1.4692,1.4497,1.4291,1.4106,1.393,1.3773,1.3646,1.3548,1.346,1.3333,1.3187,1.3021,1.2845,1.2669,1.2512,1.2395,1.2317,1.2258,1.2199,1.217,1.216,1.2131,1.2082,1.2014,1.1926,1.1838,1.1769,1.1711,1.1662,1.1613,1.1564,1.1515,1.1496,1.1486,1.1457,1.1417,1.1398,1.1408,1.1437,1.1476,1.1515,1.1564,1.1584,1.1574,1.1564,1.1544,1.1486,1.1437,1.1417,1.1505,1.176,1.2287,1.3138,1.4321,1.5826,1.7586,1.9492,2.1183,2.2708,2.4321,2.5836,2.7165,2.828,2.9159,2.9785,3.0205,3.045,3.0538,3.0508,3.0381,3.0186,2.9961,2.9707,2.9423,2.9101,2.8719,2.8309,2.7849,2.7322,2.6735,2.608,2.5347,2.4624,2.3881,2.306,2.218,2.1251,2.0342,1.9482,1.8671,1.7928,1.7283,1.6745,1.6295,1.5963,1.5699,1.5464,1.5269,1.5112,1.4966,1.4829,1.4692,1.4555,1.4418,1.4272,1.4096,1.392,1.3773,1.3607,1.3421,1.3206,1.2962,1.2708,1.2454,1.2209,1.1975,1.175,1.1515,1.129,1.1124,1.1007,1.089,1.0772,1.0645,1.0528,1.042,1.0313,1.0205,1.0108,1.001,0.9912,0.98534,0.98143,0.97458,0.96676,0.95992,0.95503,0.95308,0.9521,0.95112,0.95015,0.94819,0.94721,0.94526,0.94526,0.94721,0.94721,0.94721,0.94819,0.94917,0.95015,0.95015,0.95015,0.95015,0.94917,0.94917,0.9521,0.95406,0.9521,0.95112,0.95112,0.95112,0.95112,0.95112,0.95112,0.95112,0.95308,0.96188,0.98338,1.0166,1.0684,1.1515,1.2717,1.4262,1.608,1.8074,2.0127,2.2092,2.3754,2.5132,2.6315,2.7165,2.7761,2.827,2.8661,2.8925,2.9042,2.9032,2.8925,2.8749,2.8504,2.8201,2.7849,2.7458,2.7067,2.6647,2.6168,2.563,2.5034,2.4379,2.3666,2.2923,2.2151,2.1349,2.0567,1.9824,1.9198,1.8671,1.8182,1.7771,1.7449,1.7214,1.7048,1.6931,1.6862,1.6833,1.6833,1.6833,1.6823,1.6794,1.6764,1.6725,1.6676,1.6608,1.651,1.6373,1.6217,1.6061,1.5894,1.5728,1.5572,1.5455,1.5347,1.523,1.5103,1.4966,1.4819,1.4663,1.4506,1.436,1.4203,1.4076,1.3969,1.3871,1.3803,1.3754,1.3685,1.3607,1.3519,1.3441,1.3353,1.3265,1.3196,1.3128,1.305,1.2972,1.2913,1.2854,1.2796,1.2737,1.2678,1.263,1.2581,1.2542,1.2512,1.2473,1.2434,1.2395,1.2366,1.2375,1.2385,1.2395,1.2414,1.2454,1.2483,1.2493,1.2493,1.2493,1.2493,1.2463,1.2424,1.2395,1.2385,1.2414,1.2542,1.2864,1.346,1.4379,1.565,1.7224,1.9003,2.088,2.2747,2.4506,2.5885,2.697,2.8006,2.8895,2.9599,3.0127,3.0469,3.0665,3.0733,3.0684,3.0547,3.0352,3.0098,2.9804,2.9501,2.9169,2.8798,2.8397,2.7937,2.7419,2.6852,2.6237,2.5552,2.48,2.3998,2.3255,2.2532,2.174,2.0929,2.0147,1.9413,1.8749,1.8162,1.7654,1.7234,1.6891,1.6628,1.6442,1.6315,1.6207,1.6119,1.6031,1.5943,1.5836,1.5699,1.5552,1.5415,1.5288,1.5161,1.5054,1.4956,1.4829,1.4653,1.4457,1.4272,1.4076,1.3881,1.3685,1.349,1.3294,1.3109,1.2942,1.2835,1.2747,1.2639,1.2522,1.2395,1.2268,1.2141,1.2014,1.1887,1.1769,1.1672,1.1574,1.1515,1.1476,1.1427,1.1369,1.132,1.13,1.129,1.1281,1.1281,1.129,1.13,1.131,1.131,1.1329,1.1369,1.1388,1.1398,1.1398,1.1398,1.1398,1.1398,1.1398,1.1398,1.1398,1.1408,1.1437,1.1447,1.1437,1.1417,1.1408,1.1378,1.1339,1.132,1.1359,1.1515,1.1887,1.2532,1.3509,1.4575,1.5787,1.7351,1.911,2.0929,2.2659,2.4233,2.5582,2.6686,2.7546,2.8172,2.8602,2.8817,2.8876,2.8856,2.8768,2.8612,2.8407,2.8143,2.782,2.7449,2.7028,2.6559,2.6061,2.5513,2.4966,2.4409,2.3763,2.2786,2.1623,2.0596,1.9629,1.87,1.781,1.696,1.6168,1.5455,1.4897,1.4457,1.4076,1.3763,1.3519,1.3343,1.3216,1.3118,1.303,1.2923,1.2825,1.2717,1.2581,1.2454,1.2336,1.219,1.2033,1.1867,1.1701,1.1554,1.1417,1.1281,1.1153,1.1026,1.089,1.0792,1.0714,1.0606,1.0489,1.0362,1.0244,1.0137,1.0029,0.99316,0.98338,0.97458,0.96579,0.95699,0.9521,0.9521,0.95112,0.94819,0.94624,0.94233,0.93646,0.92962,0.9218,0.913,0.9042,0.89541,0.89052,0.88759,0.88465,0.88172,0.87879,0.87586,0.87195,0.86901,0.86706,0.86706,0.86999,0.87292,0.87586,0.87977,0.88368,0.88563,0.88661,0.88759,0.88759,0.88856,0.89052,0.89345,0.89736,0.89932,0.90225,0.90811,0.91496,0.92375,0.94037,0.97165,1.0235,1.1056,1.219,1.3627,1.5318,1.7195,1.915,2.1065,2.262,2.39,2.5132,2.6197,2.7048,2.7693,2.8123,2.8387,2.8504,2.8485,2.8358,2.8143,2.7849,2.7507,2.7116,2.6696,2.6246,2.5758,2.5249,2.4692,2.4076,2.3412,2.2688,2.1926,2.1124,2.0391,1.9707,1.8993,1.8299,1.7654,1.0293,1.0293,1.0293,1.0283,1.0283,1.0293,1.0293,1.0283,1.0283,1.0283,1.0283,1.0293,1.0303,1.0303,1.0303,1.0303,1.0323,1.0352,1.0371,1.0391,1.0459,1.0635,1.0978,1.1554,1.2405,1.3509,1.4829,1.6315,1.7879,1.9218,2.0381,2.1554,2.262,2.3519,2.4223,2.4721,2.5044,2.523,2.5269,2.5191,2.5034,2.4819,2.4555,2.4252,2.392,2.3558,2.3167,2.2737,2.2278,2.1779,2.1232,2.0655,2.0381,2.0283,1.9902,1.9326,1.869,1.8035,1.7419,1.6862,1.6373,1.5992,1.5699,1.5484,1.5357,1.5298,1.5308,1.5367,1.5464,1.5572,1.566,1.5728,1.5767,1.5787,1.5767,1.5728,1.567,1.5572,1.5474,1.5386,1.5269,1.5142,1.5015,1.4878,1.4741,1.4604,1.4467,1.435,1.4252,1.4174,1.4086,1.4018,1.3959,1.3891,1.3793,1.3685,1.3558,1.3431,1.3294,1.3167,1.3069,1.3011,1.2981,1.2972,1.2962,1.2933,1.2884,1.2522,1.2532,1.263,1.2903,1.3441,1.4282,1.5464,1.695,1.8661,2.0225,2.1701,2.3324,2.4907,2.6334,2.7546,2.8514,2.9228,2.9707,3.001,3.0147,3.0156,3.0049,2.9883,2.9707,2.9511,2.9286,2.9022,2.8729,2.8407,2.8025,2.7595,2.7116,2.6559,2.5924,2.5288,2.4643,2.391,2.3099,2.2258,2.1408,2.0557,1.9736,1.8964,1.827,1.7683,1.7204,1.6852,1.6588,1.6354,1.6149,1.5953,1.5787,1.5679,1.5601,1.5523,1.5445,1.5347,1.523,1.5103,1.4995,1.4897,1.4761,1.4594,1.4409,1.4223,1.4037,1.3871,1.3724,1.3568,1.3392,1.3216,1.3069,1.2942,1.2786,1.263,1.2483,1.2346,1.2209,1.2072,1.1935,1.1808,1.1691,1.1584,1.1525,1.1496,1.1466,1.1437,1.1398,1.1339,1.1271,1.1212,1.1173,1.1153,1.1144,1.1153,1.1173,1.1202,1.1241,1.1261,1.1271,1.1271,1.1271,1.1271,1.1271,1.1281,1.131,1.1339,1.1349,1.1359,1.1388,1.1427,1.1447,1.1457,1.1457,1.1457,1.1457,1.1476,1.1593,1.1896,1.2473,1.3333,1.4301,1.5425,1.6921,1.8631,2.0401,2.2131,2.3715,2.5073,2.6188,2.7087,2.7761,2.8231,2.8465,2.8514,2.8465,2.8358,2.8192,2.7947,2.7634,2.7273,2.6872,2.6432,2.5953,2.5425,2.4858,2.4301,2.3734,2.3069,2.2356,2.1584,2.0772,1.9922,1.9052,1.8221,1.7449,1.6716,1.6061,1.5552,1.5161,1.48,1.4487,1.4262,1.4106,1.3978,1.3871,1.3773,1.3685,1.3587,1.35,1.3412,1.3343,1.3265,1.3128,1.2981,1.2845,1.2434,1.1896,1.1554,1.131,1.1114,1.0948,1.0792,1.0684,1.0596,1.0489,1.0391,1.0293,1.0196,1.0108,1.0029,0.99609,0.98925,0.98045,0.97165,0.96285,0.95699,0.95406,0.95015,0.94526,0.94233,0.93842,0.93451,0.93255,0.92962,0.92571,0.9218,0.91593,0.91202,0.90909,0.90323,0.89638,0.8915,0.88954,0.88661,0.88563,0.88661,0.88661,0.88661,0.88661,0.88661,0.88954,0.89345,0.89541,0.89638,0.89638,0.89638,0.89638,0.89638,0.89638,0.89736,0.90127,0.91202,0.9306,0.96285,1.0205,1.1085,1.2307,1.3842,1.5621,1.7576,1.958,2.1515,2.3284,2.4809,2.608,2.697,2.7586,2.8113,2.8524,2.8778,2.8876,2.8847,2.869,2.8426,2.8104,2.7742,2.7341,2.6931,2.651,2.6051,2.5552,2.4995,2.437,2.3666,2.2884,2.2063,2.1202,2.0342,1.9521,1.8768,1.8172,1.7683,1.7234,1.6852,1.6549,1.6325,1.6168,1.6051,1.5973,1.5904,1.5836,1.5758,1.5679,1.5611,1.5523,1.5435,1.5347,1.5249,1.5152,1.5034,1.4897,1.4761,1.4624,1.4477,1.434,1.4223,1.4115,1.3988,1.3851,1.3705,1.3539,1.3372,1.3206,1.304,1.2874,1.2708,1.2551,1.2444,1.2366,1.2278,1.218,1.2072,1.1965,1.1867,1.1799,1.173,1.1652,1.1574,1.1486,1.1398,1.1349,1.1329,1.129,1.1251,1.1212,1.1163,1.1114,1.1085,1.1065,1.1056,1.1065,1.1085,1.1114,1.1144,1.1134,1.1105,1.1065,1.1046,1.1036,1.1026,1.1026,1.0997,1.0958,1.0938,1.1017,1.1193,1.1525,1.2121,1.306,1.4839,1.6676,1.8113,1.9873,2.175,2.3578,2.5249,2.6686,2.7713,2.8426,2.9042,2.9521,2.9824,2.998,3.002,2.9971,2.9844,2.9658,2.9433,2.9169,2.8856,2.8514,2.8152,2.7761,2.7302,2.6774,2.6197,2.5552,2.4829,2.4027,2.3167,2.2258,2.1349,2.0538,1.9785,1.9013,1.827,1.7586,1.6999,1.653,1.6158,1.5865,1.563,1.5445,1.5298,1.5191,1.5093,1.4985,1.4868,1.4741,1.4614,1.4477,1.434,1.4184,1.3998,1.3793,1.3578,1.3353,1.3148,1.2952,1.2708,1.2444,1.218,1.1935,1.172,1.1515,1.13,1.1105,1.0909,1.0714,1.0577,1.0469,1.0342,1.0205,1.0068,0.99316,0.98045,0.9697,0.95797,0.94624,0.93451,0.92278,0.94135,0.97752,0.99316,0.99804,0.99804,0.99609,0.99218,0.99022,0.98925,0.98827,0.98729,0.98631,0.98338,0.9824,0.98436,0.98436,0.98436,0.98436,0.98436,0.98631,0.98925,0.99022,0.99218,0.99413,0.99511,0.99413,0.99511,0.99804,1,1.0029,1.0137,1.0401,1.089,1.1662,1.2766,1.4174,1.5846,1.7683,1.9306,2.0772,2.2336,2.3822,2.5122,2.6188,2.7009,2.7595,2.8006,2.825,2.8348,2.8338,2.8221,2.8016,2.7761,2.7468,2.7126,2.6755,2.6364,2.5934,2.5464,2.4936,2.437,2.3734,2.303,2.2346,2.1662,2.089,2.0068,1.9257,1.8485,1.7781,1.7165,1.6628,1.6188,1.5846,1.5611,1.5455,1.5376,1.5376,1.5425,1.5503,1.5582,1.563,1.565,1.566,1.567,1.565,1.5611,1.5572,1.5543,1.5494,1.5396,1.5288,1.5161,1.5034,1.4907,1.478,1.4673,1.4565,1.4467,1.4379,1.4272,1.4203,1.4145,1.4066,1.3988,1.3891,1.3783,1.3685,1.3597,1.3509,1.3431,1.3382,1.3343,1.3324,1.3304,1.3245,1.3187,1.3138,1.3079,1.3001,1.2923,1.2845,1.2786,1.2737,1.2688,1.2669,1.2678,1.2698,1.2708,1.2717,1.2737,1.2747,1.2747,1.2747,1.2757,1.2776,1.2786,1.2796,1.2796,1.2786,1.2757,1.2717,1.2688,1.2698,1.2776,1.3011,1.348,1.4242,1.5327,1.6716,1.8348,1.9873,2.1339,2.2981,2.4604,2.609,2.737,2.8416,2.9228,2.9834,3.0244,3.0489,3.0596,3.0567,3.0459,3.0323,3.0147,2.9912,2.9638,2.9326,2.8954,2.8553,2.8094,2.7566,2.6843,2.6188,2.567,2.5015,2.4262,2.3451,2.26,2.175,2.0919,2.0137,1.9404,1.8739,1.8152,1.7644,1.7273,1.7009,1.6794,1.6628,1.65,1.6393,1.6295,1.6207,1.6119,1.6012,1.5865,1.5718,1.5601,1.5494,1.5376,1.5249,1.5112,1.4956,1.478,1.4575,1.4379,1.4184,1.3998,1.3812,1.3617,1.346,1.3314,1.3148,1.2981,1.2825,1.2659,1.2493,1.2346,1.2209,1.2072,1.1935,1.1799,1.1701,1.1613,1.1525,1.1447,1.1369,1.1281,1.1202,1.1144,1.1105,1.1085,1.1075,1.1046,1.1017,1.1017,1.1017,1.0987,1.0938,1.087,1.0802,1.0733,1.0674,1.0645,1.0635,1.0606,1.0557,1.0538,1.0508,1.0469,1.042,1.0362,1.0293,1.0283,1.0332,1.0371,1.0469,1.0704,1.1153,1.1877,1.2727,1.3734,1.5073,1.6647,1.8338,2.002,2.1603,2.3011,2.4213,2.5191,2.5953,2.651,2.6843,2.6999,2.7067,2.7038,2.6921,2.6716,2.6461,2.6168,2.5855,2.5494,2.5093,2.4643,2.4135,2.3636,2.3109,2.2473,2.1769,2.1017,2.0215,1.9394,1.8573,1.7801,1.7097,1.6471,1.5943,1.5552,1.5249,1.4936,1.4702,1.4555,1.4457,1.4389,1.434,1.4321,1.4291,1.4262,1.4233,1.4223,1.4213,1.4213,1.4213,1.4213,1.4213,1.4213,1.4184,1.4135,1.4066,1.3988,1.391,1.3822,1.3773,1.3744,1.3724,1.3685,1.3627,1.3558,1.347,1.3372,1.3255,1.3138,1.303,1.2952,1.2893,1.2864,1.2854,1.2845,1.2815,1.2776,1.2737,1.2698,1.2659,1.262,1.2571,1.2551,1.2561,1.26,1.2649,1.2698,1.2727,1.2747,1.2757,1.2757,1.2766,1.2786,1.2805,1.2835,1.2864,1.2874,1.2893,1.2913,1.2923,1.2933,1.2933,1.2923,1.2903,1.2893,1.2893,1.2923,1.3216,1.3607,1.392,1.4467,1.5367,1.7067,1.8817,2.0166,2.216,2.4008,2.5269,2.652,2.7625,2.8534,2.915,2.9531,2.9834,3.0029,3.0108,3.0078,2.9912,2.9629,2.9404,2.9189,2.8886,2.8504,2.8074,2.7625,2.7146,2.6598,2.5982,2.5308,2.434,2.3421,2.2757,2.1994,2.1202,2.0411,1.9658,1.9022,1.8377,1.781,1.7449,1.7116,1.6813,1.6588,1.6452,1.6344,1.6246,1.6158,1.607,1.5982,1.5865,1.5718,1.5621,1.5533,1.5386,1.5191,1.5034,1.4848,1.4604,1.4428,1.4252,1.4066,1.392,1.3812,1.3666,1.347,1.3284,1.3157,1.3021,1.2854,1.2708,1.2571,1.2444,1.2317,1.2219,1.216,1.2092,1.2014,1.1955,1.1916,1.1935,1.2082,1.2424,1.3021,1.3891,1.5005,1.4223,1.4027,1.3851,1.3685,1.3519,1.3353,1.3177,1.3011,1.2854,1.2717,1.2581,1.2454,1.2336,1.2229,1.2121,1.2023,1.1935,1.1867,1.1818,1.1779,1.174,1.1711,1.1681,1.1642,1.1593,1.1554,1.1525,1.1486,1.1457,1.1427,1.1398,1.1359,1.1329,1.13,1.1261,1.1212,1.1153,1.1124,1.1105,1.1134,1.129,1.1642,1.2239,1.3118,1.4262,1.565,1.7214,1.8837,2.043,2.1896,2.304,2.3949,2.4819,2.5572,2.6178,2.6647,2.6989,2.7224,2.7361,2.741,2.74,2.7331,2.7165,2.694,2.6696,2.6422,2.609,2.5699,2.5249,2.4741,2.4164,2.3529,2.2825,2.2063,2.1261,2.0518,1.9834,1.912,1.8446,1.784,1.7312,1.6882,1.654,1.6276,1.608,1.5934,1.5806,1.5699,1.5601,1.5503,1.5406,1.5298,1.5171,1.5034,1.4907,1.4761,1.4594,1.4409,1.4213,1.4018,1.3851,1.3685,1.3509,1.3343,1.3187,1.304,1.2903,1.2766,1.262,1.2473,1.2317,1.217,1.2063,1.1984,1.1896,1.1808,1.172,1.1632,1.1564,1.1496,1.1417,1.1349,1.129,1.1241,1.1202,1.1183,1.1163,1.1134,1.1105,1.1075,1.1046,1.1017,1.1007,1.0997,1.0997,1.0997,1.0987,1.0978,1.0958,1.0929,1.0919,1.0968,1.1114,1.1437,1.1984,1.2796,1.3871,1.5152,1.6569,1.8065,1.9335,2.043,2.1554,2.261,2.3519,2.4262,2.4839,2.5259,2.5543,2.5699,2.5758,2.5738,2.5621,2.5445,2.5239,2.5015,2.4761,2.4457,2.4106,2.3695,2.3216,2.2678,2.2063,2.1359,2.0606,1.9883,1.9179,1.8426,1.7693,1.7009,1.6383,1.5846,1.5425,1.5103,1.4868,1.4712,1.4604,1.4536,1.4487,1.4438,1.4389,1.433,1.4262,1.4164,1.4066,1.3969,1.3871,1.3763,1.3627,1.349,1.3363,1.3206,1.304,1.2884,1.2717,1.2551,1.2395,1.2239,1.2082,1.1926,1.1779,1.1632,1.1505,1.1388,1.1271,1.1153,1.1056,1.0978,1.0909,1.085,1.0792,1.0733,1.0694,1.0655,1.0626,1.0606,1.0596,1.0587,1.0587,1.0587,1.0587,1.0577,1.0557,1.0538,1.0518,1.0489,1.0459,1.045,1.043,1.0391,1.0362,1.0352,1.0401,1.0577,1.0938,1.1525,1.2366,1.3441,1.4721,1.5934,1.7087,1.8719,2.0577,2.216,2.35,2.4604,2.5474,2.6139,2.6608,2.6921,2.7097,2.7165,2.7107,2.696,2.6804,2.6628,2.6413,2.6168,2.5894,2.5572,2.5191,2.4751,2.4242,2.3666,2.3069,2.2434,2.1701,2.0899,2.0059,1.9208,1.8387,1.7625,1.6931,1.6305,1.5767,1.5327,1.4976,1.4721,1.4526,1.4379,1.4262,1.4174,1.4076,1.3978,1.3871,1.3754,1.3607,1.3441,1.3265,1.3118,1.2972,1.2805,1.262,1.2424,1.2229,1.2033,1.1848,1.1672,1.1496,1.131,1.1134,1.0978,1.085,1.0743,1.0616,1.0479,1.0332,1.0186,1.0039,0.98925,0.97556,0.96285,0.95112,0.93939,0.9306,0.92375,0.91593,0.90714,0.89932,0.8915,0.8827,0.8739,0.86413,0.85435,0.84555,0.83773,0.83089,0.82698,0.82502,0.82307,0.81916,0.81329,0.80547,0.7957,0.7869,0.78104,0.7869,0.81036,0.85924,0.92082,1,1.1134,1.2493,1.3988,1.5523,1.6989,1.8338,1.9511,2.0499,2.129,2.1877,2.2307,2.2551,2.2639,2.2669,2.263,2.2522,2.2366,2.216,2.1896,2.1593,2.1222,2.0792,2.0303,1.9804,1.9277,1.8661,1.7967,1.7204,1.6393,1.5552,1.4692,1.3861,1.3089,1.2375,1.175,1.1222,1.0841,1.0567,1.0342,1.0166,1.0029,0.99218,0.98338,0.97556,0.9697,0.96579,0.96188,0.95894,0.95894,0.95992,0.95894,0.95601,0.95308,0.95112,0.95015,0.94819,0.94526,0.94233,0.93842,0.93548,0.93353,0.9306,0.92375,0.91496,0.9042,0.89345,0.8827,0.87195,0.86217,0.85337,0.84555,0.83773,0.82991,0.82502,0.82209,0.81623,0.80938,0.80254,0.7957,0.78886,0.78299,0.78006,0.77908,0.7781,0.7781,0.78006,0.78299,0.78397,0.78495,0.78495,0.78495,0.78495,0.78495,0.78495,0.78495,0.78495,0.78788,0.79961,0.81916,0.85239,0.90909,0.99413,1.1085,1.2463,1.4008,1.563,1.7243,1.8749,2.0098,2.1261,2.2102,2.2698,2.3226,2.3646,2.3939,2.4125,2.4223,2.4223,2.4135,2.3978,2.3763,2.35,2.3177,2.2825,2.2444,2.2014,2.1525,2.0978,2.0362,1.9697,1.8993,1.824,1.7468,1.6716,1.5992,1.5367,1.4819,1.4301,1.3832,1.3412,1.3079,1.2805,1.259,1.2405,1.2258,1.2131,1.2023,1.1935,1.1848,1.1769,1.1672,1.1564,1.1427,1.1261,1.1085,1.0919,1.1329,1.2033,1.2278,1.2287,1.2209,1.2111,1.1965,1.1799,1.1613,1.1447,1.129,1.1134,1.0987,1.0841,1.0694,1.0557,1.044,1.0371,1.0323,1.0264,1.0196,1.0117,1.0049,0.99707,0.98925,0.98143,0.97361,0.96774,0.96285,0.95992,0.95894,0.95699,0.95503,0.95308,0.9521,0.95308,0.95308,0.95308,0.95503,0.95601,0.95601,0.95503,0.95503,0.95601,0.95699,0.96188,0.97947,1.0176,1.0802,1.1711,1.2884,1.4282,1.5826,1.739,1.8719,1.9853,2.0997,2.2053,2.2962,2.3705,2.4272,2.4673,2.4927,2.5064,2.5103,2.5073,2.4995,2.4848,2.4653,2.4418,2.4145,2.3822,2.3451,2.303,2.2551,2.2014,2.1398,2.0714,1.9971,1.9286,1.8622,1.7869,1.7107,1.6373,1.567,1.5034,1.4477,1.3988,1.3587,1.3265,1.3001,1.2776,1.262,1.2493,1.2356,1.2199,1.2043,1.1887,1.172,1.1544,1.1359,1.1173,1.0978,1.0792,1.0635,1.0508,1.0352,1.0176,1.001,0.9824,0.96383,0.94526,0.92766,0.91007,0.89345,0.87977,0.86706,0.85826,0.85044,0.84164,0.83382,0.826,0.81818,0.81036,0.8045,0.80059,0.79668,0.79277,0.78886,0.7869,0.78592,0.78104,0.77615,0.77224,0.77028,0.76931,0.76931,0.77028,0.77126,0.77224,0.77224,0.77517,0.78006,0.78201,0.78397,0.78788,0.79374,0.79863,0.80254,0.80938,0.82111,0.84555,0.88856,0.95601,1.0342,1.13,1.2561,1.4027,1.5611,1.7214,1.8759,2.0186,2.1447,2.2522,2.3421,2.4145,2.4624,2.4927,2.5171,2.5337,2.5425,2.5425,2.5347,2.52,2.4995,2.4741,2.4448,2.4106,2.3715,2.3304,2.2864,2.2336,2.174,2.1095,2.0401,1.9677,1.8954,1.824,1.7576,1.697,1.6442,1.6031,1.5709,1.5445,1.523,1.5073,1.4956,1.4858,1.477,1.4692,1.4614,1.4536,1.4448,1.435,1.4262,1.4164,1.4018,1.3851,1.3675,1.349,1.3314,1.3148,1.2981,1.2825,1.2669,1.2522,1.2395,1.2278,1.2141,1.2004,1.1877,1.175,1.1613,1.1457,1.13,1.1163,1.1036,1.0919,1.0821,1.0772,1.0772,1.0772,1.0753,1.0723,1.0704,1.0674,1.0635,1.0596,1.0567,1.0538,1.0499,1.0499,1.0518,1.0528,1.0538,1.0538,1.0538,1.0538,1.0518,1.0479,1.043,1.0371,1.0313,1.0283,1.0313,1.045,1.1437,1.3021,1.4399,1.5836,1.7439,1.9179,2.0968,2.2727,2.437,2.5846,2.697,2.783,2.8622,2.9277,2.9785,3.0156,3.0391,3.0518,3.0557,3.0528,3.043,3.0254,3.001,2.9726,2.9404,2.9042,2.8641,2.8182,2.7644,2.7028,2.6344,2.5591,2.477,2.39,2.2991,2.217,2.1417,2.0635,1.9883,1.9189,1.8592,1.8094,1.7693,1.738,1.7126,1.6921,1.6755,1.6598,1.6461,1.6325,1.6168,1.6012,1.5826,1.5601,1.5367,1.5132,1.4907,1.4682,1.4467,1.4252,1.4076,1.392,1.3715,1.349,1.3275,1.305,1.2815,1.259,1.2375,1.218,1.2014,1.1867,1.173,1.1642,1.1564,1.1447,1.131,1.1163,1.1017,1.089,1.0782,1.0684,1.0606,1.0557,1.0538,1.0557,1.0596,1.0616,1.0626,1.0635,1.0626,1.0616,1.0596,1.0567,1.0538,1.0528,1.0518,1.0547,1.0596,1.0626,1.0655,1.0674,1.0704,1.0743,1.0802,1.0909,1.1173,1.1632,1.2346,1.3363,1.4467,1.5699,1.7253,1.8964,2.0714,2.2424,2.4008,2.5406,2.6598,2.7566,2.8328,2.8915,2.9267,2.9462,2.9619,2.9697,2.9707,2.9638,2.9501,2.9326,2.9091,2.8778,2.8416,2.7996,2.7507,2.6999,2.6442,2.5797,2.5073,2.4301,2.349,2.2678,2.1906,2.1183,2.0538,1.9971,1.9472,1.9091,1.8817,1.8583,1.8387,1.8221,1.8094,1.7986,1.7889,1.7801,1.7703,1.7595,1.7478,1.7351,1.7253,1.7155,1.7038,1.6882,1.6696,1.65,1.6305,1.6109,1.5914,1.5728,1.5543,1.5357,1.521,1.5083,1.4936,1.479,1.4643,1.4506,1.4379,1.4252,1.4125,1.3988,1.3861,1.3734,1.3617,1.3548,1.3509,1.346,1.3392,1.3314,1.3245,1.3177,1.3128,1.3099,1.3089,1.3079,1.3079,1.3099,1.3128,1.3118,1.3099,1.3089,1.3069,1.304,1.3011,1.2981,1.2933,1.2884,1.2854,1.2835,1.2854,1.2972,1.3236,1.3724,1.4497,1.5572,1.694,1.8543,2.0274,2.2033,2.3734,2.5288,2.65,2.7429,2.8289,2.9022,2.9599,3.0029,3.0313,3.0479,3.0557,3.0547,3.0479,3.0362,3.0186,2.9941,2.9629,2.7615,2.7214,2.6764,2.6246,2.567,2.5024,2.4311,2.3617,2.2942,2.219,2.1388,2.0587,1.9814,1.911,1.8475,1.7928,1.7468,1.7077,1.6745,1.6491,1.6325,1.6207,1.6109,1.6022,1.5934,1.5846,1.5728,1.5582,1.5406,1.523,1.5054,1.4888,1.4751,1.4633,1.4497,1.435,1.4184,1.4008,1.3851,1.3705,1.3558,1.3402,1.3226,1.305,1.2874,1.2737,1.263,1.2522,1.2434,1.2346,1.2258,1.218,1.2102,1.2023,1.1935,1.1857,1.1779,1.174,1.172,1.1691,1.1672,1.1642,1.1603,1.1554,1.1505,1.1447,1.1398,1.1359,1.132,1.131,1.13,1.1281,1.1261,1.1241,1.1212,1.1193,1.1173,1.1153,1.1144,1.1124,1.1105,1.1095,1.1114,1.1134,1.1134,1.1124,1.1105,1.1095,1.1105,1.1124,1.1144,1.1153,1.1153,1.1134,1.1134,1.1144,1.1144,1.1193,1.1359,1.173,1.2356,1.3275,1.4467,1.5904,1.7507,1.9179,2.0831,2.2199,2.3343,2.4477,2.5494,2.6334,2.6999,2.7498,2.783,2.8016,2.8084,2.8065,2.7977,2.781,2.7595,2.7351,2.7058,2.6725,2.6364,2.5973,2.5552,2.5073,2.4536,2.392,2.3245,2.2512,2.1818,2.1144,2.0371,1.957,1.8788,1.8045,1.7361,1.6755,1.6246,1.5816,1.5474,1.521,1.5044,1.4956,1.4897,1.4868,1.4858,1.4848,1.4848,1.4839,1.48,1.4741,1.4663,1.4555,1.4438,1.436,1.4282,1.4184,1.4086,1.3998,1.392,1.3842,1.3744,1.3646,1.3548,1.3441,1.3324,1.3236,1.3167,1.3099,1.3011,1.2933,1.2845,1.2766,1.2688,1.26,1.2522,1.2454,1.2395,1.2346,1.2326,1.2336,1.2317,1.2287,1.2268,1.2239,1.2199,1.216,1.2131,1.2111,1.2102,1.2102,1.2121,1.2151,1.217,1.218,1.218,1.219,1.2209,1.2219,1.2219,1.2239,1.2278,1.2326,1.2385,1.2444,1.2502,1.2551,1.26,1.2639,1.2678,1.2717,1.2766,1.2796,1.2815,1.2835,1.2893,1.3011,1.3226,1.3617,1.4242,1.5142,1.6334,1.7781,1.9404,2.1105,2.2776,2.436,2.5787,2.7019,2.7918,2.8583,2.9169,2.9629,2.9951,3.0059,3,2.9892,2.9736,2.9541,2.9296,2.9003,2.868,2.8328,2.7947,2.7517,2.7067,2.6569,2.6012,2.5396,2.4721,2.3998,2.3226,2.2424,2.1613,2.089,2.0235,1.956,1.8905,1.828,1.7713,1.7234,1.6843,1.6549,1.6315,1.6139,1.5992,1.5875,1.5777,1.566,1.5523,1.5396,1.5269,1.5142,1.4995,1.4819,1.4624,1.4418,1.4223,1.4076,1.3939,1.3763,1.3587,1.3412,1.3226,1.304,1.2864,1.2708,1.2561,1.2424,1.2297,1.217,1.2072,1.1994,1.1887,1.1769,1.1652,1.1544,1.1447,1.1359,1.1271,1.1193,1.1144,1.1095,1.1075,1.1075,1.1056,1.1017,1.0958,1.0909,1.088,1.0841,1.0802,1.0772,1.0733,1.0704,1.0684,1.0674,1.0674,1.0674,1.0674,1.0674,1.0674,1.0674,1.0665,1.0635,1.0616,1.0587,1.0547,1.0547,1.0547,1.0528,1.0518,1.0518,1.0518,1.0518,1.0499,1.0469,1.043,1.0391,1.0381,1.043,1.0577,1.086,1.1378,1.218,1.3284,1.4653,1.6217,1.7898,1.9629,2.13,2.2825,2.4164,2.5161,2.5894,2.6569,2.7116,2.7517,2.7781,2.7918,2.7947,2.7889,2.7752,2.7556,2.7292,2.6999,2.6667,2.6305,2.5914,2.5494,2.5044,2.4545,2.3998,2.3392,2.2737,2.2014,2.1232,2.0411,1.9648,1.8935,1.8172,1.74,1.6657,1.5982,1.5406,1.4917,1.4516,1.4213,1.3988,1.3822,1.3695,1.3617,1.3548,1.346,1.3343,1.3206,1.305,1.2884,1.2717,1.2551,1.2375,1.2209,1.2023,1.1867,1.174,1.1603,1.1476,1.1369,1.1271,1.1183,1.1095,1.0987,1.085,1.0714,1.0577,1.045,1.0362,1.0313,1.0244,1.0176,1.0127,1.0078,1.0029,0.99902,0.99316,0.98729,0.9824,0.97752,0.97654,0.97947,0.98045,0.98045,0.97849,0.97654,0.97458,0.97263,0.97165,0.97165,0.97165,0.97067,0.96872,0.9697,0.97361,0.97752,0.98143,0.98534,0.99022,0.99413,0.99804,1.0029,1.0068,1.0098,1.0117,1.0147,1.0186,1.0205,1.0225,1.0244,1.0254,1.0254,1.0254,1.0274,1.0362,1.0567,1.0978,1.1642,1.2424,1.3382,1.4692,1.6266,1.7996,1.9765,2.1505,2.3118,2.4545,2.5748,2.6716,2.7468,2.7957,2.824,2.8456,2.8573,2.8592,2.8514,2.8368,2.8182,2.7957,2.7674,2.7351,2.7019,2.6676,2.6315,2.5885,2.5386,2.4839,2.4242,2.3587,2.2903,2.218,2.1427,2.0674,1.9961,1.9277,1.869,1.8192,1.7693,1.7263,1.6911,1.6628,1.6403,1.6237,1.6109,1.6002,1.5914,1.5816,1.5728,1.564,1.5533,1.5425,1.5308,1.5171,1.5015,1.4829,1.4633,1.4448,1.4272,1.4096,1.393,1.3793,1.3675,1.3529,1.3363,1.3196,1.306,1.2923,1.2796,1.2669,1.2542,1.2414,1.2297,1.2209,1.2131,1.2023,1.1916,1.1808,1.1711,1.1632,1.1584,1.1564,1.1554,1.1544,1.1515,1.1486,1.1486,1.1515,1.1525,1.1515,1.1496,1.1476,1.1466,1.1447,1.1417,1.1398,1.1378,1.1339,1.1329,1.1329,1.131,1.1281,1.1241,1.1222,1.1212,1.1212,1.1212,1.1212,1.1212,1.1212,1.1202,1.1193,1.1193,1.1163,1.1153,1.1202,1.1369,1.173,1.2346,1.3245,1.4438,1.5885,1.7488,1.8935,2.0264,2.1701,2.3079,2.4311,2.5357,2.6197,2.6852,2.7341,2.7664,2.7849,2.7937,2.7937,2.784,2.7683,2.7498,2.7302,2.7087,2.6852,2.6579,2.6266,2.5914,2.5513,2.5054,2.4536,2.4008,2.3441,2.2776,2.2043,2.1251,2.043,1.9619,1.8847,1.8123,1.7488,1.6931,1.6452,1.6041,1.5748,1.5543,1.5367,1.521,1.5083,1.4976,1.4878,1.4761,1.4643,1.4516,1.437,1.4213,1.4086,1.3959,1.3773,1.3568,1.3363,1.3157,1.2952,1.2766,1.26,1.2434,1.2287,1.2141,1.1994,1.1887,1.1818,1.174,1.1662,1.1564,1.1466,1.1369,1.1261,1.1173,1.1085,1.0997,1.0919,1.088,1.086,1.0831,1.0802,1.0762,1.0723,1.0684,1.0635,1.0587,1.0557,1.0518,1.0489,1.0479,1.0489,1.0499,1.0479,1.0459,1.044,1.043,1.0411,1.0401,1.0401,1.0401,1.0401,1.0401,1.043,1.0459,1.0459,1.0459,1.0459,1.0459,1.0459,1.0459,1.0459,1.045,1.042,1.0391,1.0362,1.0381,1.045,1.0596,1.0919,1.1496,1.2356,1.3509,1.4917,1.6491,1.8143,1.9785,2.1339,2.2571,2.3548,2.4477,2.5298,2.5973,2.6491,2.6843,2.7058,2.7155,2.7155,2.7077,2.694,2.6725,2.6452,2.6139,2.5797,2.5445,2.5073,2.4663,2.4213,2.3705,2.3148,2.2532,2.1838,2.1075,2.0362,1.9677,1.8935,1.8172,1.7429,1.6735,1.6178,1.5728,1.5298,1.4917,1.4604,1.437,1.4223,1.4125,1.4027,1.393,1.3822,1.3685,1.3519,1.3343,1.3177,1.303,1.2874,1.2708,1.2532,1.2375,1.2248,1.2092,1.1906,1.175,1.1613,1.1486,1.1378,1.1261,1.1134,1.1017,1.0899,1.0811,1.0743,1.0655,1.0547,1.044,1.0342,1.0254,1.0186,1.0127,1.0078,1.0029,0.99804,0.99316,0.99316,0.99707,0.99707,0.99609,0.99511,0.99218,0.98827,0.9824,0.97752,0.97361,0.97165,0.97263,0.97458,0.97947,0.98436,0.98925,0.99316,0.99804,1.0029,1.0078,1.0117,1.0137,1.0147,1.0137,1.0127,1.0156,1.0196,1.0225,1.0264,1.0313,1.0352,1.0401,1.044,1.0459,1.0479,1.0518,1.0626,1.0821,1.1153,1.1711,1.2561,1.3724,1.5191,1.6901,1.8778,2.0723,2.26,2.435,2.5914,2.7243,2.8182,2.8837,2.9404,2.9834,3.0137,3.0293,3.0352,3.0332,3.0235,3.0039,2.9785,2.9462,2.911,2.8729,2.8319,2.7879,2.741,2.6882,2.6305,2.565,2.4927,2.4154,2.3343,2.2512,2.1691,2.0968,2.0313,1.9648,1.9013,1.8416,1.7889,1.7468,1.7126,1.6852,1.6618,1.6432,1.6295,1.6178,1.607,1.5973,1.5875,1.5748,1.5621,1.5484,1.5347,1.5191,1.5015,1.4809,1.4575,1.434,1.4154,1.3969,1.3763,1.3548,1.3343,1.3148,1.2952,1.2776,1.262,1.2463,1.2307,1.2151,1.2033,1.1926,1.1799,1.1672,1.1564,1.1457,1.1369,1.129,1.1212,1.1134,1.1065,1.1026,1.1007,1.1017,1.1046,1.1065,1.1075,1.1075,1.1065,1.1036,1.0987,1.0929,1.086,1.0782,1.0723,1.0704,1.0704,1.0704,1.0704,1.0704,1.0704,1.0704,1.0704,1.0684,1.0645,1.0616,1.0577,1.0547,1.0547,1.0547,1.0538,1.0518,1.0479,1.045,1.044,1.0411,1.0371,1.0332,1.0283,1.0274,1.0323,1.0479,1.0802,1.1369,1.2239,1.3421,1.4897,1.6598,1.8426,2.0303,2.2111,2.3763,2.5034,2.6022,2.6931,2.7693,2.828,2.87,2.8983,2.914,2.9179,2.913,2.9013,2.8837,2.8612,2.8338,2.8006,2.7654,2.7283,2.6862,2.6393,2.5885,2.5298,2.4643,2.393,2.3167,2.2356,2.1603,2.086,2.0039,1.9179,1.8348,1.7566,1.6862,1.6266,1.5777,1.5367,1.5034,1.4761,1.4545,1.4438,1.4389,1.4291,1.4164,1.4018,1.3851,1.3675,1.35,1.3333,1.3177,1.3001,1.2815,1.2659,1.2512,1.2326,1.2141,1.1975,1.1808,1.1662,1.1525,1.1417,1.132,1.1212,1.1105,1.1007,1.0938,1.0899,1.0821,1.0714,1.0606,1.0508,1.042,1.0362,1.0303,1.0254,1.0205,1.0156,1.0156,1.0186,1.0176,1.0147,1.0117,1.0108,1.0098,1.0098,1.0088,1.0059,1.002,0.99804,0.99316,0.99316,0.99902,1.0039,1.0078,1.0117,1.0166,1.0205,1.0254,1.0293,1.0352,1.0401,1.043,1.0459,1.0499,1.0518,1.0528,1.0538,1.0547,1.0577,1.0626,1.0674,1.0723,1.0792,1.088,1.1036,1.1281,1.1672,1.2307,1.3236,1.4457,1.5953,1.7654,1.9453,2.1281,2.303,2.4633,2.6031,2.7058,2.782,2.8514,2.9091,2.9541,2.9834,2.998,3.002,2.9971,2.9844,2.9658,2.9423,2.913,2.8807,2.8465,2.8094,2.7683,2.7243,2.6755,2.6207,2.5601,2.4927,2.4184,2.3392,2.261,2.1906,2.1241,2.0538,1.9844,1.9208,1.8641,1.8143,1.7722,1.741,1.7155,1.695,1.6794,1.6667,1.6569,1.6491,1.6393,1.6266,1.6129,1.5992,1.5865,1.5718,1.5543,1.5337,1.5132,1.4927,1.477,1.4633,1.4477,1.4301,1.4125,1.3949,1.3773,1.3578,1.3392,1.3236,1.3089,1.2952,1.2815,1.2717,1.263,1.2522,1.2395,1.2268,1.2141,1.2053,1.1975,1.1896,1.1838,1.1799,1.175,1.173,1.174,1.175,1.175,1.175,1.175,1.175,1.175,1.175,1.175,1.175,1.173,1.1701,1.1701,1.173,1.172,1.1691,1.1681,1.1672,1.1672,1.1672,1.1672,1.1672,1.1672,1.1672,1.1691,1.172,1.174,1.175,1.173,1.1691,1.1632,1.1554,1.1486,1.1457,1.1496,1.1662,1.1945,1.2414,1.3196,1.4311,1.5718,1.737,1.9159,2.0978,2.2727,2.433,2.5728,2.6891,2.7849,2.8495,2.8915,2.9267,2.9501,2.9658,2.9736,2.9726,2.9648,2.9501,2.9306,2.9062,2.8788,2.8485,2.8143,2.7752,2.7312,2.6813,2.6246,2.5611,2.4907,2.4145,2.3343,2.2512,2.1662,2.0792,2.002,1.9326,1.8612,1.7918,1.7273,1.6735,1.6295,1.5934,1.563,1.5386,1.52,1.5034,1.4907,1.4809,1.4721,1.4633,1.4526,1.4399,1.4223,1.4018,1.3803,1.3597,1.3402,1.3196,1.2981,1.2805,1.2649,1.2463,1.2278,1.2102,1.1955,1.1818,1.1681,1.1554,1.1417,1.13,1.1173,1.1085,1.1017,1.0929,1.0831,1.0723,1.0635,1.0577,1.0518,1.0469,1.042,1.0381,1.0332,1.0283,1.0274,1.0283,1.0274,1.0274,1.0274,1.0254,1.0235,1.0215,1.0196,1.0186,1.0166,1.0147,1.0156,1.0176,1.0176,1.0176,1.0186,1.0205,1.0225,1.0254,1.0303,1.0352,1.0391,1.043,1.0479,1.0547,1.0606,1.0655,1.0704,1.0733,1.0743,1.0753,1.0753,1.0762,1.0811,1.0958,1.1281,1.1711,1.2317,1.3236,1.4487,1.6022,1.7781,1.9658,2.1544,2.3343,2.4985,2.6422,2.7644,2.8631,2.9277,2.9687,3.0039,3.0293,3.044,3.0489,3.045,3.0332,3.0147,2.9922,2.9668,2.9365,2.9013,2.8622,2.8201,2.7742,2.7263,2.6735,2.6139,2.5464,2.4721,2.3959,2.3177,2.2385,2.1603,2.0919,2.0313,1.9697,1.914,1.8661,1.827,1.7947,1.7713,1.7546,1.7419,1.7312,1.7214,1.7136,1.7048,1.6931,1.6784,1.6618,1.6442,1.6256,1.607,1.5885,1.5689,1.5494,1.5279,1.5064,1.4888,1.4751,1.4594,1.4428,1.4252,1.4076,1.391,1.3763,1.3617,1.349,1.3372,1.3255,1.3177,1.3118,1.304,1.2962,1.2874,1.2776,1.2659,1.2542,1.2434,1.2356,1.2297,1.2248,1.2219,1.2209,1.218,1.2141,1.2102,1.2063,1.2014,1.1984,1.1955,1.1916,1.1887,1.1877,1.1867,1.1887,1.1916,1.1935,1.1945,1.1945,1.1945,1.1945,1.1926,1.1896,1.1877,1.1867,1.1887,1.1916,1.1935,1.1945,1.1945,1.1945,1.1945,1.1955,1.2033,1.2248,1.2678,1.3392,1.4418,1.5738,1.7048,1.8397,2.0029,2.175,2.3421,2.4956,2.6305,2.7449,2.8377,2.9091,2.9619,2.998,3.0147,3.0186,3.0186,3.0117,3,2.9834,2.9629,2.9384,2.9101,2.8778,2.8416,2.8006,2.7546,2.7058,2.653,2.5914,2.523,2.4477,2.3656,2.2805,2.1935,2.1065,2.0225,1.9443,1.8729,1.8143,1.7674,1.7243,1.6862,1.654,1.6285,1.61,1.5943,1.5797,1.566,1.5523,1.5367,1.5171,1.4995,1.4848,1.4682,1.4516,1.433,1.4135,1.393,1.3695,1.3451,1.3216,1.2991,1.2766,1.259,1.2395,1.2141,1.1916,1.174,1.1593,1.1447,1.131,1.1173,1.1056,1.0929,1.0811,1.0714,1.0655,1.0616,1.0547,1.0469,1.0401,1.0332,1.0264,1.0196,1.0137,1.0078,1.0029,0.99902,0.99804,0.99804,0.99609,0.99413,0.99218,0.98925,0.98534,0.98143,0.97654,0.97361,0.97165,0.97067,0.97067,0.97361,0.97849,0.98143,0.98338,0.98534,0.98631,0.98827,0.9912,0.99316,0.99413,0.99609,0.99902,1.0068,1.0156,1.0235,1.0293,1.0332,1.0371,1.0411,1.043,1.0459,1.0547,1.0753,1.1153,1.1818,1.261,1.3597,1.4956,1.6608,1.8436,2.0342,2.2219,2.3998,2.5601,2.6989,2.8143,2.9081,2.9707,3.0088,3.0401,3.0596,3.0674,3.0655,3.0577,3.043,3.0225,2.9971,2.9668,2.9335,2.8964,2.8563,2.8123,2.7615,2.7048,2.6432,2.5758,2.5024,2.4262,2.347,2.2649,2.1838,2.1065,2.0411,1.9844,1.9286,1.8788,1.8368,1.8016,1.7722,1.7478,1.7292,1.7155,1.7038,1.694,1.6833,1.6725,1.6608,1.6471,1.6315,1.6149,1.5982,1.5816,1.563,1.5445,1.5249,1.5044,1.4848,1.4682,1.4536,1.437,1.4203,1.4037,1.3861,1.3685,1.3519,1.3353,1.3206,1.3069,1.2962,1.2903,1.2874,1.2815,1.2727,1.2649,1.2551,1.2463,1.2395,1.2336,1.2287,1.2229,1.216,1.2082,1.2023,1.1984,1.1916,1.1848,1.1818,1.1799,1.1789,1.1789,1.1789,1.1789,1.1789,1.1789,1.1799,1.1799,1.1779,1.176,1.175,1.175,1.175,1.175,1.175,1.175,1.175,1.175,1.175,1.176,1.1769,1.1779,1.1779,1.1779,1.174,1.1681,1.1652,1.1632,1.1652,1.1769,1.2072,1.2502,1.3128,1.4106,1.5396,1.6979,1.8729,2.0538,2.2317,2.3998,2.5503,2.6784,2.784,2.8661,2.9179,2.9492,2.9746,2.9902,2.9961,2.9932,2.9834,2.9668,2.9443,2.9179,2.8876,2.8514,2.8133,2.7722,2.7263,2.6764,2.6217,2.5601,2.4927,2.4194,2.3402,2.2551,2.1642,2.0694,1.9775,1.9003,1.8328,1.7654,1.7028,1.6491,1.6051,1.5709,1.5425,1.52,1.5015,1.4858,1.4721,1.4604,1.4506,1.4379,1.4233,1.4066,1.39,1.3734,1.3548,1.3372,1.3216,1.306,1.2913,1.2757,1.2639,1.2542,1.2414,1.2258,1.2082,1.1926,1.1789,1.173,1.1711,1.1652,1.1584,1.1515,1.1466,1.1427,1.1369,1.13,1.1232,1.1193,1.1153,1.1114,1.1095,1.1056,1.1017,1.0987,1.0958,1.0938,1.0929,1.0899,1.086,1.0841,1.0831,1.0831,1.0831,1.0831,1.0831,1.0841,1.085,1.089,1.0948,1.0997,1.1046,1.1075,1.1105,1.1134,1.1183,1.1251,1.132,1.1398,1.1476,1.1564,1.1652,1.175,1.1838,1.1916,1.1975,1.2023,1.2082,1.216,1.2405,1.2708,1.3021,1.3597,1.4301,1.5191,1.6432,1.7957,2.0117,2.2121,2.3539,2.5005,2.6373,2.7566,2.8534,2.9286,2.9853,3.0186,3.0352,3.0479,3.0528,3.0508,3.0401,3.0215,2.9892,2.958,2.9326,2.9003,2.8641,2.826,2.784,2.737,2.6686,2.6022,2.5503,2.4868,2.393,2.304,2.2395,2.1681,2.0811,2.0049,1.958,1.914,1.87,1.8289,1.7928,1.7586,1.7322,1.7155,1.7028,1.6891,1.6774,1.6686,1.6608,1.6461,1.6266,1.6129,1.5982,1.5777,1.5621,1.5445,1.52,1.4976,1.477,1.4614,1.4487,1.434,1.4184,1.4018,1.3861,1.3695,1.3529,1.3392,1.3265,1.3157,1.306,1.2981,1.2933,1.2884,1.2825,1.2776,1.2737,1.2698,1.2649,1.261,1.2571,1.2532,1.2463,1.2385,1.2326,1.2258,1.217,1.2082,1.2004,1.1945,1.1906,1.1867,1.1828,1.1789,1.174,1.1691,1.1672,1.1681,1.1701,1.1711,1.1711,1.1691,1.1642,1.1593,1.1535,1.1466,1.1398,1.1339,1.1281,1.1251,1.1241,1.1232,1.1202,1.1173,1.1163,1.1144,1.1114,1.1065,1.1007,1.0938,1.086,1.0792,1.0772,1.085,1.1085,1.1564,1.2326,1.3392,1.4741,1.6334,1.8065,1.9824,2.1525,2.3099,2.4321,2.5279,2.6188,2.695,2.7556,2.8006,2.8309,2.8485,2.8543,2.8524,2.8436,2.828,2.8065,2.7791,2.7478,2.7155,2.6784,2.6373,2.5924,2.5425,2.4878,2.4282,2.3617,2.2893,2.2121,2.1398,2.0714,1.9951,1.9189,1.8465,1.7771,1.7146,1.6598,1.6129,1.5767,1.5484,1.5259,1.5103,1.5015,1.4966,1.4917,1.4878,1.4829,1.479,1.4751,1.4682,1.4614,1.4555,1.4506,1.4467,1.4448,1.4438,1.4418,1.4389,1.433,1.4282,1.4233,1.4184,1.4135,1.4076,1.4008,1.3939,1.3861,1.3803,1.3578,1.3255,1.305,1.2923,1.2835,1.2786,1.2747,1.2708,1.2678,1.2639,1.259,1.2561,1.2551,1.2522,1.2493,1.2454,1.2434,1.2444,1.2463,1.2473,1.2483,1.2502,1.2512,1.2522,1.2551,1.2571,1.2571,1.2551,1.2542,1.2542,1.2532,1.2522,1.2522,1.2522,1.2512,1.2483,1.2473,1.2463,1.2444,1.2434,1.2444,1.2473,1.2493,1.2512,1.2542,1.2542,1.2522,1.2493,1.2454,1.2444,1.2483,1.259,1.2874,1.3412,1.4242,1.5386,1.6813,1.8456,2.0205,2.1945,2.3617,2.4956,2.6041,2.7097,2.8016,2.8768,2.9345,2.9785,3.0088,3.0254,3.0323,3.0303,3.0215,3.0049,2.9834,2.9599,2.9345,2.9062,2.8729,2.8348,2.7918,2.7429,2.6862,2.6227,2.5523,2.4741,2.3988,2.3245,2.2424,2.1593,2.0782,2,1.9267,1.8602,1.8025,1.7527,1.7116,1.6794,1.6569,1.6422,1.6305,1.6207,1.61,1.5973,1.5826,1.567,1.5513,1.5357,1.5181,1.4995,1.48,1.4633,1.4487,1.4321,1.4135,1.3949,1.3773,1.3597,1.3431,1.3245,1.305,1.2854,1.2678,1.2561,1.2454,1.2326,1.2209,1.2082,1.1955,1.1838,1.1711,1.1584,1.1486,1.1408,1.1349,1.132,1.131,1.13,1.1271,1.1261,1.1232,1.1183,1.1144,1.1095,1.1056,1.1017,1.0978,1.0938,1.0919,1.0919,1.0909,1.088,1.085,1.0821,1.0782,1.0762,1.0743,1.0714,1.0674,1.0626,1.0577,1.0547,1.0518,1.0479,1.043,1.0371,1.0323,1.0283,1.0264,1.0244,1.0215,1.0166,1.0108,1.0068,1.0049,1.0029,1.0029,1.0098,1.0342,1.0821,1.1584,1.2669,1.4047,1.564,1.737,1.913,2.0616,2.1896,2.3206,2.4409,2.5425,2.6237,2.6843,2.7292,2.7586,2.7752,2.781,2.7771,2.7644,2.7449,2.7204,2.6921,2.6598,2.6246,2.5855,2.5445,2.4985,2.4467,2.3891,2.3236,2.2532,2.1857,2.1173,2.0401,1.958,1.8759,1.7967,1.7234,1.6588,1.6031,1.5582,1.5239,1.4966,1.4761,1.4624,1.4506,1.4428,1.437,1.4311,1.4252,1.4194,1.4115,1.4027,1.393,1.3842,1.3754,1.3695,1.3646,1.3578,1.35,1.3421,1.3363,1.3314,1.3245,1.3167,1.3079,1.2962,1.2845,1.2766,1.2708,1.2649,1.259,1.2522,1.2454,1.2375,1.2278,1.218,1.2082,1.1994,1.1926,1.1867,1.1838,1.1828,1.1799,1.176,1.172,1.1681,1.1642,1.1603,1.1564,1.1535,1.1505,1.1476,1.1466,1.1486,1.1505,1.1525,1.1535,1.1554,1.1584,1.1613,1.1652,1.1691,1.173,1.176,1.1779,1.1808,1.1848,1.1887,1.1926,1.1965,1.2004,1.2043,1.2092,1.2131,1.217,1.2209,1.2239,1.2278,1.2317,1.2336,1.2366,1.2454,1.2678,1.3128,1.3861,1.4907,1.6276,1.7879,1.9629,2.1183,2.26,2.4106,2.5533,2.6813,2.7898,2.8778,2.9443,2.9941,3.0293,3.0489,3.0547,3.0508,3.0362,3.0147,2.9912,2.9648,2.9355,2.9032,2.8661,2.824,2.7761,2.7243,2.6657,2.6022,2.5406,2.477,2.4037,2.3226,2.2385,2.1544,2.0733,1.9971,1.9277,1.8661,1.8143,1.7713,1.7341,1.7058,1.6833,1.6628,1.6461,1.6325,1.6207,1.609,1.5963,1.5836,1.5689,1.5533,1.5367,1.521,1.5064,1.4888,1.4702,1.4516,1.433,1.4145,1.3959,1.3783,1.3617,1.3451,1.3284,1.3118,1.2991,1.2874,1.2737,1.26,1.2473,1.2375,1.2287,1.219,1.2092,1.2004,1.1916,1.1828,1.1779,1.175,1.172,1.1662,1.1593,1.1515,1.1437,1.1378,1.1329,1.13,1.1281,1.1271,1.1241,1.1232,1.1222,1.1202,1.1193,1.1183,1.1183,1.1163,1.1134,1.1095,1.1056,1.1036,1.1026,1.1046,1.1075,1.1065,1.1046,1.1017,1.0968,1.0919,1.089,1.087,1.086,1.086,1.086,1.0841,1.0831,1.0821,1.0782,1.0723,1.0674,1.0674,1.0792,1.1105,1.1672,1.2532,1.3705,1.5161,1.6569,1.7977,1.9599,2.1281,2.2864,2.4291,2.5513,2.651,2.7283,2.7849,2.824,2.8495,2.8612,2.8573,2.8436,2.825,2.8025,2.7771,2.7507,2.7214,2.6872,2.65,2.6109,2.567,2.5171,2.4663,2.4106,2.3451,2.2717,2.1926,2.1105,2.0264,1.9413,1.8602,1.783,1.7126,1.651,1.5992,1.5601,1.5298,1.5024,1.48,1.4614,1.4467,1.433,1.4203,1.4076,1.3949,1.3822,1.3675,1.3548,1.3431,1.3275,1.3099,1.2903,1.2698,1.2502,1.2326,1.216,1.1994,1.1838,1.1701,1.1564,1.1457,1.1378,1.129,1.1183,1.1085,1.0978,1.088,1.0792,1.0704,1.0616,1.0538,1.0459,1.0411,1.0352,1.0186,0.99902,0.9824,0.96774,0.95112,0.93451,0.91789,0.90127,0.88465,0.87097,0.86315,0.85826,0.85239,0.84653,0.84164,0.83773,0.8348,0.83284,0.83187,0.83089,0.83089,0.83089,0.83089,0.8348,0.84262,0.84946,0.85435,0.85924,0.86315,0.86901,0.87488,0.88172,0.88856,0.89443,0.89932,0.90518,0.91202,0.91984,0.93157,0.95112,0.98534,1.043,1.13,1.2493,1.3998,1.5767,1.7713,1.9726,2.1437,2.2913,2.4438,2.5855,2.7067,2.8045,2.8778,2.9286,2.9619,2.9804,2.9863,2.9804,2.9638,2.9404,2.913,2.8827,2.8514,2.8172,2.781,2.7419,2.6989,2.651,2.5982,2.5396,2.4751,2.4125,2.349,2.2766,2.1994,2.1212,2.0469,1.9775,1.914,1.8573,1.8074,1.7654,1.7331,1.7087,1.6901,1.6755,1.6628,1.653,1.6432,1.6325,1.6197,1.6061,1.5904,1.5728,1.5523,1.5308,1.5112,1.4936,1.4751,1.4555,1.436,1.4174,1.4008,1.3832,1.3656,1.349,1.3324,1.3167,1.304,1.2923,1.2786,1.2639,1.2483,1.2336,1.2209,1.2082,1.1965,1.1838,1.173,1.1642,1.1584,1.1554,1.1525,1.1476,1.1417,1.1359,1.129,1.1222,1.1144,1.1085,1.1056,1.1046,1.1036,1.1046,1.1046,1.1036,1.1036,1.1036,1.1036,1.1036,1.1036,1.1036,1.1036,1.1036,1.1036,1.1036,1.1046,1.1046,1.1026,1.0997,1.0978,1.0968,1.0958,1.0958,1.0958,1.0958,1.0958,1.0958,1.0978,1.1007,1.1036,1.1144,1.1408,1.1916,1.2717,1.3822,1.521,1.6813,1.8524,2.0254,2.1916,2.3236,2.4291,2.5327,2.6237,2.6989,2.7566,2.7957,2.8201,2.8319,2.8328,2.826,2.8143,2.7947,2.7703,2.7439,2.7146,2.6833,2.6481,2.607,2.5621,2.5142,2.4614,2.4027,2.3372,2.2649,2.1945,2.1241,2.045,1.9629,1.8817,1.8035,1.7312,1.6676,1.6129,1.566,1.5259,1.4927,1.4692,1.4516,1.436,1.4223,1.4096,1.3978,1.3832,1.3675,1.3519,1.3363,1.3206,1.305,1.2864,1.2698,1.2532,1.2346,1.2151,1.1955,1.176,1.1584,1.1417,1.1251,1.1124,1.1007,1.0899,1.0841,1.0782,1.0694,1.1261,1.1251,1.1251,1.1251,1.1251,1.1261,1.1281,1.131,1.1339,1.1378,1.1417,1.1437,1.1447,1.1457,1.1457,1.1457,1.1457,1.1466,1.1486,1.1496,1.1505,1.1544,1.1642,1.1838,1.2219,1.2825,1.3685,1.4809,1.6178,1.7732,1.9384,2.1046,2.2649,2.4096,2.52,2.6051,2.6862,2.7546,2.8074,2.8446,2.868,2.8798,2.8817,2.8749,2.8612,2.8416,2.8182,2.7898,2.7586,2.7243,2.6872,2.6481,2.608,2.565,2.5171,2.4633,2.4037,2.3392,2.2717,2.2092,2.1486,2.0841,2.0215,1.9619,1.9081,1.8622,1.825,1.7957,1.7713,1.7507,1.7341,1.7204,1.7107,1.7028,1.695,1.6872,1.6804,1.6716,1.6608,1.6481,1.6344,1.6178,1.6002,1.5846,1.5709,1.5582,1.5425,1.5249,1.5073,1.4907,1.4751,1.4594,1.4448,1.4301,1.4154,1.4008,1.3871,1.3763,1.3675,1.3578,1.348,1.3392,1.3294,1.3187,1.3089,1.3001,1.2923,1.2845,1.2786,1.2757,1.2717,1.2659,1.262,1.2581,1.2551,1.2532,1.2522,1.2522,1.2522,1.2522,1.2502,1.2473,1.2473,1.2483,1.2473,1.2463,1.2454,1.2454,1.2454,1.2473,1.2493,1.2502,1.2512,1.2512,1.2522,1.2532,1.2502,1.2454,1.2395,1.2336,1.2307,1.2346,1.2512,1.2864,1.347,1.436,1.5523,1.6696,1.7918,1.9384,2.0938,2.2454,2.3842,2.5044,2.6041,2.6852,2.7488,2.7937,2.8231,2.8348,2.8358,2.8328,2.827,2.8172,2.8045,2.7889,2.7683,2.7449,2.7175,2.6862,2.652,2.6129,2.5718,2.5279,2.4761,2.4184,2.3548,2.2864,2.2141,2.1417,2.0704,2.001,1.9345,1.8729,1.8231,1.781,1.7419,1.7087,1.6804,1.6579,1.6403,1.6246,1.6109,1.6002,1.5904,1.5806,1.5699,1.5611,1.5533,1.5415,1.5269,1.5103,1.4936,1.478,1.4633,1.4477,1.4311,1.4135,1.3949,1.3793,1.3656,1.35,1.3324,1.3167,1.3011,1.2864,1.2727,1.26,1.2493,1.2385,1.2287,1.2229,1.219,1.2131,1.2072,1.2004,1.1935,1.1857,1.1789,1.172,1.1642,1.1574,1.1496,1.1437,1.1408,0.97263,0.97067,0.96872,0.9697,0.97849,1.002,1.0479,1.1241,1.2307,1.3666,1.5279,1.6794,1.8221,1.9814,2.1417,2.2923,2.4242,2.5347,2.6227,2.6891,2.7361,2.7683,2.7869,2.7928,2.7859,2.7713,2.7527,2.7302,2.7048,2.6764,2.6442,2.608,2.5679,2.5239,2.4741,2.4184,2.3627,2.304,2.2346,2.1593,2.0802,1.9961,1.912,1.8319,1.7586,1.6921,1.6334,1.5855,1.5484,1.522,1.5034,1.4888,1.479,1.4741,1.4731,1.4741,1.4731,1.4712,1.4682,1.4633,1.4555,1.4487,1.4438,1.437,1.4291,1.4223,1.4154,1.4106,1.4057,1.3998,1.392,1.3842,1.3763,1.3685,1.3627,1.3578,1.3509,1.3431,1.3363,1.3314,1.3255,1.3206,1.3157,1.3099,1.3021,1.2942,1.2884,1.2845,1.2805,1.2766,1.2737,1.2717,1.2717,1.2727,1.2737,1.2747,1.2757,1.2757,1.2757,1.2757,1.2776,1.2786,1.2776,1.2747,1.2737,1.2727,1.2708,1.2698,1.2698,1.2698,1.2688,1.2698,1.2717,1.2717,1.2698,1.2669,1.2639,1.259,1.2532,1.2483,1.2444,1.2434,1.2502,1.2727,1.306,1.3587,1.4438,1.5611,1.7058,1.87,2.044,2.2151,2.3754,2.5171,2.6383,2.738,2.8065,2.8524,2.8915,2.9208,2.9394,2.9492,2.9492,2.9433,2.9335,2.9179,2.8974,2.871,2.8407,2.8065,2.7674,2.7243,2.6764,2.6227,2.563,2.4976,2.4262,2.348,2.2659,2.1808,2.0968,2.0244,1.958,1.8895,1.825,1.7664,1.7155,1.6725,1.6364,1.607,1.5836,1.564,1.5484,1.5376,1.5279,1.5171,1.5054,1.4936,1.4809,1.4663,1.4487,1.4311,1.4145,1.3969,1.3783,1.3587,1.3412,1.3255,1.3079,1.2913,1.2757,1.261,1.2454,1.2278,1.2102,1.1935,1.1779,1.1652,1.1574,1.1525,1.1447,1.1359,1.1261,1.1163,1.1075,1.0987,1.0899,1.0831,1.0782,1.0762,1.0753,1.0753,1.0753,1.0743,1.0743,1.0723,1.0684,1.0626,1.0557,1.0499,1.045,1.0401,1.0362,1.0362,1.0391,1.0391,1.0371,1.0352,1.0332,1.0313,1.0303,1.0293,1.0293,1.0293,1.0293,1.0293,1.0313,1.0342,1.0362,1.0342,1.0303,1.0264,1.0225,1.0176,1.0117,1.0186,1.0391,1.0714,1.1144,1.176,1.2698,1.3939,1.5415,1.7067,1.8788,2.0479,2.2043,2.3421,2.4565,2.5494,2.6227,2.6706,2.6999,2.7243,2.741,2.7488,2.7488,2.741,2.7292,2.7126,2.6911,2.6657,2.6364,2.6051,2.5699,2.5288,2.4809,2.4252,2.3617,2.2923,2.2151,2.132,2.0479,1.9638,1.8817,1.8035,1.738,1.6823,1.6266,1.5767,1.5318,1.4936,1.4633,1.4389,1.4184,1.4018,1.3881,1.3754,1.3646,1.3548,1.3421,1.3284,1.3157,1.303,1.2884,1.2717,1.2551,1.2395,1.2239,1.2082,1.1945,1.1838,1.174,1.1632,1.1515,1.1398,1.13,1.1202,1.1114,1.1017,1.0909,1.0802,1.0714,1.0655,1.0616,1.0567,1.0518,1.0479,1.043,1.0371,1.0303,1.0215,1.0127,1.0059,1,0.99511,0.99413,0.99609,0.99609,0.99609,0.99511,0.99218,0.98925,0.98534,0.98143,0.97752,0.97361,0.9697,0.9697,0.97361,0.97752,0.97947,0.98045,0.9824,0.98338,0.98436,0.98729,0.9912,0.99511,0.99902,1.0029,1.0078,1.0127,1.0166,1.0264,1.0479,1.089,1.1564,1.2551,1.3822,1.5337,1.7028,1.8788,2.0313,2.1642,2.3011,2.4282,2.5376,2.6276,2.696,2.7458,2.7791,2.7967,2.8016,2.7967,2.784,2.7634,2.737,2.7087,2.6784,2.6442,2.608,2.5689,2.5269,2.4809,2.4291,2.3715,2.3089,2.2493,2.1896,2.1222,2.0499,1.9785,1.911,1.8485,1.7928,1.7458,1.7077,1.6784,1.6549,1.6373,1.6246,1.6139,1.6051,1.5953,1.5846,1.5728,1.5611,1.5484,1.5337,1.5161,1.4985,1.4809,1.4643,1.4516,1.4379,1.4223,1.4066,1.391,1.3763,1.3607,1.3451,1.3294,1.3157,1.303,1.2933,1.2854,1.2757,1.2639,1.2512,1.2375,1.2239,1.2092,1.1975,1.1877,1.1779,1.1691,1.1603,1.1554,1.1525,1.1486,1.1437,1.1378,1.131,1.1232,1.1163,1.1095,1.1017,1.0948,1.0899,1.087,1.086,1.0841,1.0831,1.0831,1.0831,1.0831,1.0821,1.0782,1.0723,1.0665,1.0616,1.0567,1.0547,1.0567,1.0567,1.0538,1.0508,1.0479,1.0479,1.0518,1.0635,1.0929,1.1466,1.2278,1.3187,1.4242,1.563,1.7224,1.8876,2.0499,2.1994,2.3324,2.4438,2.5347,2.607,2.6598,2.697,2.7155,2.7204,2.7224,2.7654,2.827,2.8504,2.8514,2.8397,2.8182,2.7889,2.7546,2.7155,2.6745,2.6315,2.5826,2.5279,2.4673,2.3998,2.3245,2.2424,2.1554,2.0684,1.9824,1.9013,1.828,1.7693,1.7234,1.6813,1.6452,1.6149,1.5894,1.567,1.5464,1.5288,1.5112,1.4956,1.4809,1.4692,1.4594,1.4457,1.4301,1.4125,1.3939,1.3734,1.3519,1.3324,1.3138,1.2933,1.2737,1.2551,1.2395,1.2258,1.2072,1.1887,1.1701,1.1525,1.1339,1.1173,1.1036,1.0919,1.0821,1.0714,1.0635,0.913,0.91105,0.90909,0.90811,0.90811,0.90811,0.90811,0.90714,0.90518,0.90323,0.90127,0.89736,0.89541,0.89443,0.89247,0.8915,0.8915,0.89932,0.92278,0.96872,1.045,1.1525,1.2893,1.4497,1.6012,1.7478,1.913,2.0792,2.2346,2.3705,2.4839,2.5767,2.6481,2.6999,2.7341,2.7546,2.7634,2.7625,2.7546,2.7429,2.7273,2.7067,2.6823,2.653,2.6197,2.5816,2.5406,2.4956,2.4438,2.391,2.3353,2.2688,2.1945,2.1144,2.0323,1.9521,1.8749,1.8035,1.739,1.6823,1.6344,1.5982,1.5709,1.5484,1.5318,1.522,1.5171,1.5161,1.5191,1.523,1.5269,1.5288,1.5288,1.5279,1.5259,1.5239,1.522,1.5191,1.5132,1.5054,1.4966,1.4878,1.479,1.4702,1.4604,1.4477,1.437,1.4272,1.4154,1.4037,1.392,1.3842,1.3773,1.3724,1.3675,1.3627,1.3578,1.3539,1.349,1.347,1.346,1.3431,1.3392,1.3353,1.3314,1.3265,1.3226,1.3177,1.3138,1.3109,1.3079,1.306,1.3069,1.3069,1.3069,1.3069,1.306,1.303,1.3011,1.3001,1.2981,1.2952,1.2913,1.2874,1.2854,1.2845,1.2815,1.2776,1.2737,1.2688,1.263,1.2571,1.2542,1.259,1.2796,1.3226,1.3793,1.4575,1.5709,1.7126,1.8749,2.045,2.217,2.3793,2.5239,2.6481,2.7527,2.8368,2.9022,2.9443,2.9697,2.9912,3.0068,3.0127,3.0108,3.002,2.9873,2.9677,2.9433,2.9159,2.8847,2.8485,2.8084,2.7634,2.7107,2.651,2.5855,2.5142,2.4379,2.3578,2.2747,2.2014,2.1349,2.0674,2.0098,1.958,1.9062,1.8592,1.8192,1.7859,1.7586,1.739,1.7253,1.7155,1.7067,1.696,1.6862,1.6774,1.6657,1.65,1.6325,1.6139,1.5963,1.5787,1.5611,1.5415,1.523,1.5054,1.4878,1.4751,1.4643,1.4506,1.435,1.4194,1.4047,1.39,1.3754,1.3607,1.347,1.3363,1.3265,1.3206,1.3167,1.3099,1.303,1.2952,1.2874,1.2786,1.2717,1.2649,1.26,1.2571,1.2561,1.2532,1.2512,1.2512,1.2493,1.2473,1.2444,1.2414,1.2375,1.2326,1.2278,1.2219,1.217,1.2131,1.2111,1.2121,1.2121,1.2102,1.2072,1.2063,1.2053,1.2053,1.2053,1.2033,1.2014,1.1994,1.1965,1.1965,1.1975,1.1984,1.2063,1.2258,1.2659,1.3822,1.4936,1.6315,1.8719,2.0411,2.1848,2.3079,2.4311,2.5425,2.6354,2.7087,2.7664,2.8094,2.8377,2.8534,2.8583,2.8543,2.8416,2.8211,2.7967,2.7693,2.739,2.7038,2.6647,2.6237,2.5777,2.5249,2.4673,2.4037,2.3333,2.2669,2.2014,2.1271,2.0489,1.9707,1.8935,1.8221,1.7586,1.7038,1.6569,1.6178,1.5875,1.5679,1.5533,1.5406,1.5308,1.521,1.5054,1.4917,1.477,1.4565,1.4438,1.4311,1.4184,1.4096,1.4018,1.39,1.3763,1.3617,1.347,1.3343,1.3216,1.3089,1.2962,1.2825,1.2688,1.259,1.2522,1.2434,1.2346,1.2258,1.217,1.2092,1.2043,1.1994,1.1975,1.1945,1.1896,1.1887,1.1896,1.1877,1.1848,1.1808,1.1779,1.1769,1.176,1.176,1.176,1.176,1.176,1.1779,1.1818,1.1838,1.1848,1.1867,1.1877,1.1887,1.1916,1.1945,1.1984,1.2014,1.2033,1.2043,1.2063,1.2072,1.2063,1.2053,1.2063,1.2121,1.2307,1.2688,1.3333,1.4282,1.5494,1.6931,1.8319,1.9697,2.1281,2.2884,2.4399,2.5738,2.6872,2.7801,2.8514,2.9052,2.9443,2.9697,2.9824,2.9814,2.9707,2.955,2.9335,2.9081,2.8798,2.8465,2.8094,2.7693,2.6999,2.6481,2.5934,2.5122,2.4487,2.3793,2.3069,2.2346,2.1642,2.0968,2.0352,1.9814,1.9355,1.8983,1.869,1.8485,1.8338,1.8221,1.8123,1.8035,1.7947,1.7859,1.7771,1.7683,1.7566,1.7419,1.7263,1.7126,1.6999,1.6852,1.6686,1.6178,1.5503,1.5064,0.99902,0.99218,0.98534,0.97947,0.97361,0.96676,0.95894,0.95112,0.94624,0.94428,0.94037,0.93548,0.92962,0.92473,0.92082,0.91691,0.91398,0.91105,0.91007,0.91007,0.91007,0.91202,0.91398,0.913,0.91105,0.90714,0.90225,0.89736,0.89443,0.89247,0.89247,0.89443,0.89736,0.90323,0.91007,0.91496,0.91984,0.9218,0.92278,0.92571,0.93157,0.94624,0.97654,1.0303,1.1114,1.2219,1.3372,1.4614,1.6129,1.7771,1.9423,2.0978,2.2385,2.3597,2.4604,2.5386,2.5973,2.6403,2.6647,2.6755,2.6804,2.6794,2.6725,2.6618,2.6461,2.6266,2.6031,2.5758,2.5425,2.5034,2.4624,2.4184,2.3656,2.306,2.2405,2.1701,2.0958,2.0215,1.9482,1.8788,1.8152,1.7595,1.7126,1.6764,1.6491,1.6276,1.6119,1.6002,1.5914,1.5865,1.5816,1.5758,1.5689,1.5611,1.5513,1.5406,1.5298,1.5171,1.5044,1.4907,1.477,1.4624,1.4467,1.4301,1.4135,1.3978,1.3842,1.3715,1.3597,1.349,1.3372,1.3245,1.3099,1.2952,1.2796,1.2649,1.2512,1.2385,1.2268,1.2151,1.2072,1.2014,1.1945,1.1867,1.1779,1.1701,1.1623,1.1544,1.1476,1.1408,1.1359,1.1329,1.132,1.132,1.1329,1.132,1.129,1.1261,1.1212,1.1173,1.1124,1.1065,1.1017,1.0978,1.0938,1.0929,1.0938,1.0948,1.0948,1.0948,1.0948,1.0929,1.088,1.0821,1.0753,1.0684,1.0674,1.0792,1.1026,1.1427,1.2111,1.3089,1.434,1.5797,1.738,1.8983,2.0538,2.1965,2.3206,2.4242,2.4995,2.5523,2.6002,2.6413,2.6725,2.6931,2.7038,2.7077,2.7048,2.695,2.6794,2.6588,2.6344,2.6061,2.5767,2.5425,2.5044,2.4614,2.4125,2.3568,2.2942,2.2258,2.1525,2.0753,1.9961,1.9257,1.8631,1.7977,1.7331,1.6745,1.6237,1.5806,1.5455,1.5171,1.4956,1.479,1.4643,1.4516,1.4409,1.4321,1.4213,1.4106,1.3978,1.3842,1.3695,1.3539,1.3382,1.3216,1.305,1.2864,1.2717,1.26,1.2463,1.2317,1.216,1.2004,1.1848,1.1691,1.1544,1.1417,1.13,1.1193,1.1095,1.1036,1.0987,1.0909,1.0811,1.0704,1.0606,1.0508,1.042,1.0332,1.0254,1.0186,1.0127,1.0108,1.0108,1.0088,1.0362,1.0772,1.0968,1.1056,1.1075,1.1065,1.1036,1.1007,1.0968,1.0929,1.0919,1.0919,1.0899,1.087,1.0831,1.0792,1.0753,1.0714,1.0665,1.0626,1.0587,1.0518,1.0459,1.043,1.0391,1.0332,1.0313,1.0411,1.0714,1.1281,1.216,1.3343,1.478,1.6403,1.8123,1.9629,2.0978,2.2385,2.3695,2.4829,2.5777,2.652,2.7067,2.7449,2.7683,2.7801,2.782,2.7732,2.7576,2.741,2.7195,2.6921,2.6608,2.6256,2.5875,2.5445,2.4966,2.4418,2.3812,2.3216,2.261,2.1896,2.1114,2.0303,1.9482,1.869,1.7937,1.7253,1.6667,1.6178,1.5797,1.5513,1.5337,1.523,1.5161,1.5122,1.5103,1.5093,1.5093,1.5093,1.5093,1.5064,1.5005,1.4927,1.4858,1.48,1.4721,1.4643,1.4545,1.4438,1.433,1.4213,1.4086,1.3978,1.3871,1.3763,1.3666,1.3597,1.3529,1.3431,1.3333,1.3226,1.3109,1.3001,1.2903,1.2805,1.2727,1.2669,1.263,1.262,1.261,1.259,1.2551,1.2512,1.2473,1.2444,1.2424,1.2414,1.2414,1.2414,1.2414,1.2414,1.2434,1.2463,1.2493,1.2532,1.2581,1.2639,1.2688,1.2737,1.2776,1.2825,1.2864,1.2903,1.2962,1.3011,1.304,1.306,1.3089,1.3138,1.3265,1.3548,1.4057,1.4858,1.5953,1.7322,1.8895,2.0362,2.175,2.3284,2.48,2.6188,2.741,2.8426,2.9238,2.9873,3.0342,3.0635,3.0802,3.0811,3.0714,3.0577,3.0401,3.0196,2.9961,2.9687,2.9365,2.9003,2.8583,2.8104,2.7576,2.6989,2.6393,2.5767,2.5044,2.4252,2.3431,2.26,2.1789,2.1017,2.0303,1.9668,1.911,1.8641,1.8289,1.8025,1.7801,1.7605,1.7439,1.7273,1.7116,1.696,1.6804,1.6667,1.652,1.6364,1.6188,1.6031,1.5894,1.5728,1.5562,1.5406,1.5239,1.5073,1.4907,1.4731,1.4536,1.4321,1.4106,1.3949,1.3832,1.3715,1.3587,1.346,1.3333,1.3196,1.305,1.2913,1.2786,1.2717,1.2727,1.2845,1.3079,1.348,1.4145,1.5073,1.6237,1.7566,1.9003,2.044,2.1799,2.303,2.4096,2.4985,2.5591,2.5982,2.6295,2.651,2.6598,2.6588,2.65,2.6325,2.609,2.5806,2.5474,2.5103,2.4702,2.4301,2.3881,2.3392,2.2825,2.219,2.1496,2.0743,1.9941,1.914,1.825,1.737,1.6657,1.6129,1.5718,1.5347,1.5044,1.4829,1.4682,1.4594,1.4545,1.4526,1.4506,1.4457,1.4399,1.435,1.4291,1.4184,1.4047,1.39,1.3744,1.3578,1.3412,1.3245,1.3079,1.2913,1.2737,1.2551,1.2424,1.2317,1.218,1.2023,1.1867,1.1701,1.1544,1.1408,1.129,1.1173,1.1075,1.0987,1.0929,1.0919,1.089,1.0841,1.0792,1.0743,1.0674,1.0596,1.0518,1.044,1.0371,1.0303,1.0235,1.0205,1.0196,1.0166,1.0117,1.0068,1.0029,0.99902,0.99413,0.98925,0.98338,0.97849,0.97458,0.97458,0.97654,0.97654,0.97458,0.97263,0.97165,0.97165,0.97165,0.97165,0.97263,0.97458,0.97556,0.97556,0.97752,0.98045,0.98143,0.98045,0.98045,0.98143,0.98338,0.98631,0.98827,0.98925,0.98925,0.98827,0.99022,0.99413,1.001,1.0186,1.0528,1.1144,1.2072,1.3314,1.4848,1.6608,1.8475,2.0352,2.2131,2.3539,2.4692,2.5826,2.6813,2.7644,2.8299,2.8778,2.911,2.9316,2.9394,2.9355,2.9238,2.9052,2.8817,2.8534,2.8201,2.784,2.7429,2.697,2.6471,2.5924,2.5308,2.4614,2.3851,2.303,2.2278,2.1554,2.0772,1.998,1.9238,1.8563,1.7986,1.7507,1.7126,1.6823,1.6588,1.6413,1.6305,1.6256,1.6227,1.6217,1.6207,1.6217,1.6227,1.6237,1.6227,1.6207,1.6149,1.6061,1.5953,1.5865,1.5777,1.567,1.5552,1.5435,1.5308,1.5181,1.5073,1.4976,1.4878,1.479,1.4702,1.4643,1.4594,1.4526,1.4448,1.437,1.4291,1.4203,1.4125,1.4037,1.3959,1.3871,1.3793,1.3724,1.3675,1.3636,1.3587,1.3519,1.346,1.3412,1.3363,1.3314,1.3284,1.3255,1.3226,1.3206,1.3216,1.3226,1.3206,1.3177,1.3138,1.3099,1.306,1.3021,1.2981,1.2942,1.2903,1.2854,1.2805,1.2766,1.2747,1.2717,1.2698,1.2727,1.2893,1.3255,1.3871,1.4761,1.5934,1.7361,1.8964,2.0401,2.172,2.3128,2.4467,2.567,2.6696,2.7517,2.8143,2.8592,2.8886,2.9052,2.912,2.912,2.9042,2.8915,2.8778,2.8602,2.8377,2.8113,2.7801,2.7439,2.7019,2.654,2.5992,2.5357,2.4731,2.4086,2.3343,2.2561,2.175,2.0948,2.0176,1.9443,1.8788,1.8211,1.7713,1.7302,1.6989,1.6755,1.6559,1.6393,1.6334,1.6334,1.6266,1.6178,1.6061,1.5914,1.5748,1.5562,1.5367,1.522,1.5093,1.4946,1.479,1.4624,1.4457,1.4291,1.4125,1.3959,1.3803,1.3636,1.3451,1.3304,1.3187,1.304,1.2874,1.2727,1.261,1.2502,1.2414,1.2336,1.2278,1.2229,1.219,1.2151,1.2131,1.2121,1.2082,1.2043,1.1994,1.1926,1.1857,1.1808,1.1769,1.173,1.1691,1.1672,1.1681,1.1711,1.172,1.1701,1.1672,1.1652,1.1623,1.1584,1.1544,1.1515,1.1496,1.1486,1.1486,1.1505,1.1535,1.1535,1.1505,1.1447,1.1398,1.1378,1.1408,1.1564,1.1926,1.2551,1.347,1.4457,1.5572,1.6989,1.8573,2.0205,2.1789,2.3245,2.4526,2.5601,2.6452,2.7116,2.7634,2.7986,2.8152,2.8201,2.8201,2.8143,2.8016,2.784,2.7615,2.7351,2.7067,2.6735,2.6334,2.5875,2.5396,2.4897,2.4301,2.3627,2.2903,2.2121,2.13,2.0469,1.9638,1.8837,1.8074,1.74,1.6833,1.6403,1.608,1.5777,1.5523,1.5318,1.5161,1.5044,1.4946,1.4848,1.4741,1.4604,1.4448,1.4321,1.4194,1.4027,1.3832,1.3646,1.347,1.3284,1.3089,1.2903,1.2747,1.261,1.2473,1.2356,1.2278,1.2209,1.2131,1.2033,1.1945,1.1857,1.1769,1.1691,1.1603,1.1515,1.1447,1.1388,1.1359,1.132,1.1251,1.1173,1.1105,1.1046,1.0997,1.0958,1.0938,1.0929,1.0919,1.0919,1.089,1.089,1.0899,1.0899,1.088,1.086,1.085,1.085,1.085,1.085,1.085,1.085,1.085,1.088,1.0938,1.0987,1.1017,1.1026,1.1046,1.1056,1.1056,1.1056,1.1075,1.1163,1.1349,1.1711,1.218,1.2815,1.3763,1.5005,1.6481,1.8123,1.9834,2.1505,2.3069,2.4457,2.565,2.6647,2.7351,2.783,2.8231,2.8524,2.871,2.8807,2.8827,2.8778,2.8671,2.8514,2.8309,2.8045,2.7732,2.739,2.7009,2.6569,2.6061,2.5494,2.4858,2.4174,2.346,2.2717,2.1984,2.1271,2.0596,2.0029,1.9541,1.9101,1.8719,1.8407,1.8162,1.7986,1.7859,1.7761,1.7683,1.7605,1.7527,1.7449,1.738,1.7292,1.7175,1.7038,1.6882,1.6735,1.6588,1.6442,1.6305,1.6168,1.6022,1.5855,1.5709,1.5562,1.5386,1.522,1.5064,1.4917,1.477,1.4624,1.4477,1.4321,1.4047,1.3724,1.3548,1.346,1.3392,1.3333,1.3284,1.3236,1.3167,1.3089,1.3001,1.2913,1.2815,1.2708,1.261,1.2542,1.2483,1.2395,1.2287,1.219,1.2111,1.2063,1.2033,1.2023,1.2014,1.2014,1.2014,1.2023,1.2023,1.2014,1.2014,1.2014,1.1994,1.1965,1.1916,1.1848,1.1789,1.1769,1.1828,1.2043,1.2395,1.2942,1.3822,1.5024,1.654,1.827,2.0098,2.1935,2.3675,2.5259,2.6628,2.7752,2.8534,2.9062,2.9541,2.9912,3.0166,3.0323,3.0371,3.0342,3.0235,3.0068,2.9853,2.9609,2.9326,2.8993,2.8631,2.8231,2.7771,2.7234,2.6618,2.5924,2.5161,2.433,2.3441,2.2522,2.1613,2.0831,2.0127,1.9404,1.8719,1.8123,1.7615,1.7204,1.6872,1.6608,1.6413,1.6256,1.6119,1.5982,1.5865,1.5758,1.5611,1.5425,1.522,1.5005,1.4809,1.4614,1.4428,1.4242,1.4057,1.3871,1.3715,1.3587,1.3441,1.3275,1.3118,1.2952,1.2776,1.259,1.2385,1.2209,1.2033,1.1857,1.1701,1.1603,1.1535,1.1447,1.1349,1.1261,1.1163,1.1075,1.0987,1.0929,1.086,1.0782,1.0704,1.0665,1.0635,1.0587,1.0538,1.0489,1.044,1.0391,1.0342,1.0303,1.0283,1.0274,1.0264,1.0274,1.0303,1.0323,1.0313,1.0283,1.0244,1.0205,1.0156,1.0117,1.0068,1.002,0.99707,0.99218,0.99218,1.002,1.0244,1.0684,1.1427,1.2502,1.3891,1.5513,1.7292,1.912,2.0899,2.2542,2.3978,2.5054,2.5855,2.6579,2.7185,2.7654,2.7957,2.8113,2.8152,2.8113,2.8025,2.7889,2.7683,2.741,2.7087,2.6716,2.6305,2.5826,2.5298,2.4712,2.4066,2.3363,2.2581,2.174,2.087,2.0088,1.9355,1.8583,1.784,1.7136,1.652,1.5992,1.5543,1.5191,1.4936,1.4751,1.4624,1.4545,1.4516,1.4516,1.4497,1.4457,1.4418,1.4379,1.433,1.4262,1.4184,1.4096,1.4008,1.391,1.3832,1.3754,1.3656,1.3548,1.346,1.3372,1.3284,1.3187,1.3079,1.2981,1.2874,1.2766,1.2659,1.259,1.2522,1.2424,1.2317,1.2199,1.2082,1.1984,1.1916,1.1857,1.1799,1.176,1.172,1.1701,1.1711,1.172,1.172,1.172,1.172,1.172,1.1711,1.1681,1.1652,1.1642,1.1642,1.1681,1.176,1.1857,1.1935,1.1984,1.2033,1.2092,1.2141,1.219,1.2239,1.2287,1.2326,1.2375,1.2434,1.2493,1.2571,1.2708,1.2962,1.3382,1.4037,1.4976,1.6197,1.7713,1.9433,2.1241,2.306,2.4565,2.5806,2.7038,2.8162,2.911,2.9844,3.0391,3.0782,3.1017,3.1124,3.1114,3.1017,3.0831,3.0587,3.0342,3.0078,2.9765,2.9413,2.9022,2.8563,2.8055,2.7488,2.6852,2.6149,2.5376,2.4633,2.3891,2.3079,2.2239,2.1398,2.0596,1.9873,1.9238,1.869,1.825,1.7908,1.7634,1.7429,1.7283,1.7165,1.7048,1.6911,1.6755,1.6579,1.6403,1.6217,1.6012,1.5797,1.5572,1.5347,1.5161,1.4995,1.4829,1.4643,1.4448,1.4233,1.4018,1.3803,1.3607,1.3421,1.3236,1.3079,1.2952,1.2845,1.2727,1.26,1.2463,1.2326,1.2199,1.2102,1.2033,1.1975,1.1916,1.1848,1.1799,1.1769,1.1769,1.176,1.173,1.1701,1.1662,1.1623,1.1603,1.1593,1.1574,1.1544,1.1515,1.1525,1.1554,1.1574,1.1584,1.1584,1.1584,1.1584,1.1584,1.1584,1.1584,1.1584,1.1584,1.1564,1.1554,1.1544,1.1515,1.1515,1.1584,1.1779,1.217,1.2825,1.3793,1.5083,1.6618,1.8328,1.9892,2.1329,2.2864,2.434,2.565,2.6755,2.7654,2.8348,2.8866,2.9208,2.9404,2.9482,2.9453,2.9316,2.912,2.8915,2.8661,2.8368,2.8025,2.7654,2.7234,2.6784,2.6285,2.5718,2.5083,2.4448,2.3773,2.2972,2.2082,2.1144,2.0215,1.9316,1.8475,1.7713,1.7048,1.65,1.6041,1.5699,1.5435,1.522,1.5054,1.4927,1.479,1.4633,1.4467,1.4291,1.4115,1.393,1.3734,1.3539,1.3402,1.3275,1.3099,1.2893,1.2678,1.2454,1.2268,1.2102,1.1935,1.176,1.1584,1.1408,1.1271,1.1173,1.1056,0.99707,0.99609,0.99609,0.99511,0.99316,0.99218,0.99218,0.99218,0.99316,0.99511,1.001,1.0088,1.0147,1.0196,1.0244,1.0293,1.0371,1.0538,1.086,1.1427,1.2297,1.348,1.4702,1.6012,1.7634,1.9413,2.1222,2.2952,2.4526,2.5904,2.7067,2.8006,2.8739,2.8993,2.8935,2.8905,2.8847,2.8807,2.8739,2.8622,2.8456,2.8231,2.7957,2.7654,2.7312,2.6921,2.6471,2.5992,2.5474,2.4888,2.4242,2.3539,2.2796,2.2023,2.1251,2.0518,1.9834,1.9228,1.8719,1.8299,1.7967,1.7703,1.7498,1.7351,1.7243,1.7146,1.7058,1.697,1.6882,1.6784,1.6667,1.654,1.6413,1.6285,1.6149,1.6012,1.5865,1.5709,1.5533,1.5357,1.5161,1.4966,1.479,1.4614,1.4448,1.434,1.4252,1.4145,1.4018,1.3881,1.3744,1.3607,1.347,1.3363,1.3255,1.3148,1.304,1.2962,1.2884,1.2796,1.2708,1.261,1.2522,1.2454,1.2405,1.2356,1.2307,1.2268,1.2219,1.218,1.216,1.2151,1.2121,1.2072,1.2023,1.1975,1.1916,1.1867,1.1848,1.1838,1.1828,1.1828,1.1848,1.1877,1.1887,1.1896,1.1896,1.1896,1.1896,1.1877,1.1848,1.1867,1.1975,1.2229,1.2698,1.3294,1.4086,1.5239,1.6686,1.8328,2.0039,2.172,2.3294,2.4702,2.5934,2.696,2.7771,2.8299,2.8631,2.8886,2.9062,2.915,2.9159,2.911,2.9022,2.8895,2.8719,2.8485,2.8211,2.7908,2.7566,2.7165,2.6696,2.6168,2.5572,2.4907,2.4174,2.3402,2.259,2.175,2.0899,2.0068,1.9365,1.8749,1.8152,1.7615,1.7165,1.6794,1.6481,1.6227,1.6041,1.5885,1.5738,1.5601,1.5494,1.5396,1.5269,1.5103,1.4936,1.477,1.4604,1.4438,1.4272,1.4086,1.3881,1.3675,1.348,1.3314,1.3177,1.3021,1.2864,1.2698,1.2542,1.2385,1.2229,1.2082,1.1926,1.1769,1.1623,1.1535,1.1466,1.1378,1.1281,1.1193,1.1105,1.1017,1.0929,1.086,1.0802,1.0753,1.0704,1.0655,1.0645,1.0655,1.0616,1.0557,1.0479,1.0401,1.0342,1.0293,1.0244,1.0196,1.0156,1.0108,1.0098,1.0117,1.0127,1.0127,1.0117,1.0088,1.0059,1.002,0.99804,0.99413,0.99022,0.98534,0.98045,0.97752,0.97752,0.97849,0.98729,1.0117,1.0587,1.1339,1.2405,1.3754,1.5337,1.7048,1.8768,2.0215,2.1466,2.2727,2.3881,2.4868,2.5679,2.6315,2.6784,2.7097,2.7302,2.74,2.741,2.7331,2.7165,2.694,2.6696,2.6413,2.609,2.5728,2.5318,2.4839,2.4291,2.3685,2.303,2.2307,2.1632,2.0968,2.0215,1.9423,1.8622,1.7967,1.7449,1.695,1.65,1.6119,1.5806,1.5572,1.5406,1.5298,1.5239,1.52,1.5161,1.5132,1.5122,1.5112,1.5112,1.5112,1.5112,1.5103,1.5073,1.5064,1.5044,1.4985,1.4927,1.4878,1.4819,1.4751,1.4673,1.4585,1.4497,1.4409,1.4321,1.4242,1.4184,1.4125,1.4057,1.3978,1.3891,1.3822,1.3763,1.3715,1.3666,1.3636,1.3617,1.3597,1.3587,1.3597,1.3597,1.3607,1.3617,1.3617,1.3617,1.3597,1.3568,1.3529,1.349,1.346,1.3441,1.3441,1.3441,1.3441,1.3441,1.3421,1.3412,1.3402,1.3382,1.3353,1.3333,1.3333,1.3333,1.3343,1.3372,1.3382,1.3372,1.3343,1.3324,1.3324,1.3372,1.3529,1.3861,1.4467,1.5367,1.6579,1.781,1.9101,2.0665,2.2336,2.3978,2.5494,2.6823,2.7967,2.8905,2.9638,3.0186,3.0567,3.0743,3.0802,3.0831,3.0811,3.0743,3.0616,3.045,3.0225,2.9961,2.9658,2.9296,2.8876,2.8416,2.7918,2.7341,2.6686,2.5953,2.5142,2.4272,2.3363,2.2454,2.1584,2.0762,2.001,1.9335,1.8798,1.8368,1.7977,1.7654,1.739,1.7185,1.7028,1.6882,1.6735,1.6598,1.6471,1.6334,1.6197,1.6051,1.5875,1.5679,1.5474,1.5259,1.5054,1.4868,1.4682,1.4497,1.4301,1.4096,1.3881,1.3705,1.3558,1.3372,1.3187,1.3021,1.2854,1.2698,1.2561,1.2454,1.2356,1.2258,1.217,1.2111,1.2082,1.2063,1.2053,1.2033,1.2004,1.1955,1.1896,1.1838,1.1769,1.1691,1.1603,1.1515,1.1466,1.1427,1.1388,1.1369,1.1339,1.13,1.1271,1.1232,1.1183,1.1124,1.1085,1.1065,1.1075,1.1105,1.1105,1.1095,1.1095,1.1095,1.1085,1.1056,1.1017,1.0978,1.0919,1.085,1.0782,1.0772,1.0841,1.1007,1.1349,1.1955,1.2864,1.4066,1.5494,1.7087,1.8788,2.0479,2.2072,2.3333,2.434,2.5298,2.6109,2.6764,2.7273,2.7634,2.784,2.7908,2.7879,2.7781,2.7625,2.7429,2.7204,2.696,2.6667,2.6325,2.5924,2.5455,2.4927,2.434,2.3685,2.2962,2.218,2.1359,2.0616,1.9912,1.914,1.8358,1.7615,1.694,1.6373,1.5894,1.5513,1.2287,1.2297,1.2307,1.2317,1.2317,1.2317,1.2317,1.2317,1.2317,1.2317,1.2326,1.2356,1.2395,1.2434,1.2483,1.2532,1.2581,1.262,1.2659,1.2698,1.2737,1.2776,1.2815,1.2864,1.2903,1.2942,1.3001,1.3099,1.3255,1.3548,1.4057,1.4829,1.5875,1.7204,1.8749,2.042,2.2131,2.3783,2.5288,2.6442,2.7331,2.8162,2.8856,2.9394,2.9785,3.0029,3.0156,3.0176,3.0108,2.9951,2.9736,2.9462,2.9159,2.8837,2.8495,2.8123,2.7703,2.7224,2.6676,2.608,2.5425,2.4721,2.3959,2.3167,2.2454,2.1789,2.1085,2.0391,1.9736,1.914,1.8631,1.8211,1.7849,1.7556,1.7341,1.7185,1.7077,1.6989,1.6911,1.6833,1.6745,1.6628,1.6481,1.6305,1.6119,1.5934,1.5738,1.5543,1.5327,1.5142,1.4985,1.48,1.4624,1.4448,1.4282,1.4125,1.3959,1.3803,1.3656,1.3519,1.3392,1.3294,1.3206,1.3099,1.2981,1.2854,1.2717,1.259,1.2473,1.2395,1.2356,1.2336,1.2307,1.2278,1.2278,1.2287,1.2278,1.2239,1.2199,1.218,1.217,1.217,1.217,1.217,1.217,1.216,1.2151,1.216,1.216,1.216,1.216,1.216,1.216,1.216,1.2141,1.2111,1.2102,1.2092,1.2111,1.2141,1.2151,1.216,1.216,1.216,1.216,1.2141,1.2111,1.2102,1.2121,1.2248,1.2571,1.304,1.3705,1.4712,1.6031,1.7586,1.9277,2.0978,2.261,2.4106,2.5415,2.652,2.7419,2.8016,2.8407,2.8739,2.8974,2.912,2.9179,2.9169,2.9091,2.8954,2.8759,2.8514,2.824,2.7937,2.7605,2.7243,2.6823,2.6344,2.5797,2.52,2.4536,2.3803,2.303,2.2239,2.1427,2.0645,1.9971,1.9365,1.8749,1.8162,1.7664,1.7243,1.6891,1.6188,1.5327,1.4829,1.4516,1.4272,1.4057,1.3891,1.3744,1.3578,1.3392,1.3216,1.304,1.2845,1.263,1.2385,1.2151,1.1935,1.173,1.1554,1.1408,1.1222,1.1017,1.0802,1.0587,1.0381,1.0215,1.0088,0.99707,0.98436,0.97165,0.95797,0.94819,0.94135,0.93157,0.91984,0.90811,0.89736,0.88759,0.87781,0.86999,0.86217,0.85533,0.84946,0.84751,0.84848,0.84653,0.8436,0.83969,0.83578,0.83284,0.83089,0.82893,0.82698,0.82307,0.81916,0.81623,0.81623,0.81818,0.81916,0.82111,0.82209,0.82209,0.82209,0.82111,0.82111,0.81916,0.8172,0.81623,0.81916,0.82502,0.82991,0.8348,0.83969,0.84164,0.84164,0.84164,0.84262,0.84946,0.86608,0.90029,0.95992,1.0342,1.1281,1.259,1.4213,1.6041,1.7957,1.9824,2.1554,2.3118,2.4467,2.5591,2.6481,2.7067,2.7449,2.7752,2.7937,2.8006,2.7996,2.7918,2.7771,2.7566,2.7283,2.695,2.6569,2.6149,2.5718,2.5259,2.4721,2.4106,2.3421,2.2688,2.1896,2.1056,2.0186,1.9316,1.8475,1.7693,1.7058,1.653,1.6041,1.563,1.5298,1.5034,1.4839,1.4712,1.4633,1.4594,1.4575,1.4565,1.4565,1.4565,1.4565,1.4545,1.4506,1.4448,1.4389,1.4311,1.4213,1.4096,1.3969,1.3842,1.3715,1.3587,1.347,1.3353,1.3216,1.3069,1.2933,1.2786,1.2639,1.2502,1.2366,1.2258,1.216,1.2092,1.2033,1.1965,1.1887,1.1799,1.172,1.1662,1.1613,1.1564,1.1515,1.1476,1.1427,1.1388,1.1369,1.1359,1.1329,1.129,1.1251,1.1212,1.1163,1.1124,1.1075,1.1036,1.0987,1.0948,1.0929,1.0899,1.087,1.0841,1.0802,1.0762,1.0723,1.0684,1.0635,1.0596,1.0547,1.0508,1.0459,1.044,1.043,1.0391,1.0342,1.0303,1.0332,1.0499,1.088,1.1544,1.2561,1.39,1.5513,1.7048,1.8524,2.0196,2.1877,2.3431,2.479,2.5943,2.6872,2.7595,2.8152,2.8543,2.8788,2.8915,2.8915,2.8827,2.8719,2.8563,2.8368,2.8123,2.7849,2.7537,2.7175,2.6755,2.6266,2.5718,2.5161,2.4575,2.39,2.3148,2.2346,2.1496,2.0606,1.9726,1.8876,1.8065,1.7312,1.6637,1.6061,1.5621,1.5288,1.4995,1.4751,1.4565,1.4448,1.437,1.4282,1.4174,1.4057,1.392,1.3754,1.3587,1.3851,1.4291,1.4389,1.4321,1.4184,1.4018,1.3842,1.3666,1.35,1.3353,1.3216,1.3079,1.2952,1.2835,1.2698,1.2551,1.2405,1.2258,1.2121,1.2004,1.1887,1.176,1.1652,1.1564,1.1505,1.1466,1.1417,1.1359,1.131,1.0723,1.0733,1.0743,1.0753,1.0753,1.0753,1.0743,1.0723,1.0723,1.0733,1.0723,1.0753,1.088,1.1193,1.176,1.262,1.3793,1.523,1.6852,1.8573,2.0068,2.1408,2.2805,2.4096,2.522,2.6139,2.6852,2.74,2.7801,2.8055,2.8192,2.8231,2.8162,2.8006,2.7791,2.7546,2.7273,2.694,2.6579,2.6188,2.5748,2.5269,2.4731,2.4125,2.346,2.2815,2.2141,2.1369,2.0528,1.9677,1.8856,1.8055,1.7292,1.6608,1.6031,1.5543,1.5142,1.4839,1.4633,1.4497,1.4389,1.4291,1.4203,1.4115,1.4027,1.3949,1.3861,1.3763,1.3646,1.3519,1.3441,1.3363,1.3265,1.3157,1.304,1.2913,1.2786,1.2659,1.2532,1.2405,1.2287,1.217,1.2102,1.2063,1.1994,1.1916,1.1838,1.176,1.1681,1.1593,1.1496,1.1388,1.1281,1.1183,1.1095,1.1046,1.1007,1.0948,1.087,1.0802,1.0753,1.0714,1.0694,1.0674,1.0655,1.0635,1.0606,1.0596,1.0616,1.0626,1.0616,1.0616,1.0635,1.0665,1.0704,1.0733,1.0743,1.0753,1.0753,1.0753,1.0772,1.0811,1.0831,1.0841,1.0841,1.085,1.089,1.0958,1.1026,1.1075,1.1144,1.1212,1.129,1.1378,1.1486,1.1681,1.2004,1.2512,1.3284,1.435,1.5689,1.7253,1.8993,2.0792,2.2522,2.393,2.5073,2.6188,2.7175,2.7986,2.8612,2.9081,2.9423,2.9658,2.9785,2.9814,2.9765,2.9619,2.9394,2.915,2.8856,2.8504,2.8123,2.7703,2.7234,2.6716,2.6139,2.5513,2.4839,2.4096,2.3402,2.2717,2.1965,2.1193,2.044,1.9736,1.9101,1.8543,1.8065,1.7683,1.738,1.7155,1.7009,1.6901,1.6804,1.6716,1.6608,1.6471,1.6315,1.6168,1.6031,1.5904,1.5777,1.564,1.5474,1.5318,1.5171,1.4985,1.48,1.4624,1.4448,1.4282,1.4008,1.3666,1.3382,1.3157,1.2972,1.2854,1.2757,1.2649,1.2512,1.2375,1.2239,1.2102,1.1975,1.1838,1.172,1.1613,1.1544,1.1486,1.1457,1.1447,1.1417,1.1378,1.1339,1.13,1.1261,1.1241,1.1232,1.1222,1.1202,1.1173,1.1163,1.1144,1.1105,1.1046,1.0997,1.0978,1.0968,1.0958,1.0958,1.0958,1.0958,1.0958,1.0958,1.0978,1.1007,1.1026,1.1007,1.0968,1.0929,1.087,1.0811,1.0753,1.0674,1.0606,1.0567,1.0567,1.0616,1.0762,1.1075,1.1623,1.2454,1.3597,1.5024,1.6667,1.8416,2.0186,2.1877,2.3431,2.4643,2.5601,2.65,2.7253,2.7859,2.8328,2.8651,2.8837,2.8915,2.8905,2.8827,2.869,2.8485,2.8221,2.7937,2.7634,2.7283,2.6882,2.6432,2.5924,2.5347,2.4692,2.3959,2.3167,2.2326,2.1554,2.0811,1.999,1.9169,1.8377,1.7634,1.695,1.6344,1.5826,1.5396,1.5034,1.4741,1.4516,1.434,1.4184,1.4066,1.3949,1.3812,1.3666,1.35,1.3333,1.3157,1.2972,1.2776,1.261,1.2473,1.2317,1.2151,1.1984,1.1818,1.1662,1.1525,1.1369,1.1222,1.1085,1.0938,1.0802,1.0714,1.0655,1.0587,1.0508,1.043,1.0342,1.0264,1.0205,1.0156,1.0108,1.0068,1.002,1.001,1.002,1,0.99707,0.99316,0.98925,0.98436,0.98045,0.97654,0.97165,0.96774,0.96481,0.96285,0.96383,0.96676,0.96676,0.96579,0.96481,0.96285,0.96188,0.96188,0.96285,0.96481,0.96872,0.97263,0.97849,0.98631,0.99218,0.99707,1.0029,1.0088,1.0137,1.0176,1.0196,1.0225,1.0303,1.0489,1.085,1.1349,1.2434,1.3666,1.4731,1.6207,1.7937,1.9795,2.1642,2.3372,2.4927,2.6256,2.7351,2.8113,2.8622,2.9022,2.9296,2.9462,2.9511,2.9453,2.9335,2.9159,2.8954,2.871,2.8416,2.8074,2.7713,2.7322,2.6901,2.6432,2.5904,2.5308,2.4653,2.3949,2.3206,2.2434,2.1642,2.085,2.0176,1.958,1.8983,1.8456,1.7996,1.7595,1.7273,1.7009,1.6813,1.6676,1.6559,1.6461,1.6364,1.6285,1.6217,1.6119,1.5982,1.5826,1.566,1.5503,1.5337,1.5161,1.4976,1.477,1.4565,1.4399,1.4262,1.4106,1.3939,1.3763,1.3597,1.3421,1.3245,1.3089,1.2942,1.2805,1.2669,1.2542,1.2463,1.2512,1.259,1.2581,1.2532,1.2473,1.2395,1.2297,1.2209,1.2121,1.2043,1.1984,1.1955,1.1955,1.1955,1.1955,1.1955,1.1955,1.1955,1.1945,1.1916,1.1887,1.1857,1.1818,1.1779,1.176,1.1769,1.1779,1.1779,1.1779,1.1779,1.1779,1.1779,1.176,1.173,1.1711,1.1701,1.172,1.175,1.1769,1.1779,1.1779,1.1779,1.176,1.173,1.1711,1.173,1.1838,1.2111,1.2639,1.3304,1.4164,1.5386,1.6882,1.9032,2.1056,2.2483,2.3969,2.5357,2.6579,2.7615,2.8446,2.8983,2.9316,2.9589,2.9756,2.9814,2.9785,2.9668,2.9501,2.9316,2.9091,2.8827,2.8534,2.8201,2.783,2.74,2.6921,2.6373,2.5767,2.5093,2.436,2.3568,2.2717,2.1828,2.0938,2.0059,1.9296,1.8612,1.7908,1.7253,1.6686,1.6227,1.5836,1.5503,1.523,1.4985,1.479,1.4643,1.4545,1.4448,1.433,1.4184,1.4018,1.3851,1.3685,1.3519,1.3353,1.3157,1.2972,1.2796,1.261,1.2473,1.2366,1.2229,1.2102,1.1984,1.1877,1.1779,1.1691,1.1584,1.1466,1.1339,1.1212,1.1134,1.1085,1.1017,1.0938,1.086,1.0792,1.0723,1.0655,1.0596,1.0547,1.0499,1.0459,1.0411,1.0411,1.043,1.044,1.045,1.045,1.0479,1.0508,1.0547,1.0577,1.0596,1.0606,1.0606,1.0616,1.0626,1.0616,1.0616,1.0616,1.0616,1.0616,1.0616,1.0635,1.0674,1.0723,1.0792,1.086,1.0938,1.1017,1.1075,1.1124,1.1153,1.1202,1.131,1.1525,1.1906,1.2532,1.3441,1.4643,1.5885,1.7214,1.8847,2.0616,2.2405,2.4106,2.564,2.697,2.8211,2.9159,2.9726,3.0166,3.045,3.0547,3.0528,3.0479,3.0362,3.0186,2.9951,2.9687,2.9404,2.9091,2.8729,2.8328,2.7898,2.7449,2.695,2.6373,2.5728,2.5024,2.4252,2.347,2.2669,2.1867,2.1105,2.0391,1.9717,1.911,1.8631,1.824,1.7889,1.7605,1.738,1.7214,1.7087,1.6979,1.6872,1.6755,1.6628,1.6471,1.6325,1.6188,1.6051,1.5904,1.5748,1.5572,1.5376,1.5181,1.4985,1.479,1.4604,1.4428,1.4252,1.4106,1.3978,1.3832,1.3675,1.3519,1.3372,1.3236,1.3099,1.2972,1.2854,1.2737,1.2639,1.259,1.2542,1.2473,1.2395,1.2317,1.2248,1.2199,1.2131,1.1955,1.176,1.1632,1.1564,1.1505,1.1476,1.1486,1.1486,1.1466,1.1437,1.1427,1.1417,1.1417,1.1417,1.1417,1.1417,1.1417,1.1437,1.1466,1.1476,1.1486,1.1486,1.1486,1.1466,1.1437,1.1427,1.1417,1.1417,1.1417,1.1417,1.1437,1.1466,1.1466,1.1457,1.1457,1.1496,1.1652,1.2014,1.263,1.3539,1.4761,1.6256,1.7683,1.9091,2.0704,2.2356,2.39,2.5288,2.6491,2.7605,2.8446,2.8964,2.9374,2.9609,2.9707,2.9756,2.9756,2.9697,2.958,2.9413,2.9189,2.8935,2.8631,2.827,2.7732,2.7058,2.6559,2.6197,2.5728,2.5142,2.4467,2.3715,2.2688,2.174,2.1046,2.0283,1.9355,1.8543,1.7986,1.7488,1.697,1.6452,1.6119,1.5846,1.5572,1.5367,1.52,1.5093,1.4976,1.48,1.4604,1.4448,1.4311,1.4135,1.3959,1.3783,1.3578,1.3343,1.3109,1.2884,1.2669,1.2454,1.2239,1.2072,1.1926,1.1799,1.1642,1.1437,1.1251,1.1075,1.0909,1.0762,1.0626,1.0499,1.0381,1.0274,1.0225,1.0196,1.0156,1.0117,1.0068,1.0029,0.99902,0.99413,0.99022,0.98631,0.98143,0.97752,0.97654,0.97654,0.97556,0.97556,0.97556,0.97654,0.97654,0.97654,0.97849,0.97947,0.97947,0.97947,0.97947,0.98143,0.98436,0.98631,0.98631,0.98631,0.98729,0.98729,0.98827,0.9912,0.99511,0.99902,1.0029,1.0088,1.0166,1.0235,1.0342,1.0547,1.0899,1.1505,1.2414,1.3617,1.5103,1.6804,1.8602,2.042,2.1945,2.3236,2.4555,2.5767,2.6804,2.7674,2.8377,2.8905,2.9286,2.9531,2.9668,2.9717,2.9638,2.9482,2.9306,2.9071,2.8807,2.8504,2.8152,2.7761,2.7341,2.6852,2.6295,2.5689,2.5024,2.436,2.3695,2.2942,2.2141,2.1349,2.0596,1.9883,1.9238,1.8671,1.8211,1.783,1.7517,1.7283,1.7116,1.6979,1.6862,1.6764,1.6676,1.6588,1.6481,1.6344,1.6188,1.6022,1.5855,1.5699,1.5582,1.5484,1.5357,1.52,1.5015,1.4829,1.4633,1.4448,1.4272,1.4115,1.3959,1.3812,1.3685,1.3578,1.346,1.3324,1.3196,1.3079,1.2981,1.2884,1.2786,1.2688,1.259,1.2502,1.2424,1.2366,1.2326,1.2278,1.2229,1.216,1.2092,1.2033,1.1984,1.1945,1.1887,1.1818,1.174,1.1681,1.1642,1.1672,1.173,1.174,1.173,1.173,1.173,1.173,1.173,1.173,1.173,1.175,1.1769,1.176,1.174,1.173,1.173,1.173,1.173,1.173,1.173,1.1711,1.1652,1.1584,1.1535,1.1515,1.1505,1.1564,1.174,1.2102,1.2727,1.3656,1.4878,1.6344,1.7986,1.9717,2.1222,2.2561,2.3988,2.5337,2.653,2.7527,2.8348,2.8974,2.9423,2.9717,2.9892,2.9961,2.9971,2.9892,2.9746,2.958,2.9384,2.915,2.8876,2.8553,2.8182,2.7761,2.7292,2.6764,2.6158,2.5552,2.4917,2.4184,2.3392,2.2561,2.1691,2.085,2.0049,1.9306,1.8631,1.8025,1.7498,1.7058,1.6716,1.6452,1.6207,1.6002,1.5846,1.5699,1.5562,1.5425,1.5259,1.5073,1.4878,1.4682,1.4536,1.4399,1.4223,1.4018,1.3793,1.3558,1.3324,1.3118,1.2933,1.2737,1.2532,1.2326,1.2131,1.1994,1.1877,1.174,1.1593,1.1457,1.1329,1.1202,1.1085,1.0978,1.087,1.0762,1.0655,1.0596,1.0538,1.0469,1.0391,1.0313,1.0254,1.0196,1.0137,1.0088,1.0039,0.99902,0.99511,0.99218,0.99316,0.99609,0.99707,0.99804,0.99707,0.99609,0.99316,0.98925,0.98534,0.98143,0.97849,0.97849,0.9824,0.98827,0.99316,0.99804,1.001,1.001,1.001,1,0.99707,0.99413,0.99218,0.99316,0.99902,1.0137,1.0411,1.089,1.1652,1.2708,1.4037,1.5611,1.7341,1.913,2.087,2.2493,2.3949,2.5054,2.5894,2.6657,2.7292,2.7801,2.8172,2.8416,2.8543,2.8592,2.8553,2.8436,2.825,2.8006,2.7713,2.74,2.7058,2.6676,2.6256,2.5767,2.522,2.4604,2.391,2.3167,2.2385,2.1584,2.087,2.0205,1.9511,1.8837,1.8231,1.7703,1.7273,1.6931,1.6676,1.65,1.6383,1.6315,1.6276,1.6266,1.6276,1.6295,1.6334,1.6354,1.6344,1.6315,1.6256,1.6188,1.609,1.5953,1.5826,1.5748,1.567,1.5572,1.5455,1.5337,1.521,1.5054,1.4897,1.4741,1.4604,1.4477,1.436,1.4252,1.4184,1.4125,1.4057,1.3978,1.39,1.3822,1.3734,1.3646,1.3568,1.348,1.3402,1.3314,1.3255,1.3216,1.3177,1.3148,1.3118,1.3089,1.3079,1.306,1.303,1.2991,1.2952,1.2913,1.2893,1.2884,1.2864,1.2825,1.2786,1.2747,1.2727,1.2717,1.2688,1.2708,1.2747,1.2747,1.2727,1.2717,1.2708,1.2688,1.2659,1.262,1.259,1.259,1.2688,1.2952,1.347,1.4282,1.5396,1.6559,1.782,1.9355,2.1017,2.2688,2.4252,2.566,2.6862,2.7869,2.868,2.9326,2.9814,3.0147,3.0293,3.0313,3.0303,3.0244,3.0147,3,2.9814,2.9589,2.9326,2.9022,2.8661,2.824,2.7801,2.7331,2.6804,2.6207,2.5543,2.479,2.3978,2.3148,2.2307,2.1486,2.0694,1.9941,1.9267,1.8739,1.8299,1.7869,1.7498,1.7204,1.696,1.6755,1.6579,1.6432,1.6285,1.6129,1.5982,1.5875,1.5777,1.565,1.5494,1.5318,1.5122,1.4927,1.4721,1.4526,1.434,1.4135,1.3939,1.3754,1.3597,1.348,1.3353,1.3206,1.304,1.2854,1.2649,1.2444,1.2248,1.2072,1.1906,1.176,1.1662,1.1593,1.1505,1.1398,1.13,1.1193,1.1085,1.0978,1.088,1.0792,1.0714,1.0635,1.0557,1.0518,1.0489,1.043,1.0371,1.0323,1.0264,1.0196,1.0117,1.0039,0.99511,0.98631,0.97752,0.97263,0.97067,0.96774,0.96383,0.95992,0.95601,0.95308,0.9521,0.95112,0.95112,0.95112,0.95112,0.95112,0.95308,0.95406,0.9521,0.95112,0.95112,0.95601,0.97458,1.0156,1.0841,1.1848,1.3148,1.4692,1.6168,1.7615,1.9238,2.089,2.2444,2.3851,2.5064,2.6061,2.6872,2.7517,2.8006,2.8368,2.8612,2.87,2.87,2.868,2.8641,2.8563,2.8416,2.8211,2.7937,2.7595,2.7195,2.6735,2.6217,2.5689,2.5142,2.4536,2.3861,2.3138,2.2405,2.1681,2.0968,2.0274,1.9638,1.9071,1.8583,1.8172,1.7869,1.7634,1.7429,1.7283,1.7165,1.7067,1.6979,1.6891,1.6784,1.6657,1.653,1.6393,1.6266,1.6139,1.6012,1.5875,1.5718,1.5562,1.5396,1.5239,1.5064,1.4888,1.4721,1.4575,1.4448,1.435,1.4262,1.4154,1.4047,1.393,1.3812,1.3695,1.3568,1.3451,1.3363,1.3304,1.3226,1.3167,1.3138,1.3109,1.3069,1.303,1.2991,1.2952,1.2913,1.2874,1.2835,1.2786,1.2747,1.2727,1.2717,1.2688,1.2639,1.2581,1.2522,1.2473,1.2424,1.2375,1.2346,1.2326,1.2317,1.2307,1.2297,1.2297,1.2278,1.2239,1.2199,1.216,1.2121,1.2082,1.2053,1.2043,1.2053,1.2141,1.2317,1.2659,1.3265,1.4242,1.5533,1.7009,1.8641,2.0332,2.2004,2.3587,2.5005,2.6227,2.7224,2.7908,2.8397,2.8847,2.9198,2.9433,2.957,2.9619,2.9589,2.9511,2.9394,2.9238,2.9032,2.8768,2.8456,2.8113,2.7742,2.7331,2.6872,2.6354,2.5777,2.5142,2.4448,2.3705,2.2933,2.2151,2.1457,2.0821,2.0156,1.9531,1.7292,1.6794,1.6383,1.6051,1.5806,1.564,1.5552,1.5494,1.5455,1.5445,1.5464,1.5484,1.5494,1.5513,1.5543,1.5552,1.5543,1.5513,1.5474,1.5435,1.5376,1.5288,1.5181,1.5073,1.4956,1.4839,1.4712,1.4585,1.4457,1.433,1.4213,1.4135,1.4066,1.3998,1.393,1.3881,1.3832,1.3793,1.3744,1.3715,1.3685,1.3675,1.3666,1.3666,1.3666,1.3646,1.3617,1.3578,1.3539,1.35,1.347,1.346,1.3451,1.3451,1.346,1.346,1.346,1.348,1.349,1.348,1.346,1.3451,1.3431,1.3402,1.3372,1.3333,1.3294,1.3245,1.3216,1.3196,1.3196,1.3284,1.3548,1.4047,1.4848,1.5943,1.7302,1.8876,2.0547,2.2239,2.3842,2.5093,2.61,2.7067,2.7908,2.8583,2.9101,2.9472,2.9717,2.9844,2.9883,2.9844,2.9746,2.957,2.9345,2.911,2.8847,2.8524,2.8162,2.7752,2.7283,2.6755,2.6168,2.5523,2.4829,2.4076,2.3353,2.2639,2.1857,2.1085,2.0332,1.9609,1.8954,1.8387,1.7908,1.7517,1.7204,1.695,1.6764,1.6618,1.6471,1.6344,1.6217,1.609,1.5943,1.5787,1.5611,1.5425,1.5239,1.5064,1.4897,1.477,1.4653,1.4516,1.435,1.4154,1.3949,1.3763,1.3587,1.3402,1.3206,1.303,1.2874,1.2757,1.2659,1.2561,1.2473,1.2395,1.2307,1.2229,1.2151,1.2072,1.1984,1.1906,1.1828,1.176,1.173,1.172,1.1681,1.1642,1.1593,1.1525,1.1447,1.1378,1.1349,1.1339,1.1339,1.1339,1.1359,1.1369,1.1339,1.131,1.1271,1.1232,1.1193,1.1153,1.1114,1.1075,1.1036,1.0997,1.0968,1.0978,1.1056,1.1222,1.1564,1.2131,1.2972,1.4096,1.5464,1.6999,1.8602,2.0215,2.174,2.2933,2.3881,2.479,2.5572,2.6197,2.6667,2.6999,2.7185,2.7234,2.7175,2.7038,2.6823,2.6559,2.6266,2.5943,2.5591,2.52,2.4761,2.4272,2.3724,2.3118,2.2454,2.173,2.0919,2.0049,1.9286,1.8592,1.7869,1.7146,1.6452,1.5816,1.5259,1.479,1.4418,1.4145,1.393,1.3773,1.3656,1.3578,1.3529,1.348,1.3421,1.3343,1.3245,1.3128,1.3011,1.2893,1.2766,1.2649,1.2542,1.2473,1.2414,1.2317,1.2219,1.2131,1.2023,1.1887,1.173,1.1593,1.1476,1.1369,1.1271,1.1212,1.1173,1.1105,1.1036,1.0948,1.0841,1.0743,1.0655,1.0567,1.0499,1.043,1.0371,1.0323,1.0313,1.0313,1.0293,1.0264,1.0225,1.0186,1.0147,1.0108,1.0068,1.0029,0.99902,0.99511,0.99413,0.99511,0.99609,0.99609,0.99511,0.99511,0.99707,1,1.0039,1.0088,1.0137,1.0186,1.0244,1.0332,1.0459,1.0655,1.1017,1.1603,1.2463,1.3636,1.5073,1.6696,1.8446,2.0225,2.1935,2.3304,2.4418,2.5494,2.6422,2.7175,2.7761,2.8182,2.8436,2.8543,2.8524,2.8387,2.8172,2.7908,2.7615,2.7283,2.6901,2.651,2.609,2.563,2.5122,2.4555,2.393,2.3255,2.2522,2.176,2.1075,2.0459,1.9814,1.9189,1.8622,1.8123,1.7703,1.737,1.7107,1.6901,1.6755,1.6637,1.6549,1.6481,1.6413,1.6344,1.6266,1.6178,1.607,1.5953,1.5816,1.564,1.5455,1.5249,1.5054,1.4907,1.478,1.4643,1.4506,1.435,1.4194,1.4027,1.3861,1.3695,1.3539,1.3402,1.3275,1.3148,1.305,1.2972,1.2874,1.2757,1.2639,1.2512,1.2395,1.2287,1.2219,1.216,1.2102,1.2033,1.1994,1.1975,1.1935,1.1896,1.1867,1.1848,1.1838,1.1838,1.1838,1.1838,1.1838,1.1838,1.1838,1.1857,1.1877,1.1867,1.1848,1.1818,1.1789,1.175,1.1701,1.1652,1.1623,1.1623,1.172,1.1906,1.2239,1.2825,1.3715,1.4888,1.6315,1.7928,1.9638,2.1349,2.2962,2.4399,2.564,2.6667,2.7361,2.784,2.824,2.8534,2.8719,2.8798,2.8798,2.8719,2.8592,2.8407,2.8182,2.7918,2.7615,2.7283,2.6901,2.6491,2.6041,2.5533,2.4976,2.436,2.3685,2.2942,2.216,2.1339,2.0508,1.9775,1.913,1.8475,1.7869,1.7351,1.6921,1.6569,1.6295,1.609,1.5924,1.5777,1.564,1.5533,1.5435,1.5318,1.5171,1.5005,1.4829,1.4663,1.4477,1.4262,1.4057,1.3861,1.3666,1.349,1.3372,1.3275,1.3167,1.3079,1.3138,1.3363,1.3695,1.4174,1.4839,1.5679,1.6647,1.7693,1.8612,1.9433,2.0283,2.1056,2.1711,2.2209,2.2542,2.2708,2.2708,2.2542,2.2229,2.1789,2.132,2.0802,2.0176,1.9462,1.868,1.7849,1.6999,1.6168,1.5357,1.4585,1.3861,1.3226,1.2698,1.2307,1.2043,1.1818,1.1652,1.1544,1.1515,1.1544,1.1603,1.1672,1.175,1.1838,1.1916,1.1984,1.2043,1.2072,1.2082,1.2063,1.2014,1.1945,1.1867,1.1789,1.1701,1.1613,1.1525,1.1437,1.1388,1.1349,1.1281,1.1212,1.1144,1.1075,1.0997,1.0899,1.0811,1.0733,1.0665,1.0606,1.0587,1.0587,1.0567,1.0538,1.0499,1.0459,1.0411,1.0371,1.0342,1.0313,1.0274,1.0235,1.0235,1.0235,1.0235,1.0235,1.0235,1.0235,1.0137,1.0156,1.0166,1.0186,1.0205,1.0215,1.0225,1.0274,1.0342,1.0401,1.045,1.0499,1.0547,1.0596,1.0665,1.0743,1.0831,1.0919,1.0997,1.1065,1.1163,1.1349,1.1691,1.2278,1.3167,1.4399,1.5963,1.781,1.9834,2.1926,2.3959,2.5836,2.7302,2.8426,2.9472,3.0332,3.0978,3.1437,3.1711,3.1799,3.175,3.1603,3.1378,3.1085,3.0743,3.0362,2.9941,2.9462,2.8915,2.8289,2.7595,2.6843,2.6041,2.521,2.435,2.35,2.2678,2.1975,2.1339,2.0694,2.0088,1.955,1.9101,1.8719,1.8407,1.8152,1.7957,1.784,1.7781,1.7732,1.7683,1.7634,1.7566,1.7468,1.7331,1.7185,1.6999,1.6784,1.6569,1.6364,1.6168,1.5963,1.5777,1.5611,1.5415,1.522,1.5034,1.4858,1.4682,1.4506,1.433,1.4164,1.4018,1.3881,1.3754,1.3666,1.3587,1.349,1.3372,1.3245,1.3128,1.3021,1.2903,1.2805,1.2717,1.263,1.2551,1.2512,1.2483,1.2444,1.2424,1.2414,1.2414,1.2414,1.2395,1.2375,1.2356,1.2326,1.2297,1.2278,1.2268,1.2268,1.2268,1.2268,1.2268,1.2268,1.2268,1.2258,1.2219,1.217,1.2131,1.2151,1.2248,1.2463,1.2913,1.3666,1.4741,1.6109,1.7732,1.9521,2.1369,2.3187,2.4878,2.6383,2.7654,2.8543,2.9159,2.9668,3.0068,3.0332,3.0469,3.0499,3.045,3.0313,3.0117,2.9873,2.9589,2.9267,2.8905,2.8504,2.8045,2.7527,2.695,2.6305,2.5611,2.4868,2.4076,2.3236,2.2111,2.0958,2.0088,1.9306,1.8592,1.7957,1.741,1.696,1.6588,1.6305,1.61,1.5934,1.5797,1.567,1.5562,1.5464,1.5357,1.5249,1.5132,1.5015,1.4888,1.4741,1.4585,1.4428,1.4272,1.4096,1.393,1.3763,1.3587,1.3421,1.3245,1.3079,1.2933,1.2776,1.262,1.2463,1.2297,1.216,1.2023,1.1926,1.1848,1.174,1.1632,1.1535,1.1447,1.1359,1.1281,1.1202,1.1124,1.1046,1.0978,1.0938,1.0919,1.089,1.085,1.0811,1.0772,1.0733,1.0694,1.0655,1.0616,1.0577,1.0547,1.0528,1.0528,1.0538,1.0518,1.0489,1.0469,1.045,1.0411,1.0371,1.0313,1.0244,1.0205,1.0215,1.0303,1.0528,1.0968,1.1662,1.2649,1.39,1.5367,1.697,1.8612,2.0196,2.1652,2.2933,2.4018,2.48,2.5337,2.5787,2.6129,2.6364,2.6481,2.65,2.6432,2.6305,2.6109,2.5875,2.5591,2.5279,2.4946,2.4555,2.4106,2.3587,2.3011,2.2375,2.1691,2.0948,2.0166,1.9374,1.8592,1.783,1.7185,1.6647,1.6129,1.567,1.5279,1.4976,1.4761,1.4604,1.4516,1.4477,1.4457,1.4448,1.4448,1.4467,1.4477,1.4467,1.4428,1.437,1.4301,1.4233,1.4154,1.4086,1.4027,1.3969,1.39,1.3851,1.3803,1.3744,1.3646,1.3529,1.3421,1.3324,1.3206,1.3089,1.2972,1.2854,1.2737,1.2659,1.26,1.2532,1.2454,1.2375,1.2297,1.2219,1.217,1.2141,1.2131,1.2121,1.2121,1.2121,1.2131,1.2131,1.2121,1.2121,1.2121,1.2121,1.2121,1.2121,1.2131,1.2141,1.2151,1.216,1.2199,1.2248,1.2297,1.2336,1.2375,1.2405,1.2414,1.2405,1.2414,1.2463,1.261,1.2903,1.3431,1.4086,1.4897,1.6051,1.7478,1.9091,2.0782,2.2444,2.3998,2.5376,2.6559,2.7527,2.828,2.8759,2.9032,2.9238,2.9355,2.9384,2.9335,2.9208,2.9032,2.8798,2.8524,2.8221,2.7869,2.7488,2.7087,2.6628,2.6109,2.5533,2.4897,2.4203,2.346,2.2678,2.1896,2.1124,2.0381,1.9687,1.911,1.8631,1.8182,1.7781,1.7439,1.7175,1.696,1.6784,1.6637,1.651,1.6383,1.6246,1.6119,1.6002,1.5885,1.5758,1.5601,1.5425,1.5239,1.5044,1.4858,1.4682,1.4516,1.436,1.4194,1.4057,1.393,1.3763,1.3568,1.3372,1.3157,1.2933,1.2737,1.2581,1.2434,1.2297,1.218,1.2111,1.2072,1.2023,1.1975,1.1916,1.1857,1.1808,1.176,1.1711,1.1652,1.1593,1.1544,1.1496,1.1476,1.1486,1.1486,1.1486,1.1486,1.1486,1.1486,1.1486,1.1486,1.1486,1.1466,1.1437,1.1447,1.1466,1.1476,1.1476,1.1457,1.1417,1.1398,1.1447,1.1613,1.1994,1.2649,1.3607,1.4868,1.6149,1.7488,1.9071,2.0733,2.2346,2.3812,2.5073,2.609,2.6891,2.7488,2.7898,2.8162,2.825,2.8221,2.8152,2.8035,2.7859,2.7654,2.741,2.7107,2.6755,2.6364,2.5934,2.5445,2.4888,2.4311,2.3715,2.3021,2.2268,2.1457,2.0626,1.9785,1.8954,1.8162,1.7439,1.6784,1.6227,1.5806,1.5494,1.522,1.4985,1.4809,1.4653,1.4506,1.436,1.4203,1.4047,1.3881,1.3715,1.3548,1.3421,1.3304,1.3157,1.2991,1.2805,1.261,1.2414,1.2219,1.2043,1.1867,1.1701,1.1544,1.1447,1.1359,1.1251,1.1134,1.1007,1.0899,1.0802,1.0723,1.0665,1.0616,1.0567,1.0518,1.0479,1.0469,1.0469,1.045,1.043,1.0411,1.0381,1.0342,1.0303,1.0264,1.0215,1.0156,1.0108,1.0098,1.0117,1.0156,1.0176,1.0186,1.0186,1.0176,1.0176,1.0176,1.0176,1.0186,1.0186,1.0176,1.0196,1.0235,1.0274,1.0323,1.045,1.0723,1.1193,1.1926,1.2962,1.4272,1.5836,1.7556,1.9091,2.0499,2.2014,2.347,2.4761,2.5875,2.6784,2.7507,2.8065,2.8446,2.868,2.8788,2.8778,2.8583,2.8407,2.8192,2.7801,2.7478,2.7107,2.6706,2.6246,2.5709,2.5103,2.4438,2.3793,2.3157,2.2463,2.175,2.1026,2.0332,1.9687,1.911,1.8622,1.8221,1.7898,1.7654,1.7478,1.7341,1.7224,1.7126,1.7028,1.694,1.6852,1.6774,1.6686,1.6608,1.653,1.6432,1.6315,1.6188,1.607,1.5943,1.5806,1.564,1.5455,1.5259,1.5064,1.4888,1.4741,1.4614,1.4487,1.4399,1.433,1.4242,1.4125,1.3988,1.3832,1.3675,1.3519,1.3382,1.3275,1.3187,1.3099,1.3011,1.2933,1.2874,1.2786,1.2708,1.263,1.2542,1.2483,1.2405,1.2317,1.2229,1.216,1.2102,1.2072,1.2063,1.2023,1.2004,1.1984,1.1935,1.1916,1.1887,1.1828,1.1779,1.176,1.1799,1.1906,1.2121,1.2561,1.3294,1.436,1.6549,1.825,2.0068,2.2815,2.4506,2.5992,2.7116,2.7947,2.87,2.9316,2.9765,3.0147,3.0264,3.0274,3.0156,3.001,2.9824,2.9599,2.9326,2.9003,2.8641,2.8231,2.7761,2.7234,2.6628,2.5953,2.521,2.4409,2.3568,2.2717,2.1935,2.1222,2.0469,1.9726,1.9042,1.8416,1.7879,1.7449,1.7087,1.6804,1.6569,1.6383,1.6227,1.61,1.5992,1.5875,1.5748,1.5621,1.5484,1.5318,1.5122,1.4927,1.4731,1.4536,1.4321,1.4125,1.3969,1.3783,1.3578,1.3392,1.3206,1.303,1.2854,1.2678,1.2502,1.2336,1.2199,1.2082,1.2004,1.0714,1.0694,1.0665,1.0616,1.0547,1.0469,1.0401,1.0352,1.0352,1.0459,1.0753,1.1183,1.1818,1.2796,1.4076,1.5611,1.7331,1.911,2.0831,2.2424,2.3842,2.5044,2.6012,2.6755,2.7224,2.7498,2.7693,2.7791,2.7791,2.7722,2.7576,2.737,2.7126,2.6823,2.6461,2.607,2.566,2.522,2.4702,2.4115,2.3451,2.2717,2.1926,2.1075,2.0186,1.9286,1.8397,1.7556,1.6794,1.6197,1.5718,1.5279,1.4917,1.4633,1.4438,1.4311,1.4233,1.4184,1.4135,1.4076,1.4018,1.3988,1.3959,1.391,1.3842,1.3763,1.3675,1.3587,1.3509,1.3441,1.3363,1.3275,1.3177,1.3109,1.305,1.2962,1.2845,1.2727,1.26,1.2473,1.2346,1.2219,1.2111,1.2014,1.1935,1.1877,1.1848,1.1818,1.176,1.1691,1.1613,1.1525,1.1457,1.1388,1.1329,1.1281,1.1232,1.1212,1.1222,1.1251,1.1261,1.1271,1.1271,1.1271,1.1271,1.1271,1.1281,1.13,1.1329,1.1369,1.1408,1.1466,1.1544,1.1613,1.1672,1.173,1.1818,1.1935,1.2141,1.2502,1.3099,1.3988,1.5191,1.6432,1.7781,1.9453,2.1261,2.305,2.4721,2.6217,2.7498,2.8543,2.9355,2.9951,3.0371,3.0635,3.0723,3.0704,3.0655,3.0547,3.0391,3.0156,2.9863,2.9521,2.912,2.8671,2.8152,2.7586,2.7028,2.6461,2.5806,2.5073,2.4282,2.3441,2.2424,2.1339,2.042,1.9619,1.8935,1.8377,1.7898,1.7537,1.7263,1.7028,1.6843,1.6706,1.6598,1.65,1.6413,1.6305,1.6168,1.6012,1.5836,1.5679,1.5543,1.5376,1.5191,1.4985,1.477,1.4536,1.4311,1.4106,1.3891,1.3685,1.35,1.3324,1.3187,1.3069,1.2952,1.2825,1.2698,1.2561,1.2414,1.2278,1.2151,1.2023,1.1906,1.1799,1.174,1.1701,1.1632,1.1564,1.1486,1.1398,1.1329,1.1271,1.1232,1.1212,1.1202,1.1202,1.1202,1.1222,1.1251,1.1261,1.1271,1.1271,1.1271,1.1251,1.1222,1.1212,1.1202,1.1173,1.1114,1.1085,1.1095,1.1114,1.1193,1.1437,1.1916,1.2698,1.3803,1.52,1.6833,1.8592,2.0391,2.2131,2.3529,2.4653,2.5728,2.6657,2.741,2.7986,2.8407,2.8671,2.8798,2.8837,2.8817,2.8729,2.8573,2.8368,2.8133,2.7859,2.7546,2.7175,2.6745,2.6237,2.566,2.5005,2.4291,2.3519,2.2698,2.1935,2.1202,2.0401,1.957,1.8759,1.7996,1.7322,1.6725,1.6227,1.5836,1.5523,1.5279,1.5112,1.4985,1.4858,1.4731,1.4594,1.4448,1.4282,1.4096,1.3881,1.3646,1.3412,1.3196,1.303,1.2884,1.2708,1.2512,1.2297,1.2063,1.1818,1.1593,1.1388,1.1202,1.1026,1.085,1.0684,1.0557,1.0459,1.0342,1.0225,1.0098,0.99707,0.98534,0.97556,0.96676,0.95894,0.95308,0.94819,0.94624,0.94624,0.9433,0.93842,0.93353,0.92766,0.92278,0.91789,0.91496,0.913,0.91202,0.91202,0.91202,0.91398,0.91593,0.91496,0.913,0.91202,0.91202,0.91202,0.91202,0.91202,0.91202,0.91202,0.913,0.91789,0.93157,0.95797,1.0068,1.0811,1.1848,1.3196,1.478,1.653,1.8348,2.0117,2.1769,2.3255,2.4389,2.5259,2.6051,2.6716,2.7234,2.7625,2.7859,2.7957,2.7937,2.784,2.7674,2.7458,2.7214,2.6931,2.6618,2.6266,2.5846,2.5357,2.479,2.4164,2.346,2.2708,2.1926,2.1134,2.0342,1.9648,1.9032,1.8397,1.782,1.7312,1.6891,1.6569,1.6325,1.6168,1.608,1.6031,1.6012,1.6002,1.5992,1.5992,1.5992,1.5963,1.5914,1.5846,1.5777,1.5718,1.565,1.5572,1.5474,1.5357,1.5259,1.5161,1.5015,1.4839,1.4653,1.4477,1.4301,1.4125,1.3978,1.3861,1.3744,1.3627,1.3763,1.4027,1.4086,1.4057,1.3988,1.391,1.3842,1.3763,1.3695,1.3636,1.3587,1.3539,1.35,1.348,1.347,1.3441,1.3402,1.3363,1.3324,1.3284,1.3216,1.3138,1.3069,1.2991,1.2923,1.2884,1.2864,1.2835,1.2796,1.2757,1.2708,1.2659,1.2639,1.2649,1.2747,1.304,1.3578,1.4409,1.5337,1.6422,1.7879,1.955,2.132,2.3079,2.4731,2.6197,2.7419,2.8407,2.9169,2.9726,3.0049,3.0196,3.0293,3.0332,3.0313,3.0225,3.0088,2.9902,2.9668,2.9394,2.9091,2.8739,2.8338,2.7908,2.7439,2.6882,2.6237,2.5533,2.4761,2.3939,2.3089,2.2209,2.1329,2.0479,1.9697,1.9052,1.8543,1.8074,1.7674,1.737,1.7136,1.6931,1.6755,1.6598,1.6461,1.6325,1.6197,1.6061,1.5924,1.5787,1.563,1.5455,1.5279,1.5103,1.4917,1.4712,1.4477,1.4252,1.4057,1.3861,1.3695,1.3548,1.3392,1.3236,1.3089,1.2952,1.2825,1.2717,1.261,1.2502,1.2405,1.2317,1.2258,1.2219,1.216,1.2092,1.2014,1.1926,1.1838,1.175,1.1672,1.1593,1.1544,1.1525,1.1515,1.1525,1.1554,1.1564,1.1544,1.1496,1.1447,1.1398,1.1349,1.1329,1.1329,1.1329,1.1329,1.1349,1.1359,1.1349,1.1329,1.13,1.1271,1.1271,1.131,1.1437,1.174,1.2297,1.3138,1.4291,1.5494,1.6794,1.8377,2.0078,2.1789,2.3392,2.4819,2.6022,2.6999,2.7732,2.824,2.8563,2.871,2.8729,2.869,2.8602,2.8456,2.826,2.7996,2.7683,2.7322,2.6921,2.6471,2.5973,2.5406,2.4848,2.4252,2.3548,2.2776,2.1945,2.1085,2.0205,1.9335,1.8495,1.7722,1.7028,1.6422,1.5953,1.5601,1.5298,1.5054,1.4848,1.4692,1.4575,1.4477,1.4379,1.4272,1.4154,1.4037,1.391,1.3822,1.3744,1.3617,1.347,1.3324,1.3177,1.303,1.2893,1.2766,1.2649,1.2532,1.2414,1.2326,1.2258,1.217,1.2063,1.1955,1.1857,1.176,1.1672,1.1584,1.1496,1.1427,1.1359,1.1281,1.1241,1.1232,1.1202,1.1173,1.1134,1.1095,1.1065,1.1036,1.0997,1.0958,1.0919,1.088,1.088,1.0899,1.0909,1.0938,1.0948,1.0948,1.0948,1.0958,1.0987,1.1017,1.1056,1.1095,1.1134,1.1202,1.1251,1.1281,1.131,1.1329,1.1378,1.1339,1.1398,1.1848,1.2669,1.3842,1.5327,1.6794,1.827,2,2.1808,2.3539,2.5103,2.6442,2.7537,2.8397,2.9022,2.9453,2.9726,2.9844,2.9804,2.9668,1.305,1.3079,1.3109,1.3148,1.3187,1.3236,1.3294,1.3343,1.3382,1.3421,1.347,1.35,1.3509,1.349,1.346,1.3431,1.3441,1.3509,1.3666,1.3988,1.4565,1.5435,1.6608,1.8055,1.9697,2.1417,2.3128,2.4751,2.6217,2.7488,2.8397,2.9052,2.9638,3.0098,3.044,3.0665,3.0782,3.0792,3.0733,3.0596,3.0391,3.0137,2.9824,2.9462,2.9071,2.8641,2.8162,2.7634,2.7058,2.6422,2.5718,2.4956,2.4154,2.3304,2.2532,2.1808,2.1046,2.0293,1.958,1.8935,1.8368,1.7879,1.7458,1.7107,1.6833,1.6628,1.6461,1.6344,1.6237,1.6119,1.6002,1.5865,1.5689,1.5503,1.5318,1.5132,1.4927,1.4702,1.4467,1.4252,1.4066,1.3871,1.3666,1.346,1.3255,1.305,1.2854,1.2678,1.2512,1.2346,1.219,1.2033,1.1916,1.1818,1.1691,1.1544,1.1398,1.1261,1.1134,1.1017,1.0929,1.085,1.0782,1.0733,1.0714,1.0714,1.0684,1.0645,1.0596,1.0538,1.045,1.0371,1.0303,1.0235,1.0166,1.0117,1.0078,1.0078,1.0088,1.0078,1.0049,1.0029,1.002,1.001,1.001,1,0.99804,0.99707,0.99707,0.99902,1.002,1.0029,1.0049,1.0059,1.0049,1.0049,1.0049,1.0049,1.0049,1.0098,1.0283,1.0684,1.1232,1.1984,1.306,1.4438,1.6051,1.7791,1.957,2.132,2.2952,2.4409,2.566,2.6686,2.738,2.7859,2.826,2.8553,2.8739,2.8817,2.8807,2.8729,2.8602,2.8416,2.8192,2.7937,2.7664,2.7351,2.6989,2.6569,2.609,2.5543,2.4946,2.4301,2.3607,2.2884,2.2131,2.1378,2.0645,2.0029,1.9492,1.8993,1.8543,1.8162,1.7869,1.7664,1.7517,1.7419,1.7361,1.7331,1.7312,1.7302,1.7302,1.7273,1.7224,1.7155,1.7077,1.6999,1.6921,1.6843,1.6735,1.6608,1.6471,1.6344,1.6237,1.6129,1.6002,1.5855,1.5689,1.5523,1.5367,1.522,1.5093,1.4985,1.4897,1.479,1.4673,1.4594,1.4516,1.4409,1.4321,1.4213,1.4096,1.3998,1.392,1.3861,1.3812,1.3763,1.3715,1.3685,1.3646,1.3597,1.3509,1.3392,1.3314,1.3236,1.3157,1.3099,1.305,1.2991,1.2923,1.2864,1.2835,1.2825,1.2796,1.2766,1.2727,1.2688,1.2649,1.261,1.2571,1.2542,1.2532,1.2502,1.2483,1.2463,1.2414,1.2346,1.2307,1.2356,1.2551,1.2962,1.3646,1.4624,1.5875,1.7351,1.8964,2.0401,2.1691,2.305,2.434,2.5484,2.6442,2.7195,2.7752,2.8143,2.8387,2.8514,2.8563,2.8504,2.8387,2.827,2.8133,2.7967,2.7771,2.7517,2.7204,2.6843,2.6432,2.5973,2.5455,2.4946,2.4409,2.3773,2.3079,2.2326,2.1535,2.0743,1.9971,1.9247,1.8573,1.7967,1.7449,1.7019,1.6686,1.6422,1.6178,1.5982,1.5826,1.5689,1.5562,1.5415,1.5259,1.5103,1.4946,1.479,1.4663,1.4545,1.4389,1.4194,1.3988,1.3812,1.3646,1.346,1.3275,1.3079,1.2884,1.2698,1.2532,1.2405,1.2307,1.218,1.2033,1.1887,1.173,1.1574,1.1427,1.129,1.1183,1.1105,1.1026,1.0978,1.0938,1.088,1.0802,1.0704,1.0596,1.0489,1.0371,1.0274,1.0196,1.0137,1.0098,1.0068,1.0078,1.0088,1.0088,1.0078,1.0059,1.0029,1,0.99707,0.99413,0.9912,0.99022,0.98827,0.98925,0.99316,0.99511,0.99609,0.99609,0.99609,0.99609,0.99609,0.99609,0.99609,0.99609,0.99609,0.99609,0.99902,1.0068,1.0215,1.0499,1.0997,1.175,1.2776,1.4076,1.5562,1.7165,1.8798,2.0371,2.1652,2.2698,2.3715,2.4614,2.5367,2.5963,2.6393,2.6676,2.6843,2.6901,2.6872,2.6764,2.6579,2.6334,2.607,2.5787,2.5484,2.5142,2.4761,2.4311,2.3812,2.3275,2.2678,2.2023,2.1329,2.0684,2.0068,1.9404,1.8729,1.8074,1.7478,1.695,1.651,1.6168,1.5914,1.5748,1.566,1.5621,1.563,1.5689,1.5777,1.5865,1.5943,1.6002,1.6031,1.6022,1.6002,1.5953,1.5865,1.5767,1.5679,1.5591,1.5494,1.5386,1.5259,1.5132,1.5005,1.4888,1.478,1.4682,1.4594,1.4516,1.4438,1.4379,1.4311,1.4203,1.4096,1.3969,1.3861,1.3783,1.3724,1.3675,1.3636,1.3597,1.3558,1.3539,1.3529,1.35,1.347,1.3431,1.3392,1.3353,1.3314,1.3255,1.3187,1.3138,1.3089,1.305,1.303,1.3021,1.2991,1.2962,1.2923,1.2884,1.2845,1.2805,1.2766,1.2815,1.2903,1.2923,1.2933,1.2933,1.2913,1.2884,1.2864,1.2825,1.2776,1.2717,1.2659,1.262,1.263,1.2747,1.2952,1.3314,1.3949,1.4878,1.608,1.7507,1.9101,2.0772,2.2414,2.3969,2.5367,2.6588,2.7615,2.8309,2.8807,2.9247,2.957,2.9775,2.9892,2.9922,2.9863,2.9746,2.9599,2.9404,2.9179,2.8895,2.8573,2.8231,2.783,2.7361,2.6843,2.6256,2.5611,2.4907,2.4174,2.3402,2.26,2.1789,2.1085,2.044,1.9765,1.911,1.8534,1.8045,1.7644,1.7331,1.7077,1.6882,1.6725,1.6579,1.6471,1.6373,1.6266,1.6149,1.6012,1.5865,1.5699,1.5513,1.5337,1.5171,1.5005,1.4839,1.4673,1.4536,1.4418,1.4282,1.4154,1.4018,1.3861,1.3695,1.35,1.3314,1.3138,1.2981,1.2864,1.2796,1.2757,1.2688,1.262,1.2542,1.2463,1.2375,1.2307,1.2248,1.2199,1.216,1.2121,1.2072,1.2043,1.2033,1.2004,1.1984,1.1965,1.1935,1.1906,1.1877,1.1838,1.1769,1.1701,1.1632,1.1593,1.1593,1.1593,1.1593,1.1574,1.1554,1.1535,1.1505,1.1476,1.1437,1.1408,1.1388,1.1369,1.1378,1.1408,1.1427,1.1447,1.1457,1.1447,1.1417,1.1388,1.1349,1.131,1.13,1.1369,1.1515,1.1799,1.2317,1.3118,1.4203,1.5552,1.7087,1.8719,2.0362,2.1926,2.3363,2.4604,2.564,2.6373,2.6882,2.7331,2.7664,2.7889,2.7996,2.8006,2.7937,2.7801,2.7615,2.738,2.7107,2.6804,2.6461,2.609,2.567,2.52,2.4673,2.4086,2.3451,2.2766,2.2033,2.1261,2.0469,1.9697,1.9042,1.8456,1.784,1.7253,1.6745,1.6315,1.5963,1.5689,1.5494,1.5357,1.5249,1.5181,1.5142,1.5112,1.5083,1.5044,1.5005,1.4966,1.4897,1.4829,1.4751,1.4643,1.4516,1.4379,1.4262,1.4194,1.4154,1.4086,1.4018,1.3939,1.3842,1.3744,1.3636,1.3519,1.3392,1.3255,1.3118,1.3011,1.2923,1.2835,1.2747,1.2669,1.2581,1.2502,1.2414,1.2336,1.2248,1.217,1.2082,1.2004,1.1955,1.1926,1.1877,1.1828,1.1769,1.1711,1.1642,1.1593,1.1564,1.1554,1.1544,1.1544,1.1564,1.1593,1.1613,1.1623,1.1632,1.1662,1.1701,1.174,1.1779,1.1828,1.1896,1.1965,1.2053,1.216,1.2278,1.2395,1.2239,1.1945,1.1906,1.2092,1.2522,1.3206,1.4184,1.5464,1.6999,1.8456,1.9873,2.1496,2.3128,2.4663,2.6041,2.7204,2.8143,2.8866,2.9384,2.9717,2.9912,2.9941,2.9863,2.9775,2.9638,2.9462,2.9238,2.8974,2.8671,2.8319,2.7908,2.7449,2.6931,2.6354,2.5767,2.5161,2.4477,2.3734,2.2952,2.216,2.1378,2.0626,1.9912,1.9277,1.8739,1.8299,1.7947,1.7674,1.7449,1.7283,1.7155,1.7048,1.695,1.6852,1.6755,1.6628,1.6471,1.6305,1.6129,1.5992,1.5875,1.5748,1.5591,1.5425,1.5239,1.5034,1.4819,1.4614,1.4428,1.4242,1.4057,1.39,1.3744,1.3568,1.3392,1.3226,1.3069,1.2933,1.2805,1.2688,1.2581,1.2502,1.2424,1.2326,1.2258,1.219,1.2102,1.2014,1.1935,1.1867,1.1818,1.1769,1.172,1.1672,1.1632,1.1603,1.1603,1.1632,1.1642,1.1652,1.1662,1.1681,1.1691,1.1691,1.1691,1.1691,1.1681,1.1652,1.1623,1.1613,1.1632,1.1642,1.1652,1.1662,1.1681,1.1691,1.1691,1.1691,1.1691,1.1691,1.1681,1.1681,1.1691,1.1691,1.174,1.1916,1.2307,1.2981,1.3988,1.5298,1.6862,1.8612,2.044,2.2258,2.3754,2.4985,2.6197,2.7292,2.8211,2.8935,2.9482,2.9892,3.0186,3.0381,3.0479,3.0489,3.0401,3.0215,3,2.9765,2.9501,2.9198,2.8856,2.8465,2.8016,2.7507,2.6911,2.6246,2.5513,2.4809,2.4086,2.3255,2.2395,2.1544,2.0714,1.9902,1.915,1.8485,1.7908,1.7429,1.7048,1.6755,1.653,1.6334,1.6149,1.5973,1.5826,1.5689,1.5552,1.5415,1.5259,1.5064,1.4858,1.4653,1.4497,1.437,1.4203,1.4018,1.3822,1.3617,1.3402,1.3187,1.2972,1.2776,1.2581,1.2375,1.2199,1.2072,1.1926,1.1769,1.1603,1.1427,1.1271,1.1124,1.0987,1.086,1.0733,1.0616,1.0547,1.0499,1.043,1.0362,1.0303,1.0254,1.0205,1.0156,1.0117,1.0068,1.0029,0.99804,0.99413,0.99316,0.99316,0.9912,0.98827,0.98436,0.98045,0.97752,0.97556,0.97361,0.97263,0.97165,0.97067,0.97263,0.97556,0.97556,0.97458,0.97263,0.97165,0.97361,0.97458,0.97556,0.97556,0.97556,0.97849,0.9824,0.99218,1.0108,1.044,1.0987,1.1828,1.3001,1.4457,1.6139,1.7967,1.9853,2.1593,2.3128,2.433,2.5288,2.6217,2.7019,2.7654,2.8133,2.8456,2.8641,2.871,2.868,2.8573,2.8397,2.8172,2.7898,2.7595,2.7253,2.6862,2.6432,2.5943,2.5376,2.4761,2.4086,2.3353,2.2571,2.1769,2.1036,2.0352,1.9629,1.8905,1.8211,1.7576,1.7019,1.6559,1.6207,1.5943,1.5767,1.564,1.5572,1.5543,1.5552,1.5582,1.5611,1.565,1.5689,1.5718,1.5728,1.5709,1.567,1.5601,1.5543,1.5503,1.5474,1.5435,1.5376,1.5308,1.522,1.5112,1.4995,1.4878,1.4751,1.4633,1.4536,1.4438,1.437,1.4321,1.4262,1.4213,1.4164,1.4115,1.4057,1.4008,1.3969,1.393,1.3891,1.3851,1.3832,1.3822,1.3812,1.3783,1.3724,1.3666,1.3617,1.3558,1.348,1.3402,1.3333,1.3284,1.3265,1.3255,1.3245,1.3236,1.3226,1.3226,1.3226,1.3226,1.3226,1.3226,1.3206,1.3187,1.3177,1.3177,1.3177,1.3157,1.3138,1.3128,1.3109,1.3079,1.304,1.3001,1.2972,1.3001,1.3138,1.347,1.392,1.4575,1.5582,1.6891,1.8456,2.0176,2.1935,2.3656,2.5249,2.6647,2.7849,2.8847,2.9541,3.001,3.042,3.0723,3.0938,3.1065,3.1085,3.1017,3.089,3.0704,3.0489,3.0244,2.9961,2.9629,2.9257,2.8856,2.8407,2.7879,2.7283,2.6628,2.5894,2.5093,2.4242,2.3372,2.2483,2.1701,2.0987,2.0264,1.9589,1.9003,1.8495,1.8065,1.7703,1.741,1.7175,1.697,1.6794,1.6657,1.654,1.6422,1.6276,1.6119,1.5953,1.5777,1.5582,1.5376,1.5161,1.4927,1.4702,1.4497,1.433,1.4184,1.4008,1.3842,1.3656,1.348,1.3304,1.3138,1.2981,1.2845,1.2708,1.2581,1.2483,1.2414,1.2326,1.2239,1.2151,1.2053,1.1975,1.1906,1.1838,1.1769,1.172,1.1691,1.1681,1.1691,1.1711,1.1701,1.1681,1.1672,1.1642,1.1613,1.1574,1.1535,1.1515,1.1505,1.1505,1.1525,1.1554,1.1564,1.1574,1.1574,1.1564,1.1544,1.1525,1.1486,1.1447,1.1427,1.1417,1.1417,1.1437,1.1466,1.1486,1.1496,1.1496,1.1476,1.1437,1.1378,1.132,1.129,1.1339,1.1535,1.1857,1.2366,1.3196,1.434,1.5767,1.74,1.915,2.0919,2.26,2.4135,2.5484,2.6628,2.7556,2.8182,2.8573,2.8895,2.912,2.8935,2.8495,2.8211,2.7986,2.7761,2.7507,2.7214,2.6872,2.651,2.61,2.564,2.5132,2.4575,2.3949,2.3275,2.2542,2.175,2.0919,2.0049,1.9179,1.8338,1.7634,1.7009,1.6393,1.5826,1.5327,1.4917,1.4585,1.4321,1.4115,1.3949,1.3793,1.3656,1.3548,1.346,1.3363,1.3236,1.3089,1.2933,1.2766,1.26,1.2434,1.2258,1.2102,1.1955,1.1818,1.172,1.1632,1.1525,1.1427,1.132,1.1202,1.1075,1.0948,1.0831,1.0733,1.0645,1.0557,1.0499,1.0459,1.0401,1.0323,1.0244,1.0166,1.0078,0.99902,0.9912,0.98338,0.97752,0.97263,0.96774,0.96579,0.96481,0.9609,0.95503,0.94721,0.94135,0.93842,0.93646,0.93548,0.93451,0.93353,0.93255,0.93451,0.93744,0.93842,0.93939,0.93939,0.93939,0.93939,0.93939,0.93939,0.93939,0.94037,0.9433,0.94721,0.9521,0.95699,0.95894,0.9609,0.96579,0.97654,1.001,1.0459,1.1163,1.217,1.349,1.5093,1.6618,1.8113,1.9844,2.1613,2.3294,2.479,2.608,2.7136,2.7977,2.8602,2.9052,2.9316,2.9423,2.9384,2.9257,2.911,2.8905,2.8641,2.8338,2.8006,2.7654,2.7263,2.6823,2.6325,2.5767,2.52,2.4604,2.392,2.3177,2.2395,2.1613,2.085,2.0117,1.9423,1.8807,1.826,1.782,1.7478,1.7234,1.7058,1.6901,1.6784,1.6686,1.6569,1.6452,1.6325,1.6197,1.6061,1.5904,1.5738,1.5591,1.5455,1.5308,1.5142,1.4976,1.4819,1.4673,1.4506,1.4311,1.4106,1.39,1.3685,1.3509,1.3353,1.3187,1.3021,1.2854,1.2688,1.2542,1.2424,1.2307,1.219,1.2072,1.1975,1.1887,1.1818,1.1769,1.1701,1.1632,1.1574,1.1525,1.1476,1.1427,1.1388,1.1349,1.13,1.1261,1.1241,1.1232,1.1202,1.1163,1.1124,1.1085,1.1046,1.1007,1.0958,1.0919,1.087,1.0831,1.0792,1.0772,1.0743,1.0714,1.0694,1.0684,1.0684,1.0684,1.0684,1.0684,1.0684,1.0684,1.0684,1.0694,1.0684,1.0655,1.0635,1.0665,1.0811,1.1163,1.1799,1.2766,1.4057,1.5621,1.738,1.9267,2.0909,2.2366,2.3891,2.5347,2.6647,2.7732,2.8592,2.9238,2.9697,3,3.0186,3.0274,3.0244,3.0137,3.002,2.9873,2.9687,2.9462,2.9208,2.8915,2.8553,2.8133,2.7644,2.7038,2.6334,2.567,2.4995,2.4233,2.3421,2.2581,2.172,2.087,2.0059,1.9316,1.8651,1.8074,1.7595,1.7224,1.6931,1.6676,1.6452,1.6266,1.609,1.5924,1.5758,1.5591,1.5425,1.5269,1.5122,1.4966,1.4819,1.4673,1.4497,1.4301,1.4096,1.3891,1.3666,1.346,1.3275,1.3089,1.2903,1.2727,1.259,1.2463,1.2317,1.216,1.1984,1.1808,1.1642,1.1505,1.1388,1.1281,1.1193,1.1095,1.0997,1.0938,1.089,1.0811,1.0733,1.0645,1.0547,1.0459,1.0371,1.0293,1.0215,1.0137,1.0078,1.0049,1.0039,1.001,0.99804,0.99413,0.99022,0.98631,0.9824,0.97849,0.97458,0.97067,0.96676,0.96383,0.96383,0.96579,0.96676,0.96774,0.96774,0.96676,0.96481,0.96188,0.95894,0.95797,0.95699,0.95699,0.95992,0.96285,0.96481,0.96774,0.97165,0.9824,1.0039,1.043,1.1065,1.2004,1.3236,1.4731,1.6422,1.7977,1.9443,2.1056,2.2639,2.4086,2.5337,2.6373,2.7195,2.782,2.828,2.8583,2.8739,2.8749,2.8671,2.8573,2.8416,2.8211,2.7967,2.7683,2.7351,2.697,2.6549,2.6061,2.5503,2.4946,2.436,2.3685,2.2933,2.2121,2.1271,2.042,1.9609,1.8837,1.8123,1.7507,1.6979,1.6559,1.6246,1.6012,1.5797,1.5621,1.5484,1.5376,1.5279,1.5191,1.5122,1.5064,1.5005,1.4946,1.4897,1.4839,1.477,1.4702,1.4624,1.4536,1.4428,1.4311,1.4194,1.4076,1.3969,1.3871,1.3763,1.3656,1.3548,1.3431,1.3314,1.3177,1.304,1.2913,1.2776,1.2659,1.2581,1.2522,1.2473,1.2444,1.2424,1.2366,1.2297,1.2229,1.2141,1.2033,1.1945,1.1857,1.1769,1.1711,1.1662,1.1613,1.1593,1.1584,1.1554,1.1535,1.1515,1.1496,1.1496,1.1515,1.1544,1.1564,1.1584,1.1593,1.1613,1.1642,1.1662,1.1691,1.173,1.1769,1.1818,1.1877,1.1926,1.1965,1.2014,1.2053,1.2121,1.2248,1.2463,1.2854,1.3509,1.4457,1.5709,1.7224,1.8925,2.0723,2.2512,2.4194,2.5718,2.6872,2.7752,2.8592,2.9296,2.9844,3.0264,3.0547,3.0704,3.0753,3.0704,3.0596,3.043,3.0205,2.9902,2.956,2.9198,2.8807,2.8368,2.7889,2.7361,2.6784,2.6149,2.5445,2.4682,2.3861,2.3099,2.2375,2.1593,2.0811,2.0049,1.9326,1.8661,1.8113,1.7664,1.7302,1.7009,1.6774,1.6588,1.6461,1.6364,1.6266,1.6139,1.5992,1.5846,1.5699,1.5552,1.5396,1.5239,1.5064,1.4888,1.4731,1.4585,1.4418,1.4233,1.4057,1.3891,1.3734,1.3578,1.3431,1.3275,1.3118,1.2981,1.2854,1.2757,1.2669,1.2551,1.2414,1.2287,1.216,1.2043,1.1926,1.1808,1.172,1.1672,1.1632,1.1613,1.1613,1.1603,1.1574,1.1544,1.1515,1.1486,1.1447,1.1427,1.1417,1.1417,1.1417,1.1417,1.1437,1.1447,1.1427,1.1408,1.1378,1.1359,1.1349,1.1339,1.1339,1.1339,1.1339,1.1339,1.1359,1.1388,1.1398,1.1408,1.1408,1.1408,1.1408,1.1388,1.1349,1.131,1.1281,1.1281,1.1339,1.1457,1.1691,1.2141,1.2874,1.3891,1.5181,1.6716,1.8397,2.0117,2.1789,2.3343,2.4721,2.5767,2.6559,2.7273,2.7859,2.8328,2.8671,2.8905,2.9032,2.9062,2.9032,2.8944,2.8788,2.8573,2.8309,2.8025,2.7703,2.7341,2.6931,2.6471,2.5963,2.5386,2.4761,2.4076,2.3353,2.26,2.1896,2.1222,2.0499,1.9775,1.9091,1.8456,1.7879,1.739,1.6979,1.6647,1.6373,1.6149,1.5982,1.5846,1.5709,1.5572,1.5425,1.5288,1.5171,1.5044,1.4888,1.4721,1.4545,1.434,1.4135,1.3969,1.3812,1.3617,1.3412,1.3187,1.2972,1.2776,1.26,1.2444,1.2287,1.2121,1.1955,1.1838,1.174,1.1613,1.1476,1.1329,1.1202,1.1075,1.0948,1.0831,1.0723,1.0616,1.0528,1.0469,1.045,1.045,1.043,1.0401,1.0362,1.0323,1.0283,1.0244,1.0205,1.0176,1.0029,1.0059,1.0137,1.0293,1.0587,1.1085,1.1857,1.2923,1.4252,1.5797,1.7478,1.9218,2.0909,2.2463,2.3832,2.4868,2.565,2.6373,2.697,2.7429,2.7761,2.7957,2.8035,2.8016,2.7908,2.7722,2.7468,2.7165,2.6843,2.6491,2.6109,2.5689,2.522,2.4692,2.4096,2.3441,2.2717,2.1955,2.1173,2.0371,1.9658,1.8993,1.8309,1.7664,1.7077,1.6579,1.6168,1.5846,1.5611,1.5445,1.5337,1.5327
56.122,56.61,58.124,61.495,67.258,75.122,84.061,93.195,101.74,109.31,115.76,121.13,125.38,128.41,130.41,131.49,131.73,131.44,130.66,129.63,128.36,126.99,125.48,124.02,122.45,120.94,119.33,117.67,116,114.2,112.19,109.85,107.31,104.38,101.16,97.786,94.171,90.557,87.138,84.061,81.472,79.567,78.102,77.174,76.685,76.49,76.49,76.685,76.881,77.027,77.223,77.32,77.223,77.125,76.783,76.441,76.001,75.415,74.78,74.194,73.413,72.729,71.996,71.312,70.531,69.798,69.114,68.382,67.747,67.112,66.477,65.842,65.305,64.816,64.279,63.839,63.448,63.058,62.618,62.227,61.934,61.592,61.299,61.006,60.713,60.469,60.225,60.029,59.883,59.687,59.492,59.297,59.101,58.906,58.808,58.613,58.466,58.32,58.173,58.027,57.978,57.88,57.734,57.587,57.49,57.343,57.294,57.099,57.001,56.806,56.659,56.561,56.366,56.317,56.415,57.001,58.466,61.788,67.258,74.683,83.182,91.925,100.23,107.75,114.2,119.62,123.87,126.99,129,130.07,130.22,129.83,128.95,127.73,126.36,124.8,123.18,121.48,119.81,118.11,116.35,114.54,112.68,110.68,108.43,105.85,103.11,99.984,96.662,93.243,89.678,86.356,83.426,81.032,79.176,77.906,77.027,76.636,76.49,76.539,76.734,76.978,77.223,77.467,77.613,77.613,77.564,77.369,77.027,76.685,76.197,75.562,74.927,74.243,73.559,72.778,72.045,71.361,70.629,69.945,69.261,68.626,67.942,67.356,66.721,66.233,65.695,65.256,64.718,64.23,63.79,63.448,63.058,62.716,62.374,62.032,61.739,61.495,61.153,60.909,60.664,60.469,60.322,60.127,59.883,59.687,59.492,59.248,59.053,58.906,58.759,58.564,58.369,58.173,57.978,57.783,57.685,57.538,57.343,57.245,57.099,56.903,56.806,56.61,56.464,56.317,56.171,55.975,55.926,56.073,56.757,58.808,62.911,69.359,77.662,86.845,95.93,104.38,111.66,117.91,122.94,126.85,129.53,131.24,132.07,132.12,131.68,130.85,129.83,128.51,127.19,125.72,124.36,122.94,121.48,120.01,118.35,116.69,114.78,112.73,110.49,107.85,104.92,101.69,98.177,94.562,90.997,87.626,84.598,82.156,80.251,78.883,78.004,77.467,77.32,77.369,77.564,77.76,78.004,78.102,78.199,78.102,77.906,77.613,77.174,76.685,76.05,75.415,74.683,73.901,73.168,72.436,71.654,70.922,70.189,69.505,68.821,68.089,67.503,66.868,66.281,65.744,65.256,64.816,64.279,63.839,63.351,63.009,62.618,62.227,61.934,61.544,61.251,60.909,60.616,60.322,59.981,59.736,59.541,59.297,59.101,58.857,58.613,58.418,58.173,57.978,57.734,57.538,57.294,57.099,56.903,56.757,56.561,56.415,56.317,56.171,56.073,55.926,55.78,55.633,55.438,55.243,55.096,54.998,54.852,54.803,54.998,55.731,57.685,61.544,67.747,75.66,84.403,93.097,101.25,108.53,114.73,119.86,123.87,126.7,128.41,129.29,129.39,128.85,127.87,126.7,125.24,123.82,122.26,120.6,119.03,117.42,115.86,114.2,112.44,110.49,108.29,105.8,103.01,99.886,96.418,92.853,89.238,85.868,82.84,80.495,78.688,77.418,76.685,76.294,76.294,76.49,76.783,77.174,77.564,77.858,78.053,78.102,78.053,77.809,77.467,77.125,76.539,76.001,75.366,74.683,73.999,73.217,72.485,71.801,71.068,70.433,69.749,69.114,68.479,67.942,67.356,66.819,66.233,65.695,65.158,64.67,64.23,63.79,63.448,63.058,62.667,62.374,62.032,61.739,61.446,61.153,61.006,60.713,60.567,60.322,60.127,59.932,59.736,59.541,59.346,59.15,59.004,58.759,58.613,58.418,58.222,58.124,57.929,57.783,57.685,57.49,57.343,57.196,57.001,56.806,56.561,56.366,56.171,56.073,56.073,56.317,57.245,59.687,64.279,71.166,79.665,88.75,97.542,105.6,112.63,118.5,123.18,126.6,128.95,130.22,130.76,130.56,129.93,128.85,127.63,126.26,124.8,123.38,121.87,120.45,118.94,117.37,115.76,114,112.05,109.85,107.41,104.67,101.6,98.225,94.66,91.045,87.626,84.5,81.863,79.811,78.297,77.32,76.734,76.539,76.539,76.734,76.978,77.32,77.467,77.613,77.613,77.564,77.32,76.929,76.49,75.904,75.318,74.683,73.999,73.315,72.533,71.801,71.068,70.287,69.603,68.968,68.382,67.747,67.112,66.526,65.988,65.5,65.012,64.572,64.132,63.595,63.155,62.814,62.423,62.032,61.69,61.299,61.006,60.664,60.371,60.029,59.785,59.541,59.297,59.053,58.808,58.613,58.369,58.124,57.929,57.734,57.538,57.343,57.196,57.001,56.806,56.61,56.415,56.171,56.073,55.878,55.682,55.487,55.292,55.096,54.901,54.754,54.559,54.412,54.412,54.754,55.878,58.613,63.497,70.531,78.981,87.871,96.369,104.14,110.92,116.64,121.13,124.41,126.7,127.87,128.26,127.92,127.19,126.07,124.75,123.28,121.72,120.16,118.59,116.98,115.37,113.76,112,110.09,108.04,105.75,103.11,100.18,97.004,93.488,89.922,86.405,83.23,80.544,78.492,76.978,76.05,75.464,75.318,75.415,75.66,76.05,76.343,76.734,76.978,77.125,77.125,76.978,76.685,76.294,75.855,75.318,74.683,73.999,73.315,72.631,71.947,71.166,70.482,69.847,69.261,68.626,67.991,67.503,66.965,66.526,66.037,65.598,65.158,64.816,64.425,64.132,63.79,63.497,63.155,62.911,62.716,62.472,62.227,61.983,61.739,61.446,61.153,60.909,60.713,60.469,60.322,60.029,59.785,59.541,59.297,59.053,58.808,58.564,58.32,58.027,57.783,57.587,57.441,57.245,57.05,56.855,56.659,56.561,56.366,56.22,56.073,55.878,55.731,55.633,55.536,55.682,56.317,58.027,61.739,67.698,75.562,84.354,93.243,101.5,108.82,115.08,120.16,124.11,126.95,128.7,129.49,129.49,129,128.07,126.85,125.48,124.02,122.35,120.79,119.23,117.67,116.2,114.54,112.88,110.97,108.92,106.53,103.94,100.91,97.591,94.123,90.508,87.04,84.012,81.374,79.372,77.858,76.881,76.246,76.001,76.001,76.099,76.294,76.539,76.783,76.929,76.978,76.929,76.734,76.441,76.001,75.464,74.976,74.341,73.657,72.973,72.289,71.605,70.873,70.189,69.505,68.821,68.186,67.503,66.868,66.281,65.744,65.256,64.718,64.23,63.79,63.351,62.911,62.618,62.227,61.934,61.592,61.299,61.055,60.811,60.567,60.322,60.029,59.785,59.59,59.346,59.15,59.004,58.759,58.564,58.369,58.173,57.978,57.783,57.587,57.441,57.245,57.05,56.903,56.806,56.61,56.464,56.366,56.171,56.073,55.878,55.682,55.536,55.34,55.194,54.998,54.852,54.998,55.633,57.343,61.104,67.161,75.171,84.11,93.048,101.45,108.82,115.08,120.16,124.16,126.99,128.75,129.53,129.68,129.19,128.26,127.04,125.68,124.16,122.6,120.99,119.37,117.81,116.2,114.54,112.88,110.92,108.87,106.53,103.84,100.91,97.688,94.171,90.557,87.138,83.914,81.277,79.127,77.467,76.343,75.611,75.22,75.171,75.318,75.562,75.806,76.05,76.246,76.294,76.246,76.05,75.757,75.318,74.78,74.243,73.657,72.973,72.24,71.508,70.726,69.994,69.261,68.528,67.844,67.161,66.477,65.94,65.305,64.718,64.23,63.742,63.253,62.814,62.423,62.13,61.739,61.446,61.104,60.811,60.567,60.322,60.029,59.785,59.59,59.346,59.15,59.004,58.759,58.564,58.369,58.173,58.027,57.88,57.734,57.538,57.343,57.196,57.05,56.855,56.757,56.61,56.464,56.366,56.171,56.073,55.878,55.731,55.536,55.34,55.096,54.901,54.803,54.754,54.803,55.34,56.855,60.176,65.744,73.12,81.472,90.069,98.177,105.5,111.8,116.93,120.99,123.87,125.68,126.56,126.6,126.12,125.14,123.87,122.35,120.74,119.13,117.57,116,114.44,112.78,111.22,109.51,107.6,105.5,103.06,100.37,97.297,94.074,90.606,87.236,84.11,81.472,79.372,77.858,76.783,76.099,75.855,75.806,75.904,76.197,76.49,76.783,76.978,77.125,77.125,76.978,76.734,76.343,75.904,75.415,74.878,74.194,73.559,72.875,72.192,71.41,70.726,69.994,69.261,68.528,67.844,67.161,66.526,65.988,65.402,64.865,64.377,61.104,60.86,60.616,60.371,60.127,59.785,59.541,59.346,59.15,58.906,58.662,58.466,58.222,58.027,57.783,57.538,57.294,57.099,56.855,56.659,56.464,56.317,56.122,55.975,55.78,55.633,55.34,55.194,54.901,54.657,54.51,54.363,54.412,54.803,56.171,59.15,64.425,71.752,80.3,103.01,100.03,96.858,93.439,89.873,86.405,83.279,80.69,78.59,77.125,76.05,75.415,75.171,75.171,75.415,75.66,76.001,76.246,76.441,76.49,76.441,76.246,75.904,75.562,74.976,74.438,73.755,73.071,72.387,71.654,70.97,70.238,69.554,68.919,68.235,67.6,66.916,66.379,65.793,65.256,64.718,64.279,63.839,63.448,63.009,62.618,62.276,61.983,61.739,61.446,61.153,60.86,60.616,60.371,60.127,59.932,59.687,59.492,59.248,59.053,58.857,58.662,58.564,58.369,58.173,58.027,57.929,57.783,57.685,57.538,57.441,57.294,57.245,57.196,57.05,56.855,56.757,56.561,56.415,56.317,56.171,56.073,56.122,56.561,57.685,60.322,65.012,71.752,79.86,88.408,96.662,104.14,110.63,116,120.25,123.38,125.43,126.51,126.75,126.41,125.63,124.41,123.04,121.48,119.86,118.25,116.64,114.93,113.32,111.61,109.8,107.95,105.75,103.35,100.67,97.688,94.416,91.045,87.675,84.5,81.814,79.616,77.906,76.783,76.05,75.66,75.562,75.611,75.757,75.904,76.099,76.294,76.343,76.294,76.197,75.904,75.562,75.122,74.683,74.097,73.51,72.778,72.192,71.508,70.824,70.091,69.407,68.821,68.089,67.503,66.868,66.281,65.744,65.158,64.67,64.181,63.742,63.302,62.911,62.569,62.227,61.934,61.592,61.299,61.006,60.664,60.42,60.176,59.932,59.687,59.443,59.248,59.004,58.808,58.613,58.418,58.222,58.027,57.88,57.685,57.49,57.343,57.245,57.099,57.001,56.855,56.659,56.561,56.366,56.171,55.975,55.878,55.682,55.487,55.34,55.438,55.975,57.685,61.299,67.161,75.122,84.061,93.048,101.45,108.92,115.32,120.55,124.55,127.48,129.29,130.22,130.36,129.97,129.24,128.26,127.04,125.72,124.36,122.99,121.62,120.25,118.79,117.23,115.61,113.86,111.95,109.8,107.36,104.62,101.55,98.225,94.758,91.192,87.822,84.745,82.107,80.104,78.59,77.613,76.978,76.783,76.734,76.881,77.027,77.174,77.32,77.32,77.223,77.027,76.734,76.294,75.806,75.22,74.536,73.901,73.168,72.485,71.752,70.97,70.238,69.505,68.821,68.186,67.503,66.868,66.233,65.695,65.109,64.572,64.035,63.546,63.107,62.667,62.227,61.885,61.544,61.153,60.86,60.567,60.225,59.932,59.687,59.443,59.15,58.906,58.662,58.418,58.222,57.978,57.783,57.538,57.294,57.099,56.903,56.757,56.561,56.366,56.171,56.073,55.878,55.731,55.536,55.438,55.292,55.194,54.998,54.803,54.608,54.412,54.217,54.119,54.119,54.315,55.096,57.099,61.104,67.405,75.415,84.158,92.755,100.67,107.6,113.56,118.35,122.06,124.7,126.26,126.95,126.95,126.36,125.43,124.26,122.84,121.38,119.86,118.35,116.88,115.42,113.9,112.39,110.68,108.73,106.48,103.99,101.25,98.128,94.758,91.241,87.675,84.354,81.423,79.127,77.467,76.343,75.66,75.366,75.366,75.562,75.904,76.246,76.539,76.783,76.978,77.027,76.978,76.783,76.49,76.05,75.562,74.976,74.341,73.657,73.071,72.387,71.752,71.068,70.384,69.652,69.066,68.431,67.844,67.258,66.721,66.233,65.744,65.305,64.816,64.377,63.937,63.448,63.009,62.618,62.227,61.934,61.544,61.251,60.909,60.664,60.371,60.127,59.932,59.687,59.492,59.297,59.101,58.906,58.759,58.613,58.418,58.32,58.124,57.978,57.88,57.685,57.538,57.343,57.245,57.05,56.855,56.659,56.415,56.22,55.975,55.878,55.731,55.78,56.415,58.124,61.739,67.698,75.562,84.354,93.195,101.35,108.63,114.78,119.81,123.72,126.56,128.36,129.19,129.24,128.75,127.87,126.7,125.38,123.92,122.5,121.04,119.62,118.2,116.74,115.17,113.51,111.76,109.75,107.51,105.01,102.13,99.007,95.637,92.071,88.603,85.428,82.595,80.446,78.737,77.613,76.881,76.49,76.441,76.539,76.734,76.929,77.125,77.223,77.32,77.174,76.978,76.685,76.246,75.757,75.171,74.487,73.803,73.12,72.387,71.605,70.922,70.238,69.554,68.87,68.186,67.551,66.916,66.281,65.744,65.256,64.718,64.279,63.839,63.497,63.058,62.667,62.374,62.032,61.739,61.446,61.104,60.86,60.616,60.322,60.029,59.785,59.541,59.346,59.101,58.906,58.662,58.466,58.32,58.124,57.929,57.734,57.49,57.294,57.099,57.001,56.855,56.659,56.561,56.366,56.22,56.073,55.878,55.682,55.487,55.34,55.194,54.998,54.998,55.243,56.317,58.759,63.351,70.238,78.59,87.626,96.321,104.14,110.97,116.69,121.28,124.75,127.04,128.36,128.75,128.51,127.73,126.7,125.38,124.02,122.55,121.04,119.62,118.11,116.69,115.13,113.51,111.76,109.8,107.55,105.06,102.23,99.056,95.686,92.12,88.554,85.184,82.253,79.811,78.004,76.636,75.757,75.318,75.171,75.318,75.562,75.806,76.05,76.246,76.294,76.294,76.099,75.855,75.464,74.976,74.487,73.803,73.12,72.436,71.752,70.97,70.238,69.505,68.821,68.089,67.405,66.721,66.135,65.5,64.914,64.425,63.839,63.448,63.009,62.618,62.227,61.885,61.495,61.153,60.909,60.664,60.42,60.225,59.981,59.785,59.541,59.346,59.15,59.004,58.857,58.662,58.466,58.369,58.173,57.978,57.734,57.538,57.343,57.245,57.05,56.903,56.757,56.561,56.415,56.22,56.073,55.78,55.633,55.438,55.243,55.047,54.852,54.754,54.803,55.194,111.66,110,108.19,106.04,103.7,100.86,97.786,94.513,90.997,87.48,84.305,81.57,79.372,77.76,76.539,75.806,75.415,75.318,75.415,75.611,75.855,76.05,76.246,76.343,76.294,76.246,76.001,75.66,75.318,74.78,74.243,73.657,72.973,72.387,71.654,70.97,70.287,69.652,68.968,68.382,67.747,67.112,66.477,65.988,65.402,64.914,64.425,63.986,63.595,63.253,62.862,62.472,62.13,61.788,61.446,61.153,60.86,60.616,60.371,60.127,59.883,59.59,59.443,59.15,59.004,58.808,58.613,58.418,58.173,57.978,57.783,57.685,57.538,57.441,57.294,57.196,57.001,56.806,56.659,56.464,56.317,56.122,55.926,55.78,55.731,56.073,57.05,59.541,64.23,71.166,79.665,88.75,97.493,105.36,112.24,118.01,122.55,125.97,128.31,129.63,130.07,129.88,129.19,128.17,126.95,125.63,124.26,122.79,121.43,120.06,118.69,117.23,115.76,114.1,112.39,110.39,108.04,105.5,102.57,99.3,95.881,92.315,88.799,85.624,82.937,80.739,79.176,78.053,77.32,76.929,76.881,76.929,77.125,77.32,77.418,77.467,77.467,77.369,77.125,76.783,76.294,75.757,75.171,74.536,73.852,73.168,72.485,71.752,71.068,70.287,69.603,68.919,68.284,67.698,67.063,66.428,65.842,65.353,64.914,64.474,64.035,63.595,63.155,62.814,62.423,62.032,61.739,61.495,61.153,60.909,60.664,60.42,60.176,59.883,59.687,59.492,59.248,59.053,58.857,58.662,58.466,58.222,58.027,57.88,57.685,57.49,57.294,57.099,56.903,56.757,56.561,56.366,56.122,55.926,55.682,55.438,55.243,54.998,54.803,54.657,54.803,55.536,57.587,61.739,68.089,76.246,85.135,93.732,101.74,108.73,114.64,119.42,123.04,125.63,127.14,127.73,127.68,127.04,126.12,124.99,123.67,122.31,120.79,119.33,117.81,116.3,114.78,113.17,111.41,109.56,107.41,105.01,102.18,99.056,95.734,92.169,88.554,85.135,82.107,79.616,77.76,76.441,75.611,75.171,75.122,75.22,75.464,75.806,76.099,76.294,76.343,76.343,76.246,76.001,75.66,75.22,74.683,74.048,73.413,72.778,72.045,71.361,70.629,69.945,69.31,68.626,67.991,67.356,66.721,66.184,65.695,65.158,64.67,64.23,63.839,63.546,63.253,63.009,62.716,62.472,62.227,62.032,61.934,61.983,62.472,63.546,65.402,68.186,71.654,75.611,79.811,84.012,87.919,91.387,94.123,96.174,97.444,97.884,97.542,96.467,94.855,92.755,90.215,87.431,65.793,73.071,81.57,90.215,98.47,105.8,112.1,117.32,121.48,124.55,126.6,127.68,128.07,127.83,127.14,126.12,124.94,123.58,122.16,120.74,119.23,117.76,116.25,114.73,113.07,111.22,109.26,106.97,104.43,101.55,98.372,95.002,91.485,88.066,84.842,82.156,80.007,78.346,77.223,76.49,76.099,76.001,76.05,76.197,76.343,76.49,76.636,76.685,76.636,76.343,76.099,75.66,75.22,74.731,74.194,73.559,72.875,72.192,71.508,70.824,70.189,69.505,68.821,68.186,67.551,66.965,66.428,65.842,65.305,64.816,64.279,63.839,63.448,63.058,62.667,62.374,61.983,61.69,61.348,61.055,60.811,60.469,60.225,59.981,59.736,59.541,59.297,59.053,58.857,58.613,58.418,58.222,58.027,57.88,57.685,57.49,57.294,57.099,57.001,56.806,56.659,56.561,56.415,56.22,56.122,55.975,55.878,55.682,55.487,55.292,55.096,54.998,55.047,55.536,57.05,60.371,65.988,73.657,82.449,91.241,99.495,106.82,113.12,118.3,122.35,125.29,127.24,128.31,128.61,128.31,127.53,126.56,125.38,124.06,122.6,121.18,119.77,118.3,116.88,115.32,113.66,111.85,109.85,107.6,105.06,102.18,99.007,95.49,91.876,88.31,84.94,82.058,79.762,78.004,76.734,75.855,75.464,75.318,75.366,75.464,75.66,75.855,76.05,76.05,76.001,75.855,75.611,75.22,74.78,74.243,73.608,72.924,72.289,71.605,70.922,70.238,69.505,68.821,68.089,67.405,66.819,66.233,65.744,65.256,64.718,64.23,63.79,63.351,63.009,62.667,62.276,61.983,61.69,61.348,61.104,60.86,60.664,60.42,60.127,59.932,59.687,59.492,59.297,59.053,58.808,58.613,58.369,58.124,57.929,57.685,57.538,57.343,57.245,57.05,56.903,56.806,56.659,56.561,56.415,56.22,56.073,55.878,55.682,55.536,55.438,55.34,55.487,55.926,57.099,59.883,64.621,71.41,79.567,88.066,96.174,103.6,110.05,115.42,119.81,122.99,125.19,126.41,126.85,126.7,126.07,124.99,123.67,122.11,120.5,118.79,117.13,115.37,113.61,111.85,110,107.99,105.75,103.26,100.47,97.444,94.171,90.801,87.382,84.158,81.472,79.372,77.809,76.685,76.001,75.611,75.464,75.562,75.66,75.904,76.099,76.246,76.294,76.294,76.197,76.001,75.611,75.171,74.683,74.097,73.559,72.924,72.24,71.557,70.922,70.238,69.554,68.919,68.235,67.6,66.965,66.428,65.842,65.305,64.816,64.377,63.839,63.448,63.058,62.667,62.374,61.983,61.592,61.299,61.006,60.664,60.42,60.176,59.932,59.736,59.492,59.248,59.053,58.808,58.613,58.418,58.222,58.027,57.88,57.685,57.538,57.441,57.245,57.099,57.001,56.855,56.659,56.561,56.415,56.22,56.122,55.926,55.731,55.633,55.438,55.34,55.487,56.22,58.173,62.179,68.528,76.685,85.673,94.513,102.67,109.85,116,120.99,124.85,127.68,129.44,130.22,130.41,130.07,129.39,128.36,127.24,125.92,124.7,123.38,122.01,120.6,119.18,117.76,116.1,114.44,112.49,110.24,107.7,104.82,101.69,98.225,94.611,90.997,87.48,84.5,81.912,79.909,78.492,77.467,76.978,76.734,76.685,76.783,76.978,77.174,77.32,77.369,77.32,77.174,76.929,76.539,76.099,75.611,74.976,74.341,73.657,72.924,72.24,71.508,70.824,70.091,69.407,68.724,68.04,67.405,66.819,66.184,65.598,65.06,64.572,64.035,63.595,63.155,62.716,62.276,61.934,61.544,61.251,60.909,60.616,60.322,59.981,59.736,59.492,59.248,59.004,58.759,58.466,58.222,57.978,57.783,57.587,57.343,57.099,56.855,56.61,56.415,56.22,56.073,55.878,55.682,55.536,55.34,55.243,55.047,54.852,54.657,54.51,54.315,54.168,54.07,54.119,54.559,55.926,59.004,64.377,71.752,80.251,88.847,97.053,104.38,110.73,116.05,120.16,123.28,125.38,126.6,126.99,126.85,126.26,125.29,124.11,122.75,121.38,119.86,118.3,116.79,115.22,113.66,111.95,110.05,107.95,105.55,102.82,99.789,96.467,92.999,89.434,85.966,82.937,80.349,78.346,76.929,75.904,75.366,75.171,75.171,75.318,75.611,75.855,76.099,76.246,76.294,76.246,76.05,75.757,75.366,74.878,74.292,73.755,73.12,72.485,71.801,71.166,70.482,69.847,69.261,68.626,68.04,67.503,66.965,66.477,65.988,65.549,65.109,64.67,64.279,63.986,63.693,63.351,63.107,62.862,62.618,62.374,62.13,61.934,61.69,61.495,61.299,61.104,60.86,60.664,60.469,60.322,60.127,59.932,59.687,59.492,59.248,59.053,58.808,58.564,58.369,58.124,57.88,57.685,57.49,57.245,57.05,56.806,56.561,56.366,56.122,55.926,55.731,55.536,55.536,55.78,56.659,58.906,63.253,69.749,77.809,86.503,95.002,102.82,109.66,115.42,120.06,123.58,125.97,127.48,128.17,128.17,127.63,126.75,125.63,124.31,122.84,121.38,119.91,118.45,116.93,115.32,113.66,111.85,109.95,107.8,105.31,102.57,99.495,96.174,92.657,89.189,85.917,83.035,80.69,78.883,77.564,76.734,76.246,76.099,76.197,76.294,76.539,76.734,76.881,76.881,76.881,76.734,76.49,76.197,75.757,75.22,74.634,73.999,73.315,72.68,71.996,71.312,70.629,69.945,69.261,68.528,67.942,67.307,66.721,66.184,65.598,65.06,64.572,64.035,63.595,63.253,62.862,62.472,62.179,61.788,61.495,61.153,60.86,60.616,60.371,60.127,59.932,59.687,59.492,59.248,59.053,58.808,58.613,58.418,58.222,58.027,57.783,57.587,57.441,57.245,57.05,56.903,56.806,56.659,56.561,56.366,56.22,56.073,55.926,55.731,55.633,55.438,55.292,55.096,54.998,54.998,55.292,56.61,59.492,64.621,71.947,80.593,89.629,98.128,105.8,112.49,118.06,122.5,125.87,128.07,129.39,129.88,129.68,129.09,128.17,127.04,125.68,124.26,122.79,121.38,119.86,118.45,116.88,115.32,113.51,111.56,109.36,106.92,104.18,101.16,97.884,94.318,90.655,87.236,84.11,81.472,79.421,77.858,76.881,76.246,76.001,75.904,76.001,76.197,76.294,76.441,76.49,76.49,76.343,76.099,75.806,75.366,74.78,74.194,73.559,72.875,72.192,71.41,70.726,70.042,69.359,68.626,67.942,67.258,66.526,65.94,65.353,64.816,64.23,63.742,63.253,62.814,62.423,61.983,61.592,61.299,61.006,60.664,60.371,60.127,59.883,59.59,59.346,59.15,58.906,58.759,58.564,58.32,58.173,57.978,57.88,57.734,57.538,57.343,57.245,57.05,56.903,56.757,56.61,56.415,56.317,56.122,55.975,55.878,55.731,55.536,55.438,55.243,54.998,54.803,54.559,54.363,54.217,54.315,54.754,56.171,59.248,64.572,71.801,80.153,88.75,96.809,104.04,110.39,115.57,119.62,122.6,124.55,125.63,125.87,125.48,124.7,123.58,122.31,120.94,119.42,118.01,116.44,114.88,113.22,111.56,109.75,107.75,105.41,102.91,100.13,97.004,93.634,90.166,86.747,83.572,80.935,78.786,77.32,76.294,75.757,75.415,75.464,75.66,76.001,76.294,76.636,76.881,76.978,77.027,77.027,76.881,76.636,76.246,75.757,75.22,74.634,73.999,73.364,72.68,71.996,71.312,70.531,69.847,69.114,68.382,67.6,66.916,66.281,65.695,65.109,64.67,64.23,63.937,63.693,63.693,64.23,65.793,68.821,73.51,79.762,86.845,94.318,101.45,107.8,113.22,117.62,120.89,123.18,124.5,124.99,124.75,123.87,122.6,121.13,119.42,117.67,115.86,114.05,112.1,110.05,107.85,105.5,102.87,99.935,96.76,93.292,89.727,86.161,82.937,80.055,77.809,76.099,74.927,74.194,73.852,73.852,74.097,74.487,74.78,75.171,75.464,75.757,75.806,75.757,75.562,75.22,74.78,74.292,73.755,73.168,72.485,71.85,71.117,70.433,69.652,68.968,68.284,67.6,66.965,66.379,65.793,65.256,64.718,64.23,63.742,63.302,62.862,56.561,56.366,56.171,55.975,55.78,55.633,55.438,55.292,55.096,54.998,54.852,54.657,54.51,54.363,54.217,54.07,53.924,53.729,53.631,53.484,53.435,53.289,53.191,53.045,52.947,52.752,52.605,52.41,52.312,52.117,52.068,52.166,53.094,55.731,61.006,69.066,78.883,89.092,98.763,107.31,114.73,120.89,125.72,129.29,131.63,132.95,133.34,133.25,132.56,131.63,130.51,129.24,127.92,126.6,125.19,123.72,122.31,120.74,119.03,117.23,115.22,112.93,110.44,107.6,104.48,101.06,97.346,93.536,89.824,86.356,83.377,80.984,79.225,78.004,77.223,76.783,76.685,76.734,76.881,77.125,77.223,77.369,77.369,77.223,76.978,76.636,76.197,75.66,75.122,74.438,73.755,73.071,72.387,71.654,70.922,70.287,69.603,68.968,68.382,67.747,67.161,66.623,66.135,65.598,65.158,64.67,64.23,63.79,63.448,63.058,62.716,62.374,62.032,61.739,61.495,61.153,60.86,60.616,60.371,60.127,59.883,59.59,59.346,59.15,58.906,58.759,58.564,58.369,58.173,57.978,57.783,57.587,57.49,57.294,57.245,57.099,57.05,56.903,56.855,56.757,56.659,56.561,56.366,124.31,122.79,121.18,119.42,117.76,116.05,114.3,112.54,110.73,108.87,106.82,104.48,101.94,99.056,95.93,92.56,89.189,85.868,82.791,80.3,78.346,76.929,76.001,75.415,75.171,75.171,75.366,75.611,75.806,76.05,76.197,76.197,76.099,76.001,75.757,75.366,74.927,74.438,73.803,73.168,72.485,71.801,71.117,70.433,69.749,69.114,68.431,67.796,67.161,66.526,65.94,65.402,64.914,64.425,63.986,63.546,63.107,62.667,62.276,61.934,61.592,61.251,61.006,60.664,60.42,60.176,59.932,59.687,59.492,59.248,59.004,58.808,58.564,58.369,58.173,57.978,57.88,57.685,57.49,57.343,57.196,57.001,56.757,56.61,56.415,56.366,56.22,56.122,55.975,55.878,55.682,55.487,55.292,55.096,54.901,54.803,54.803,55.096,56.22,59.004,64.035,71.41,80.3,89.482,98.177,106.04,112.88,118.5,123.04,126.41,128.7,129.97,130.51,130.36,129.73,128.85,127.73,126.51,125.24,124.02,122.7,121.28,120.01,118.54,117.03,115.42,113.61,111.51,109.17,106.48,103.5,100.23,96.76,93.097,89.482,86.112,83.133,80.739,78.932,77.662,76.783,76.343,76.246,76.294,76.441,76.685,76.881,76.978,77.027,76.929,76.734,76.441,76.05,75.562,74.976,74.341,73.755,73.071,72.387,71.654,70.922,70.238,69.554,68.919,68.235,67.6,66.965,66.379,65.793,65.256,64.718,64.23,63.79,63.351,62.911,62.569,62.227,61.885,61.544,61.251,60.909,60.664,60.42,60.127,59.883,59.59,59.346,59.101,58.857,58.662,58.418,58.173,57.929,57.685,57.441,57.196,56.903,56.659,56.464,56.22,56.073,55.78,55.633,55.438,55.194,54.998,54.852,54.657,54.559,54.363,54.168,53.973,53.777,53.631,53.435,53.24,53.045,52.996,53.24,54.217,56.61,61.104,67.942,76.294,85.184,93.732,101.5,108.29,114.05,118.74,122.26,124.75,126.26,126.95,126.99,126.56,125.68,124.6,123.38,122.01,120.55,119.03,117.62,116.1,114.54,112.93,111.17,109.26,107.12,104.72,101.99,99.007,95.637,92.12,88.554,85.184,82.156,79.665,77.809,76.441,75.562,75.073,74.78,74.878,75.122,75.366,75.66,75.806,75.904,75.904,75.806,75.562,75.171,74.731,74.243,73.608,72.973,72.289,71.605,70.922,70.238,69.554,68.919,68.235,67.6,66.965,66.379,65.793,65.256,64.718,64.23,63.79,63.351,63.009,62.667,62.374,62.032,61.739,61.495,61.251,61.055,60.811,60.616,60.371,60.176,60.029,59.883,59.736,59.541,59.443,59.248,59.101,59.004,58.857,58.662,58.613,58.466,58.369,58.222,58.124,58.027,57.929,57.783,57.685,57.538,57.441,57.245,57.05,56.855,56.659,56.464,56.317,56.22,56.22,56.61,57.734,60.322,64.865,71.41,79.323,87.626,95.686,103.01,109.36,114.69,118.94,122.11,124.31,125.63,126.07,125.87,125.19,124.16,122.94,121.57,120.06,118.5,116.93,115.32,113.61,111.85,110.09,108.24,106.19,103.79,101.16,98.177,95.002,91.632,88.261,84.989,82.107,79.762,77.906,76.636,75.757,75.22,75.073,75.073,75.22,75.464,75.757,75.904,76.001,76.001,75.904,75.66,75.366,74.927,74.487,73.901,73.315,72.68,71.996,71.312,70.629,69.945,69.261,68.626,67.942,67.307,66.672,66.135,65.549,65.06,64.572,64.132,63.595,63.155,62.814,62.423,62.032,61.739,61.348,61.055,60.811,60.469,60.225,59.932,59.687,59.443,59.248,59.004,58.808,58.564,58.369,58.173,57.978,57.783,57.587,57.441,57.245,57.05,56.855,56.659,56.464,56.366,56.22,56.122,55.926,55.78,55.682,55.487,55.34,55.194,54.998,54.803,54.657,54.608,54.852,55.878,58.418,63.107,70.042,78.492,87.529,96.321,104.18,111.07,116.74,121.38,124.85,127.29,128.8,129.44,129.44,128.95,128.12,127.04,125.87,124.55,123.23,121.91,120.6,119.18,117.76,116.25,114.64,112.78,110.73,108.48,105.85,103.01,99.789,96.369,92.804,89.238,85.917,83.035,80.69,78.883,77.564,76.685,76.246,76.05,76.099,76.246,76.441,76.636,76.734,76.734,76.636,76.441,76.099,75.66,75.122,74.536,73.852,73.168,72.485,71.752,71.068,70.287,69.603,68.87,68.186,67.503,66.868,66.233,65.695,65.109,64.621,64.035,63.546,63.058,62.618,62.227,61.788,61.446,61.055,60.713,60.371,60.029,59.736,59.443,59.15,58.906,58.662,58.418,58.124,57.88,57.685,57.441,57.245,57.001,56.757,56.561,56.366,56.171,56.073,55.878,55.682,55.487,55.292,55.096,54.901,54.803,54.657,54.559,54.412,54.363,54.217,54.119,53.973,53.875,53.68,53.533,53.338,53.24,53.094,53.045,53.24,54.119,56.366,60.616,67.161,75.366,84.061,92.56,100.37,107.26,112.98,117.67,121.28,123.87,125.43,126.12,126.12,125.63,124.75,123.58,122.26,120.79,119.42,118.01,116.54,115.08,113.56,112,110.29,108.43,106.28,103.84,101.11,98.03,94.758,91.241,87.724,84.5,81.618,79.323,77.613,76.441,75.611,75.171,74.976,75.122,75.318,75.562,75.806,76.05,76.099,76.197,76.05,75.855,75.562,75.122,74.683,74.097,73.51,72.875,72.289,71.654,71.068,70.433,69.798,69.261,68.675,68.089,67.6,67.063,66.526,66.037,65.598,65.158,64.718,64.377,63.986,63.693,63.302,62.911,62.618,62.276,61.934,61.592,61.299,61.006,60.664,60.371,60.029,59.785,59.492,59.248,59.004,58.759,58.466,58.222,58.027,57.88,57.685,57.49,57.343,57.245,57.099,57.001,56.855,56.757,56.561,56.415,56.317,56.171,55.975,55.78,55.536,55.34,55.243,55.243,55.487,56.61,59.248,64.035,71.068,79.567,88.359,96.809,104.38,110.88,116.3,120.69,123.92,126.16,127.39,127.83,127.63,126.99,126.07,124.94,123.67,122.35,120.99,119.62,118.25,116.93,115.57,114.1,112.49,110.73,108.68,106.43,103.79,100.86,97.688,94.171,90.655,87.236,84.11,81.472,79.421,77.809,76.734,76.099,75.806,75.757,75.855,76.001,76.197,76.246,76.343,76.294,76.246,76.001,75.66,75.22,74.731,74.194,73.559,72.924,72.24,71.557,70.873,70.189,69.505,68.821,68.186,67.551,66.916,66.281,65.744,65.158,64.67,64.181,63.742,63.302,62.911,62.472,62.13,61.739,61.348,61.055,60.811,60.469,60.225,59.981,59.736,59.492,59.248,59.053,58.808,58.613,58.418,58.173,57.978,57.734,57.538,57.343,57.245,57.05,56.855,56.659,56.464,56.366,56.171,56.073,55.878,55.731,55.536,55.438,55.243,55.096,54.901,54.754,54.559,54.412,54.363,54.657,55.731,58.32,63.058,69.994,78.346,87.236,95.734,103.5,110.24,115.81,120.3,123.62,125.92,127.24,127.83,127.68,127.14,126.26,125.04,123.72,122.35,120.99,119.57,118.11,116.69,115.17,113.61,111.85,109.95,107.8,105.41,102.72,99.74,96.418,92.999,89.482,86.112,82.986,80.446,78.297,76.783,75.66,75.073,74.731,74.683,74.731,74.976,75.171,75.366,75.464,75.415,75.318,75.122,74.78,74.341,73.852,73.315,72.68,72.045,71.312,70.629,69.847,69.163,68.479,67.796,67.161,66.526,65.94,65.305,64.67,64.181,63.595,63.107,62.667,62.227,61.885,61.495,61.153,60.86,60.567,60.225,59.932,59.687,59.492,59.248,59.053,58.857,58.662,58.466,58.32,58.124,57.929,57.734,57.587,57.441,57.245,59.297,58.906,58.564,58.222,57.978,57.685,57.441,57.099,56.855,56.61,56.366,56.122,55.926,55.731,55.536,55.34,55.194,54.998,54.803,54.608,54.51,54.315,54.119,53.924,53.777,53.631,53.435,53.289,53.094,52.996,52.947,52.8,52.654,52.556,52.41,52.312,52.214,52.117,51.921,51.775,51.628,51.482,51.384,51.384,51.628,52.556,54.901,59.443,66.037,74.097,82.595,90.752,98.177,104.58,109.95,114.25,117.47,119.77,121.13,121.72,121.67,121.18,120.35,119.33,118.06,116.74,115.37,114.05,112.68,111.36,109.95,108.48,106.92,105.31,103.5,101.5,99.251,96.809,94.074,91.094,88.066,84.842,81.667,78.786,76.441,74.487,73.071,71.996,71.361,71.068,70.922,71.068,71.215,71.41,71.605,71.801,71.85,71.85,71.752,71.557,71.215,70.873,70.433,69.945,69.359,68.724,68.089,67.405,66.819,66.184,65.598,65.012,64.425,63.839,63.302,62.716,62.227,61.739,61.251,60.811,60.371,59.981,59.541,59.248,58.906,58.613,58.32,57.978,57.734,57.49,57.245,57.001,56.757,56.464,56.317,56.122,55.926,55.731,55.536,55.34,55.096,54.901,54.754,54.608,54.412,54.217,54.07,53.875,53.68,53.484,53.289,53.094,52.947,52.752,52.605,52.41,52.214,52.068,51.872,51.677,51.482,51.286,51.091,51.042,51.091,51.628,53.045,56.171,61.544,68.821,76.929,85.038,92.657,99.447,105.31,110.09,113.9,116.74,118.59,119.62,119.91,119.62,118.89,117.81,116.54,115.17,113.66,112.24,110.83,109.31,107.85,106.28,104.72,103.06,101.16,99.056,96.662,94.123,91.241,88.164,85.038,81.912,78.981,76.49,74.438,72.875,71.752,70.922,70.531,70.384,70.433,70.629,70.824,71.068,71.215,71.361,71.41,71.312,71.117,70.873,70.482,70.042,69.603,69.066,68.479,67.844,67.258,66.623,66.037,65.402,64.816,64.279,63.742,63.155,62.667,62.179,61.69,61.251,60.713,60.371,59.981,59.59,59.297,58.906,58.613,58.32,58.027,57.783,57.538,57.294,57.05,56.855,56.61,56.415,56.317,56.171,56.073,55.878,55.731,55.633,55.487,55.34,55.292,55.194,54.998,54.901,54.803,54.754,54.608,54.559,54.51,54.412,54.315,54.217,54.119,53.973,53.875,53.729,53.533,53.435,53.338,53.338,53.435,53.924,55.292,58.222,63.253,69.994,77.662,85.575,92.95,99.593,105.31,110.05,113.81,116.54,118.35,119.33,119.42,119.03,118.25,117.03,115.66,114.2,112.49,110.83,109.12,107.51,105.85,104.23,102.47,100.72,98.763,96.614,94.22,91.632,88.75,85.819,82.742,79.86,77.32,75.171,73.559,72.289,71.557,71.068,70.873,70.922,71.068,71.215,71.41,71.605,71.752,71.752,71.752,71.605,71.41,71.117,70.726,70.287,69.798,69.261,68.675,68.089,67.503,66.868,66.281,65.695,65.109,64.474,63.986,63.448,62.911,62.423,61.934,61.446,61.006,60.567,60.176,59.785,59.443,59.101,58.808,58.466,58.173,57.929,57.734,57.441,57.196,56.903,56.757,56.561,56.366,56.122,55.926,55.731,55.536,55.34,55.243,55.047,54.901,54.803,54.608,54.51,54.315,54.119,53.973,53.875,53.729,53.631,53.484,53.338,53.24,53.094,52.947,52.8,52.605,52.41,52.312,52.166,52.312,53.045,54.998,58.906,65.06,72.924,81.423,89.824,97.444,104.14,109.8,114.34,118.01,120.6,122.31,123.18,123.43,123.18,122.5,121.48,120.35,119.03,117.76,116.35,115.08,113.61,112.24,110.73,109.17,107.51,105.7,103.6,101.35,98.86,96.125,93.195,89.971,86.747,83.572,80.593,78.102,76.099,74.536,73.51,72.778,72.436,72.289,72.387,72.533,72.729,72.924,73.12,73.168,73.12,72.973,72.778,72.485,72.045,71.557,71.068,70.482,69.847,69.261,68.528,67.844,67.258,66.526,65.94,65.305,64.67,64.035,63.448,62.862,62.276,61.788,61.348,60.909,60.469,60.127,59.736,59.443,59.053,58.759,58.418,58.173,57.88,57.587,57.343,57.099,56.806,56.561,56.317,56.073,55.878,55.633,55.438,55.243,55.047,54.852,54.657,54.51,54.217,54.07,53.875,53.729,53.533,53.289,53.191,53.045,52.947,52.752,52.605,52.507,52.361,52.214,52.117,51.97,51.775,51.726,51.921,52.556,54.217,57.734,63.351,70.726,78.883,86.991,94.562,101.25,106.97,111.76,115.42,118.11,119.81,120.6,120.79,120.45,119.62,118.54,117.23,115.81,114.34,112.88,111.32,109.8,108.29,106.72,105.11,103.31,101.35,99.154,96.662,93.927,90.948,87.724,84.5,81.374,78.492,76.099,74.243,72.924,71.996,71.508,71.312,71.312,71.508,71.752,72.045,72.289,72.533,72.729,72.729,72.68,72.485,72.24,71.85,71.41,70.97,70.433,69.945,69.359,68.821,68.186,67.6,67.063,66.477,65.988,65.5,65.012,64.572,64.035,63.595,63.155,62.716,62.423,62.032,61.69,61.299,61.006,60.664,60.42,60.176,59.883,59.59,59.346,59.15,58.906,58.759,58.466,58.222,58.027,57.88,57.587,57.343,57.196,56.903,56.659,56.464,56.22,55.975,55.78,55.633,55.438,55.194,54.998,54.803,54.608,54.412,54.217,54.119,53.973,53.875,53.68,53.631,53.777,54.412,56.317,59.981,65.842,73.364,81.618,89.824,97.297,103.94,109.56,114.2,117.67,120.25,121.82,122.55,122.7,122.26,121.43,120.3,118.98,117.57,116.1,114.64,113.17,111.76,110.24,108.63,106.97,105.16,103.11,100.86,98.421,95.686,92.657,89.482,86.308,83.182,80.3,77.858,75.904,74.487,73.413,72.778,72.533,72.485,72.533,72.729,72.973,73.168,73.315,73.364,73.364,73.217,72.973,72.68,72.289,71.801,71.312,70.677,70.091,69.505,68.87,68.235,67.6,66.965,66.281,65.695,65.06,64.474,63.986,63.448,63.009,62.472,62.032,61.592,61.251,60.86,60.42,60.029,59.736,59.443,59.15,58.906,58.613,58.369,58.124,57.88,57.587,57.343,57.196,57.001,56.806,56.61,56.415,56.22,56.122,55.926,55.731,55.536,55.34,55.194,55.047,54.852,54.754,54.608,54.412,54.315,54.168,54.07,53.875,53.729,53.533,53.435,53.24,53.045,52.947,52.947,53.24,54.315,56.855,61.544,68.382,76.636,85.184,93.341,100.67,107.12,112.49,116.79,120.06,122.31,123.62,124.06,123.92,123.28,122.45,121.23,120.01,118.59,117.18,115.76,114.3,112.78,111.17,109.56,107.75,105.8,103.7,101.3,98.616,95.734,92.608,89.385,85.966,82.791,79.909,77.467,75.562,74.194,73.168,72.533,72.289,72.289,72.436,72.631,72.875,73.071,73.217,73.315,73.217,73.071,72.778,72.436,71.996,71.508,70.922,70.287,69.652,68.968,68.382,67.698,66.965,66.281,65.695,65.012,64.377,63.79,63.253,62.716,62.227,61.739,61.299,60.86,60.567,60.176,59.785,59.492,59.15,58.857,58.613,58.32,58.027,57.88,57.587,57.441,57.294,57.099,56.903,56.806,56.61,56.415,56.317,56.171,56.073,55.878,55.682,55.536,55.34,55.243,55.047,54.901,54.754,54.608,54.51,54.315,54.168,53.973,53.777,53.631,53.338,53.191,52.996,52.8,52.654,52.752,53.191,54.412,57.343,62.276,69.163,77.174,85.282,93.048,99.984,105.99,110.97,114.88,117.76,119.67,120.69,120.99,120.69,119.91,118.79,117.42,115.91,114.34,112.78,111.22,109.66,108.04,106.43,104.67,102.87,100.81,98.567,96.076,93.243,90.215,87.04,83.914,80.984,78.492,76.49,75.073,73.999,73.315,72.973,72.924,73.071,73.315,73.559,73.852,74.097,74.243,74.292,74.243,74.097,73.852,73.51,73.12,72.631,72.045,71.41,70.824,70.091,69.359,68.675,67.991,67.258,66.623,65.94,65.305,64.67,64.132,63.546,63.058,62.618,62.227,61.885,61.495,61.153,60.86,60.567,60.225,59.981,59.736,59.492,59.297,59.053,58.808,58.564,58.369,58.173,57.978,57.734,57.538,57.343,57.196,56.903,56.757,56.561,56.317,56.122,55.975,55.78,55.633,55.487,55.34,55.243,55.096,54.901,54.803,54.608,54.412,54.217,54.119,53.973,53.924,54.119,54.803,56.659,60.469,66.526,74.438,82.986,91.485,99.251,106.04,111.85,116.54,120.25,122.84,124.55,125.38,72.094,72.289,72.436,72.485,72.436,72.289,72.045,71.752,71.361,70.873,70.287,69.749,69.163,68.528,67.942,67.307,66.672,66.037,65.5,64.865,64.279,63.742,63.253,62.716,62.227,61.788,61.348,61.006,60.567,60.176,59.883,59.492,59.15,58.906,58.613,58.32,57.978,57.734,57.49,57.294,57.099,56.903,56.757,56.561,56.366,56.171,55.975,55.78,55.633,55.438,55.292,55.096,54.998,54.852,54.657,54.559,54.412,54.217,54.119,53.973,53.924,53.777,53.68,53.484,53.289,53.191,52.996,52.8,52.605,52.507,52.507,52.752,53.729,56.171,60.713,67.551,75.806,84.403,92.755,100.33,106.87,112.29,116.69,120.01,122.35,123.82,124.5,124.5,124.06,123.28,122.31,121.13,119.86,118.54,117.23,115.86,114.44,112.98,111.41,109.75,107.85,105.85,103.55,101.06,98.225,95.246,91.973,88.603,85.233,82.107,79.323,76.929,75.171,73.803,72.924,72.387,72.094,72.094,72.192,72.387,72.533,72.729,72.778,72.875,72.729,72.631,72.289,71.947,71.508,70.97,70.433,69.798,69.114,68.431,67.796,67.112,66.428,65.793,65.158,64.572,63.937,63.302,62.716,62.227,61.739,61.251,60.811,60.42,59.981,59.59,59.248,58.906,58.613,58.369,58.027,57.783,57.538,57.343,57.196,57.001,56.806,56.61,56.415,56.22,56.073,55.878,55.682,55.536,55.34,55.243,55.047,54.852,54.754,54.559,54.412,54.315,54.168,54.07,53.924,53.729,53.631,53.435,53.24,53.045,52.849,52.654,52.507,52.312,52.166,52.117,52.41,53.533,56.22,61.006,67.698,75.562,83.67,91.436,98.421,104.48,109.61,113.61,116.69,118.69,119.86,120.25,120.06,119.47,118.5,117.32,115.86,114.34,112.88,111.32,109.75,108.19,106.53,104.92,103.11,101.16,98.909,96.467,93.732,90.801,87.724,84.549,81.472,78.737,76.539,74.927,73.755,72.973,72.533,72.387,72.436,72.631,72.924,73.168,73.413,73.608,73.657,73.657,73.608,73.364,73.12,72.729,72.289,71.801,71.166,70.531,69.847,69.163,68.479,67.796,67.112,66.428,65.793,65.158,64.572,63.986,63.448,62.862,62.423,61.934,61.544,61.104,60.811,60.469,60.176,59.932,59.59,59.346,59.053,58.808,58.564,58.369,58.124,57.88,57.685,57.538,57.343,57.196,57.001,56.806,56.561,56.366,56.22,56.073,55.878,55.682,55.487,55.292,55.194,55.047,54.901,54.803,54.608,54.412,54.315,54.119,53.924,53.729,53.533,53.484,53.631,54.217,55.878,59.443,65.158,72.778,81.228,89.678,97.493,104.43,110.39,115.17,118.94,121.72,123.48,124.41,124.6,124.31,123.62,122.7,121.62,120.45,119.23,118.01,116.69,115.42,114.05,112.63,111.07,109.31,107.41,105.31,102.87,100.23,97.297,94.171,90.85,87.529,84.354,81.423,78.932,76.978,75.464,74.487,73.852,73.559,73.51,73.559,73.755,73.901,74.048,74.097,74.194,74.048,73.852,73.608,73.217,72.729,72.24,71.605,70.97,70.384,69.749,69.114,68.431,67.796,67.161,66.526,65.988,65.353,64.816,64.279,63.742,63.253,62.814,62.276,61.934,61.495,61.104,60.713,60.371,60.029,59.736,59.443,59.15,58.906,58.662,58.418,58.173,57.929,57.734,57.49,57.294,57.099,56.855,56.659,56.464,56.317,56.122,55.926,55.731,55.536,55.34,55.194,54.998,54.852,54.657,54.559,54.412,54.217,54.119,53.973,53.777,53.68,53.533,53.435,53.24,53.045,52.947,52.849,52.996,53.777,55.926,59.932,66.184,73.999,82.351,90.606,98.128,104.62,110.09,114.64,118.06,120.5,122.06,122.75,122.79,122.45,121.62,120.6,119.42,118.06,116.64,115.17,113.66,112.19,110.68,109.07,107.36,105.5,103.45,101.11,98.567,95.686,92.56,89.287,85.917,82.693,79.762,77.223,75.318,73.803,72.778,72.24,71.996,71.947,72.094,72.289,72.533,72.778,72.973,73.071,73.071,72.875,72.631,72.289,71.85,71.361,70.824,70.189,69.505,68.87,68.186,67.551,66.868,66.233,65.598,65.06,64.572,63.986,63.497,62.911,62.423,61.983,61.544,61.153,60.811,60.42,60.127,59.785,59.443,59.101,58.857,58.613,58.32,58.027,57.783,57.538,57.294,57.099,56.855,56.659,56.415,56.22,56.122,55.926,55.731,55.536,55.34,55.243,55.047,54.901,54.754,54.608,54.51,54.363,54.217,54.119,53.924,53.777,53.631,53.435,53.24,53.045,52.849,52.752,52.605,52.752,53.338,54.998,103.74,101.74,99.544,97.053,94.318,91.29,88.115,84.842,81.814,79.127,76.881,75.122,73.852,72.973,72.436,72.192,72.094,72.24,72.485,72.68,72.875,73.071,73.12,73.071,72.924,72.729,72.436,72.045,71.605,71.117,70.531,69.994,69.359,68.724,68.186,67.503,66.868,66.233,65.598,65.012,64.474,63.937,63.497,63.009,62.569,62.13,61.69,61.299,60.909,60.567,60.225,59.932,59.59,59.346,59.053,58.808,58.564,58.32,58.027,57.88,57.587,57.441,57.245,57.001,56.806,56.61,56.415,56.22,56.073,55.78,55.682,55.487,55.34,55.243,55.096,54.998,54.852,54.754,54.559,54.412,54.217,54.119,53.924,53.777,53.68,53.631,53.924,55.047,57.734,62.618,69.603,77.858,86.405,94.611,101.99,108.39,113.76,118.01,121.18,123.38,124.6,125.14,125.04,124.5,123.67,122.6,121.43,120.16,118.89,117.62,116.25,114.88,113.42,111.95,110.24,108.43,106.43,104.18,101.6,98.763,95.686,92.364,88.994,85.673,82.547,79.86,77.76,76.05,74.878,74.097,73.755,73.657,73.755,73.852,74.048,74.243,74.341,74.438,74.341,74.243,73.999,73.608,73.168,72.68,72.192,71.557,70.922,70.287,69.603,68.919,68.235,67.6,66.916,66.379,65.744,65.158,64.621,64.035,63.546,63.058,62.569,62.179,61.739,61.348,61.006,60.616,60.322,59.981,59.687,59.346,59.101,58.857,58.613,58.369,58.124,57.88,57.685,57.441,57.245,57.05,56.855,56.659,56.464,56.22,56.073,55.878,55.682,55.487,55.34,55.194,55.047,54.901,54.803,54.657,54.51,54.363,54.168,53.973,53.777,53.631,53.484,53.289,53.24,53.338,53.973,55.731,59.346,65.158,72.729,81.13,89.434,97.053,103.84,109.61,114.3,118.01,120.6,122.31,123.14,123.23,122.79,122.01,120.94,119.67,118.3,116.88,115.42,114,112.54,111.07,109.51,107.75,105.85,103.79,101.5,98.909,96.076,92.95,89.629,86.259,82.986,80.007,77.418,75.415,73.999,72.973,72.387,72.094,72.094,72.289,72.533,72.875,73.12,73.315,73.364,73.364,73.217,72.973,72.68,72.192,71.654,71.117,70.482,69.798,69.114,68.479,67.796,67.112,66.477,65.842,65.256,64.67,64.181,63.693,63.155,62.667,62.227,61.788,61.446,61.006,60.616,60.322,59.932,59.59,59.297,59.004,58.759,58.466,58.222,57.978,57.734,57.49,57.245,57.05,56.855,56.659,56.464,56.317,56.122,55.926,55.731,55.536,55.438,55.292,55.096,54.998,54.803,54.657,54.51,54.363,54.217,54.07,53.875,53.68,53.484,53.289,53.094,53.045,53.24,53.777,55.438,58.662,64.035,71.166,79.127,87.138,94.611,101.3,107.07,111.8,115.47,118.2,119.91,120.89,121.04,120.69,119.86,118.74,117.47,116.05,114.54,112.98,111.36,109.75,108.04,106.28,104.43,102.43,100.13,97.591,94.806,91.729,88.506,85.184,82.058,79.225,76.978,75.22,73.999,73.12,72.631,72.436,72.436,72.533,72.778,72.973,73.217,73.364,73.413,73.413,73.315,73.12,72.778,72.436,71.996,71.41,70.873,70.238,69.652,69.066,68.431,67.796,67.161,66.526,65.94,65.353,64.816,64.23,63.693,63.155,62.716,62.276,61.885,61.495,61.055,60.713,60.371,60.029,59.687,59.346,59.101,58.857,58.613,58.369,58.124,57.88,57.685,57.49,57.294,57.099,56.903,56.659,56.464,56.317,56.122,55.975,55.78,55.682,55.487,55.34,55.243,55.096,54.998,54.852,54.657,54.559,54.412,54.315,54.168,53.973,53.777,53.631,53.533,53.68,54.412,56.464,60.469,66.819,74.78,83.475,91.925,99.74,106.63,112.44,117.18,120.89,123.43,125.04,125.87,125.92,125.58,124.75,123.67,122.5,121.18,119.91,115.42,119.91,123.18,125.43,126.75,127.29,127.24,126.8,126.12,125.24,124.26,123.04,121.67,120.25,118.59,116.93,115.17,113.37,111.51,109.51,107.36,105.06,102.47,99.691,96.662,93.488,90.117,86.747,83.572,80.593,78.102,76.197,74.683,73.608,72.924,72.533,72.485,72.533,72.68,72.875,73.071,73.168,73.217,73.168,73.071,72.875,72.533,72.094,71.605,71.117,70.482,69.847,69.261,68.626,67.942,67.307,66.623,65.988,65.353,64.816,64.23,63.742,63.155,62.716,62.227,61.885,61.446,61.006,60.616,60.225,59.932,59.59,59.297,59.053,58.759,58.418,58.173,57.929,57.734,57.49,57.245,57.001,56.659,56.415,56.171,55.926,55.682,55.438,55.194,54.901,54.754,54.51,54.315,54.07,53.875,53.68,53.533,53.338,53.191,52.947,52.8,52.605,52.41,52.214,52.068,51.872,51.677,51.531,51.531,51.872,52.996,55.633,60.322,66.965,74.78,82.84,90.41,97.297,103.16,108.04,111.95,114.73,116.69,117.67,118.01,117.67,116.93,115.86,114.49,112.93,111.36,109.8,108.19,106.48,104.87,103.16,101.35,99.495,97.346,95.051,92.413,89.629,86.552,83.377,80.153,77.223,74.731,72.68,71.117,70.042,69.359,68.968,68.919,69.066,69.31,69.603,69.945,70.189,70.433,70.482,70.482,70.384,70.189,69.847,69.407,68.968,68.479,67.942,67.307,66.672,66.135,65.5,64.914,64.279,63.742,63.155,62.618,62.13,61.592,61.104,60.616,60.225,59.785,59.443,59.053,58.759,58.369,58.027,57.783,57.49,57.245,57.001,56.806,56.561,56.366,56.171,56.073,55.878,55.731,55.536,55.438,55.292,55.194,55.047,54.901,54.852,54.754,54.608,54.559,54.412,54.363,54.315,54.217,54.217,54.168,54.119,54.119,53.973,53.924,53.777,53.68,53.631,53.484,53.338,53.289,53.289,53.631,54.559,56.806,60.909,66.916,74.243,82.058,89.531,96.467,102.43,107.41,111.36,114.25,116.25,117.42,117.81,117.62,116.93,115.86,114.49,112.93,111.32,109.56,107.75,105.99,104.18,102.38,100.42,98.372,96.125,93.683,91.045,88.164,85.233,82.156,79.225,76.539,74.243,72.436,71.117,70.189,69.554,69.261,69.163,69.31,69.505,69.652,69.945,70.091,70.238,70.238,70.189,69.994,69.749,69.407,69.066,68.528,68.04,67.503,66.916,66.379,65.744,65.158,64.572,63.937,63.302,62.716,62.13,61.544,61.055,60.567,60.127,59.687,59.248,58.857,58.418,58.027,57.685,57.343,57.001,56.659,56.366,56.073,55.78,55.536,55.292,55.047,54.852,54.657,54.412,54.217,54.119,53.924,53.729,53.631,53.435,53.24,53.094,52.947,52.849,52.752,52.654,52.556,52.507,52.41,52.361,52.312,52.166,52.117,51.97,51.872,51.726,51.628,51.482,51.433,51.628,52.214,53.875,57.245,62.814,70.238,78.59,86.845,94.611,101.45,107.26,111.95,115.61,118.3,120.06,120.99,121.18,120.89,120.06,118.98,117.67,116.25,114.73,113.17,111.61,110.09,108.63,107.07,105.5,103.7,101.74,99.544,97.102,94.416,91.534,88.408,85.233,82.156,79.323,76.881,74.878,73.364,72.24,71.557,71.166,71.068,71.117,71.312,71.508,71.752,71.947,72.045,72.045,71.996,71.801,71.557,71.215,70.824,70.287,69.749,69.163,68.626,67.991,67.356,66.721,66.037,65.402,64.865,64.23,63.742,63.155,62.667,62.179,61.739,61.299,60.86,60.42,60.029,59.687,59.346,59.053,58.759,58.418,58.124,57.783,57.538,57.294,57.05,56.855,56.659,56.415,56.22,56.073,55.878,55.682,55.536,55.34,55.194,54.998,54.803,54.657,54.51,54.412,54.315,54.168,54.07,53.875,53.729,53.533,53.435,53.289,53.094,52.996,52.849,52.8,53.045,53.973,56.366,60.811,67.405,75.464,84.061,92.169,99.544,105.99,111.36,115.61,118.79,120.99,122.26,122.7,122.55,122.01,121.13,120.01,118.74,117.47,116.2,114.78,113.51,112.05,110.53,108.97,107.26,105.36,103.31,101.06,98.567,95.734,92.755,89.482,86.161,82.937,79.86,77.174,75.073,73.364,72.192,71.361,70.922,70.726,70.824,70.97,71.166,71.41,71.557,71.654,71.752,71.654,71.508,71.166,70.824,70.287,69.798,69.261,68.626,67.991,67.405,66.819,66.184,65.5,64.865,64.279,63.693,63.107,62.618,62.13,61.69,61.251,60.811,60.371,59.981,59.59,59.297,59.004,58.662,58.418,58.124,57.783,57.538,57.294,57.05,56.855,56.61,56.366,56.171,55.926,55.682,55.487,55.292,55.194,54.998,54.803,54.608,54.412,54.217,54.07,53.875,53.68,53.533,53.435,53.289,53.191,53.045,52.947,52.8,52.605,52.507,52.312,52.166,52.068,51.872,51.775,51.921,52.41,53.875,57.001,62.227,69.359,77.418,85.624,93.243,100.18,106.14,110.97,114.88,117.76,119.62,120.69,120.99,120.79,120.11,119.13,117.86,116.44,114.93,113.37,111.76,110.09,108.48,106.87,105.06,103.16,101.06,98.763,96.125,93.292,90.313,87.138,83.865,80.788,78.102,75.904,74.243,72.973,72.094,71.557,71.312,71.312,71.41,71.605,71.85,72.045,72.192,72.24,72.24,72.192,71.996,71.752,71.361,70.922,70.433,69.847,69.31,68.724,68.186,67.503,66.868,66.233,65.695,65.06,64.474,63.937,63.448,62.911,62.423,61.934,61.495,61.104,60.713,60.371,59.981,59.59,59.297,59.004,58.662,58.369,58.124,57.88,57.587,57.343,57.099,56.855,56.659,56.464,56.317,56.122,55.926,55.731,55.536,55.34,55.194,54.998,54.852,54.657,54.559,54.412,54.315,54.168,54.07,53.924,53.777,53.68,53.533,53.338,53.24,53.045,52.849,52.8,52.996,53.68,55.536,59.346,65.402,73.315,81.863,90.215,97.932,104.72,110.49,115.22,118.94,121.57,123.18,124.02,124.11,123.82,123.14,122.16,121.04,119.81,118.54,117.23,115.91,114.64,113.22,111.8,110.24,108.48,106.63,104.58,102.23,99.74,96.858,93.781,90.557,87.187,83.914,80.984,78.444,76.441,74.878,73.755,72.973,72.631,72.485,72.485,72.68,72.875,73.071,73.12,73.168,73.12,72.973,72.729,72.387,71.947,71.508,70.97,70.433,69.798,69.163,68.528,67.942,67.307,66.672,66.037,65.402,64.865,64.279,63.79,63.253,62.716,62.227,61.788,61.348,60.909,60.469,60.176,59.785,59.492,59.248,59.004,58.662,58.369,58.027,57.783,57.587,57.441,57.196,56.903,56.757,56.561,56.366,56.171,55.975,55.78,55.536,55.34,55.194,55.047,54.852,54.754,54.559,54.51,54.363,54.217,54.07,53.924,53.729,53.533,53.338,53.191,52.947,52.752,52.507,52.361,52.507,53.094,55.047,58.857,64.816,72.436,80.69,88.799,96.223,102.87,108.48,113.07,116.69,119.23,120.94,121.72,121.82,121.38,120.6,119.57,118.3,116.88,115.42,113.9,112.44,110.88,109.26,107.55,105.75,103.79,101.69,99.3,96.662,93.781,90.655,87.431,84.11,80.935,78.102,75.757,73.901,72.631,71.752,71.215,70.97,71.068,71.215,71.41,71.752,71.996,72.192,72.289,72.289,72.192,71.996,71.654,71.312,70.824,70.287,69.749,69.114,68.479,67.844,67.161,66.526,65.94,65.305,64.67,64.132,63.497,63.009,62.423,61.934,61.495,61.006,60.567,60.176,59.785,59.492,59.101,58.808,58.564,58.32,58.027,57.783,57.538,57.343,57.099,56.903,56.757,56.561,56.415,56.22,56.073,55.878,55.731,55.536,55.438,55.292,55.243,55.096,54.998,54.852,54.754,54.608,54.559,54.51,54.363,54.315,54.217,54.168,54.119,53.973,53.924,53.875,53.729,53.631,53.484,53.484,53.533,53.924,55.047,57.441,61.788,68.04,75.611,83.621,91.387,98.421,104.58,109.66,113.81,116.93,118.98,120.25,120.69,120.45,119.77,118.59,117.23,115.76,114.1,112.49,110.73,108.97,107.26,105.5,103.6,101.69,99.544,97.249,94.66,91.876,88.799,85.673,82.595,79.811,77.369,75.366,73.852,72.778,72.094,71.752,71.605,71.654,71.85,72.045,72.24,72.436,72.533,72.533,72.485,72.289,72.045,71.752,71.312,70.873,70.384,69.798,69.163,68.626,67.991,67.405,66.868,66.233,65.695,65.109,64.474,63.986,63.448,62.911,62.423,115.91,117.32,117.86,117.81,117.23,116.25,114.93,113.42,111.85,110.19,108.48,106.72,105.06,103.31,101.5,99.593,97.493,95.197,92.608,89.824,86.796,83.719,80.739,78.004,75.66,73.852,72.485,71.508,70.873,70.629,70.629,70.726,70.922,71.166,71.361,71.557,71.654,71.752,71.654,71.557,71.312,70.97,70.629,70.189,69.652,69.114,68.528,67.991,67.356,66.819,66.184,65.598,65.06,64.474,63.937,63.351,62.862,62.374,61.885,61.446,61.006,60.616,60.225,59.883,59.541,59.15,58.857,58.564,58.32,58.027,57.734,57.49,57.245,57.001,56.806,56.61,56.415,56.22,56.073,55.878,55.682,55.536,55.34,55.243,55.096,54.998,54.852,54.754,54.608,54.51,54.363,54.217,54.119,53.973,53.777,53.68,53.484,53.338,53.191,53.045,53.045,53.338,54.51,57.099,61.885,68.724,76.929,102.28,99.789,97.053,93.976,90.801,87.48,84.305,81.277,78.786,76.734,75.171,74.048,73.315,72.924,72.778,72.875,72.973,73.168,73.364,73.51,73.608,73.559,73.413,73.168,72.875,72.436,71.996,71.41,70.873,70.238,69.603,68.968,68.284,67.698,66.965,66.379,65.744,65.158,64.621,64.132,63.546,63.058,62.569,62.13,61.69,61.251,60.811,60.42,60.127,59.785,59.492,59.15,58.906,58.613,58.369,58.173,57.929,57.685,57.441,57.245,57.05,56.855,56.659,56.464,56.22,56.122,55.926,55.731,55.536,55.438,55.243,55.096,54.998,54.803,54.608,54.412,54.217,53.973,53.729,53.484,53.289,53.045,52.849,52.8,53.191,54.363,57.099,61.983,68.919,76.978,85.233,93.097,100.18,106.24,111.32,115.37,118.35,120.35,121.43,121.82,121.48,120.74,119.67,118.35,116.93,115.42,113.86,112.29,110.68,109.07,107.36,105.6,103.74,101.74,99.447,96.907,94.171,91.094,87.919,84.598,81.423,78.541,76.099,74.194,72.778,71.947,71.361,71.166,71.166,71.361,71.654,71.996,72.289,72.485,72.631,72.68,72.631,72.387,72.045,71.605,71.166,70.629,70.042,69.407,68.724,68.089,67.405,66.721,66.135,65.549,64.914,64.377,63.79,63.302,62.716,62.227,61.788,61.348,60.909,60.469,60.127,59.785,59.443,59.15,58.857,58.613,58.369,58.124,57.88,57.587,57.343,57.196,57.05,56.855,56.659,56.464,56.317,56.171,55.975,55.78,55.633,55.438,55.292,55.194,55.047,54.901,54.803,54.754,54.608,54.51,54.412,54.315,54.168,54.07,53.875,53.729,53.631,53.533,53.533,53.68,54.119,55.438,58.222,63.107,69.847,77.662,85.721,93.341,100.33,106.24,111.12,114.98,117.86,119.77,120.74,120.99,120.55,119.67,118.45,116.93,115.32,113.56,111.8,110.05,108.39,106.63,104.87,102.91,100.86,98.665,96.174,93.488,90.557,87.48,84.354,81.374,78.737,76.49,74.78,73.559,72.729,72.24,71.996,71.996,72.094,72.387,72.631,72.875,72.973,73.071,72.973,72.875,72.68,72.387,71.996,71.605,71.117,70.531,69.945,69.31,68.675,68.04,67.405,66.868,66.281,65.695,65.109,64.572,64.035,63.546,63.107,62.618,62.179,61.739,61.299,60.909,60.567,60.176,59.883,59.541,59.248,58.906,58.613,58.369,58.173,57.929,57.685,57.49,57.294,57.099,56.903,56.757,56.561,56.366,56.171,56.073,55.878,55.731,55.536,55.438,55.292,55.194,55.096,54.998,54.803,54.657,54.559,54.363,54.168,53.973,53.777,53.729,53.875,54.51,56.317,59.981,65.94,73.657,82.253,90.752,98.567,105.5,111.32,116.1,119.81,122.5,124.16,125.04,125.19,124.75,124.02,122.94,121.67,120.3,118.94,117.47,116.1,114.73,113.37,111.85,110.39,108.63,106.72,104.62,102.18,99.495,96.565,93.292,89.971,86.601,83.426,80.544,78.199,76.294,74.927,73.901,73.364,73.12,73.071,73.168,73.364,73.559,73.657,73.803,73.755,73.657,73.413,73.12,72.729,72.24,71.654,71.117,70.433,69.798,69.114,68.431,67.747,67.063,66.379,65.695,65.06,64.425,63.839,63.302,62.716,62.179,61.69,61.251,60.811,60.371,59.981,59.59,59.297,58.906,58.662,58.369,58.027,57.783,57.538,57.294,57.099,56.903,56.757,56.561,56.366,56.22,56.073,55.878,55.731,55.633,55.438,55.292,55.096,54.998,54.852,54.803,54.657,54.608,54.51,54.363,54.217,54.07,53.924,53.729,53.533,53.435,53.24,53.094,53.191,53.484,54.657,57.294,61.934,68.626,76.49,84.696,92.56,99.74,105.94,111.12,115.17,118.25,120.35,121.57,122.01,121.82,121.13,120.11,118.89,117.47,116,114.44,112.93,111.41,109.95,108.39,106.72,104.92,102.87,100.62,97.981,95.197,92.169,88.994,85.721,82.547,79.762,77.369,75.611,74.341,73.51,72.973,72.729,72.729,72.875,73.12,73.364,73.559,73.755,73.803,73.755,73.608,73.364,72.973,72.631,72.094,71.557,70.97,70.433,69.847,69.163,68.528,67.942,67.307,66.672,66.037,65.5,64.914,64.377,63.839,63.351,62.911,62.423,61.983,61.592,61.251,60.86,60.469,60.176,59.883,59.541,59.297,59.004,58.759,58.466,58.222,57.978,57.783,57.538,57.343,57.196,57.001,56.806,56.61,56.415,56.22,56.073,55.926,55.731,55.633,55.487,55.34,55.194,55.047,54.852,54.754,54.608,54.51,54.315,54.119,53.973,53.875,53.875,54.168,55.34,58.027,62.911,69.847,78.102,86.698,94.806,102.18,108.48,113.76,117.91,121.13,123.23,124.41,124.85,124.7,124.11,123.23,122.11,120.89,119.47,118.01,116.49,114.98,113.51,111.95,110.24,108.43,106.43,104.28,101.89,99.105,96.174,92.999,89.678,86.356,83.133,80.3,77.906,76.099,74.78,73.852,73.364,73.12,73.12,73.217,73.51,73.657,73.852,74.048,74.097,74.048,73.901,73.608,73.217,72.778,72.24,71.654,71.117,70.482,69.798,69.163,68.479,67.796,67.112,66.428,65.793,65.158,64.572,63.937,63.351,62.814,62.276,61.739,61.299,60.86,60.42,60.029,59.687,59.346,59.004,58.662,58.369,58.124,57.783,57.538,57.294,57.05,56.806,56.561,56.317,56.122,55.878,55.682,55.438,55.243,54.998,54.754,54.559,54.363,54.168,53.973,53.875,53.68,53.533,53.338,53.24,53.045,52.947,52.752,52.556,52.361,52.214,52.214,52.605,53.777,56.464,61.251,67.991,75.904,84.158,91.973,99.056,105.16,110.29,114.44,117.57,119.62,120.89,121.28,121.13,120.45,119.42,118.11,116.69,115.13,113.56,111.95,110.29,108.68,106.97,105.26,103.31,101.11,98.665,95.979,93.048,89.873,86.552,83.279,80.251,77.613,75.562,73.999,72.875,72.24,71.85,71.85,71.996,72.289,72.68,72.973,73.315,73.51,73.608,73.559,73.51,73.217,72.924,72.533,72.045,71.557,71.068,70.433,69.847,69.31,68.675,68.089,67.503,66.916,66.428,65.842,65.305,64.718,64.279,63.839,63.448,63.058,62.618,62.227,61.885,61.544,61.251,60.86,60.469,60.127,59.785,59.492,59.15,58.857,58.613,58.32,58.027,57.734,57.538,57.294,57.099,56.903,56.757,56.61,56.415,56.317,56.122,55.975,55.878,55.731,55.682,55.536,55.438,55.292,55.096,54.998,54.803,54.608,54.412,54.217,54.168,54.217,54.754,56.171,59.297,64.572,71.801,80.007,88.31,96.125,103.06,108.92,113.81,117.62,120.35,122.11,122.94,122.99,122.55,121.67,120.6,119.33,117.91,116.49,115.08,113.51,112,110.39,108.73,106.92,105.01,102.87,100.42,97.786,94.855,91.68,88.359,85.038,81.912,79.225,76.978,75.318,74.097,73.217,72.778,72.631,72.68,72.875,73.168,73.413,73.608,73.803,73.803,73.755,73.608,73.364,72.973,72.533,72.045,71.557,70.922,70.287,69.652,69.066,68.431,67.747,67.112,66.477,65.842,65.305,64.816,64.23,63.742,63.253,62.716,62.276,61.788,61.299,60.86,60.469,60.176,59.883,59.59,59.443,59.443,59.736,60.713,62.911,66.819,72.387,79.03,86.308,93.488,100.13,105.85,110.68,114.54,117.42,119.33,120.25,120.35,119.91,118.94,117.67,116.1,114.34,112.54,110.73,108.82,106.87,104.87,102.67,100.37,97.884,95.051,91.973,88.75,85.428,82.058,78.932,76.197,73.852,72.094,57.245,57.05,56.855,56.659,56.464,56.317,56.22,56.415,57.294,59.443,63.595,69.945,77.809,86.308,94.562,102.13,108.73,114.34,118.89,122.45,124.85,126.51,127.24,127.43,127.14,126.51,125.63,124.55,123.43,122.16,120.79,119.42,117.91,116.3,114.44,112.39,110,107.31,104.28,100.91,97.297,93.488,89.678,86.063,82.791,80.153,78.053,76.49,75.464,74.878,74.634,74.634,74.731,74.976,75.171,75.366,75.415,75.415,75.22,74.976,74.634,74.097,73.559,72.924,72.24,71.508,70.726,69.994,69.31,68.528,67.844,67.161,66.526,65.94,65.305,64.718,64.181,63.693,63.155,62.716,62.227,61.885,61.495,61.104,60.811,60.469,60.225,59.932,59.687,59.443,59.248,59.053,58.857,58.662,58.466,58.369,58.222,58.124,57.978,57.88,57.734,57.587,57.441,57.245,57.099,56.903,56.757,56.61,56.561,56.757,57.538,59.492,63.253,69.066,76.441,84.598,92.657,100.33,106.97,112.73,117.42,120.99,123.62,125.24,126.16,126.41,126.26,125.63,124.7,123.48,122.26,120.89,119.42,117.91,116.35,114.64,112.68,110.53,108.19,105.5,102.38,99.007,95.295,91.534,87.919,84.598,81.863,79.665,78.102,76.978,76.246,75.855,75.757,75.757,75.855,76.001,76.099,76.197,76.197,76.05,75.855,75.562,75.122,74.683,74.097,73.51,72.875,72.094,71.41,70.726,70.042,69.359,68.675,67.991,67.307,66.672,66.037,65.402,64.865,64.377,63.79,63.351,62.911,62.472,62.032,61.69,61.299,60.909,60.616,60.322,60.029,59.785,59.541,59.248,59.053,58.808,58.613,58.418,58.222,58.027,57.929,57.783,57.685,57.538,57.343,57.196,57.001,56.806,56.659,56.61,56.757,57.538,59.687,63.742,70.091,78.102,86.845,95.49,103.35,110.39,116.3,121.18,124.94,127.63,129.29,130.17,130.41,130.17,129.63,128.8,127.87,126.8,125.68,124.41,123.04,121.67,120.16,118.5,116.64,114.54,112.1,109.31,106.19,102.72,99.056,95.246,91.436,87.871,84.745,82.058,80.055,78.492,77.467,76.929,76.636,76.636,76.685,76.783,76.929,77.027,77.027,76.929,76.734,76.343,76.001,75.464,74.927,74.292,73.608,72.875,72.192,71.508,70.726,70.042,69.359,68.675,67.942,67.307,66.672,66.037,65.5,64.914,64.425,63.937,63.448,63.009,62.472,62.032,61.592,61.251,60.86,60.469,60.127,59.785,59.443,59.101,58.808,58.564,58.32,58.027,57.783,57.587,57.441,57.245,57.05,56.855,56.659,56.464,56.317,56.073,55.878,55.682,55.536,55.633,56.122,57.734,61.104,66.672,74.097,82.547,91.045,99.056,106.24,112.49,117.67,121.82,124.85,126.85,128.07,128.51,128.36,127.83,126.95,125.87,124.6,123.28,121.87,120.35,118.79,117.18,115.42,113.42,111.17,108.63,105.7,102.38,98.763,95.002,91.094,87.48,84.256,81.57,79.469,77.906,76.881,76.197,75.855,75.855,76.001,76.246,76.49,76.685,76.783,76.783,76.685,76.49,76.197,75.806,75.318,74.78,74.194,73.51,72.778,72.094,71.41,70.824,70.091,69.407,68.724,68.089,67.405,66.868,66.281,65.744,65.158,64.67,64.23,63.79,63.351,63.009,62.618,62.276,61.983,61.69,61.348,61.104,60.86,60.567,60.371,60.127,59.932,59.736,59.541,59.346,59.248,59.101,58.906,58.808,58.613,58.418,58.222,57.978,57.783,57.538,57.343,57.245,57.294,57.929,59.736,63.448,69.261,76.881,85.282,93.781,101.69,108.82,114.88,119.86,123.82,126.6,128.51,129.44,129.73,129.49,128.8,127.73,126.51,125.19,123.72,122.26,120.74,119.18,117.42,115.61,113.51,111.12,108.43,105.36,101.94,98.323,94.416,90.606,86.991,83.816,81.228,79.225,77.76,76.783,76.246,76.05,76.05,76.197,76.343,76.539,76.734,76.783,76.783,76.685,76.49,76.197,75.757,75.22,74.683,74.048,73.364,72.631,71.947,71.117,70.384,69.603,68.919,68.235,67.551,66.916,66.281,65.695,65.109,64.621,64.035,63.595,63.107,62.716,62.276,61.983,61.69,61.299,61.006,60.664,60.42,60.176,59.932,59.687,59.443,59.15,59.004,58.759,58.613,58.418,58.32,58.124,57.978,57.783,57.685,57.49,57.294,57.196,57.001,56.806,56.61,56.61,57.001,58.173,61.006,65.988,73.12,81.667,90.606,99.154,106.97,113.81,119.57,124.11,127.48,129.83,131.2,131.78,131.73,131.24,130.36,129.24,127.97,126.6,125.24,123.72,122.26,120.55,118.79,116.88,114.69,112.19,109.41,106.28,102.82,99.056,95.197,91.29,87.626,84.354,81.667,79.567,78.004,76.881,76.246,75.904,75.904,76.05,76.246,76.441,76.636,76.734,76.734,76.539,76.294,76.001,75.464,74.927,74.341,73.657,72.924,72.24,71.508,70.726,69.945,69.261,68.528,67.844,67.161,66.526,65.94,65.353,64.816,64.279,63.79,63.351,63.009,62.618,62.276,61.983,61.69,61.446,61.153,60.909,60.664,60.469,60.225,60.029,59.883,59.59,59.443,59.297,59.101,59.004,58.857,58.662,58.564,58.418,58.32,58.173,58.027,57.88,57.685,57.49,57.294,57.196,57.196,57.343,58.222,60.42,64.572,70.824,78.688,87.382,95.881,103.79,110.88,116.88,121.82,125.63,128.36,130.07,130.95,131.1,130.76,129.93,128.85,127.53,126.07,124.5,122.84,121.18,119.42,117.57,115.57,113.37,110.97,108.19,105.06,101.6,97.884,93.976,90.166,86.698,83.67,81.228,79.469,78.199,77.369,76.929,76.734,76.734,76.881,77.027,77.223,77.369,77.418,77.369,77.223,76.929,76.636,76.197,75.611,75.073,74.438,73.755,72.973,72.289,71.557,70.873,70.091,69.407,68.724,68.04,67.405,66.819,66.233,65.695,65.158,64.67,64.181,63.742,63.351,63.009,62.569,62.227,61.885,61.544,61.251,60.909,60.616,60.371,60.127,59.932,59.687,59.492,59.248,59.053,58.906,58.759,58.613,58.466,58.32,58.173,57.978,57.783,57.587,57.49,57.294,57.099,57.05,57.245,58.173,60.42,64.816,71.41,79.811,88.945,97.884,106.19,113.51,119.81,124.94,128.95,131.68,133.44,134.32,134.42,134.08,133.25,132.17,130.95,129.68,128.31,126.95,125.48,123.92,122.31,120.5,118.45,116.1,113.51,110.53,107.36,103.79,99.984,95.979,91.973,88.31,84.989,82.253,80.104,78.541,77.564,76.978,76.685,76.685,76.783,77.027,77.223,77.369,77.418,77.369,77.223,76.929,76.539,76.001,75.415,74.78,74.097,73.364,72.631,71.85,71.068,70.287,69.554,68.821,68.186,67.503,66.868,66.184,65.549,65.012,64.474,63.986,63.497,63.058,62.667,62.276,61.983,61.69,61.348,61.104,60.811,60.567,60.322,60.029,59.883,59.687,59.492,59.297,59.15,59.004,58.857,58.759,58.662,58.564,58.466,58.369,58.32,58.222,58.124,57.929,57.783,57.587,57.441,57.294,57.294,57.587,58.613,60.909,65.305,71.85,80.007,88.799,97.493,105.55,112.73,118.79,123.67,127.43,130.12,131.68,132.51,132.56,132.07,131.2,129.97,128.61,127.14,125.48,123.87,122.16,120.5,118.69,116.74,114.64,112.19,109.41,106.38,102.91,99.154,95.246,91.387,87.822,84.598,82.107,80.153,78.786,77.906,77.418,77.223,77.32,77.467,77.662,77.906,78.053,78.102,78.102,78.004,77.76,77.369,76.881,76.294,75.66,74.976,74.243,73.559,72.778,72.045,71.312,70.531,69.847,69.163,68.479,67.796,67.161,66.526,65.988,65.5,65.012,64.474,64.035,63.595,63.253,62.862,62.472,62.13,61.788,61.495,61.251,61.006,60.713,60.469,60.225,59.981,59.785,59.541,59.346,59.15,59.004,58.857,58.759,58.613,58.418,58.32,58.124,57.978,57.783,57.587,57.441,57.245,57.099,57.196,57.783,59.59,63.351,69.407,77.418,86.503,95.686,104.38,112.19,118.89,124.41,128.75,131.88,133.93,135.01,135.35,135.05,134.37,133.34,132.12,130.8,129.39,127.97,126.56,124.99,123.38,121.62,119.77,117.62,115.32,112.63,109.61,106.24,102.57,98.616,94.611,90.801,87.284,84.354,82.009,80.153,78.981,78.248,77.858,77.809,77.906,78.199,78.444,78.59,78.737,78.737,78.59,78.346,78.053,77.613,77.027,76.441,75.66,71.41,70.824,70.091,69.407,68.724,68.04,67.405,66.819,66.184,65.598,65.06,64.572,64.035,63.595,63.155,62.716,62.374,61.934,61.544,61.251,60.909,60.616,60.322,59.981,59.736,59.492,59.248,59.004,58.759,58.466,58.32,58.027,57.783,57.538,57.294,57.099,56.855,56.61,56.366,56.122,55.926,55.682,55.487,55.243,55.047,54.803,54.608,54.412,54.315,54.119,53.973,53.777,53.68,53.533,53.338,53.24,53.045,52.849,52.752,52.556,52.41,52.214,52.166,52.214,52.849,54.608,58.173,63.839,71.41,79.86,88.359,96.467,103.84,110.39,115.91,120.45,123.82,126.26,127.68,128.36,128.36,127.92,127.14,126.12,124.94,123.67,122.26,120.79,119.33,117.81,116.25,114.54,112.73,110.73,108.53,106.04,103.26,100.13,96.809,93.243,89.678,86.259,83.133,80.495,78.444,76.783,75.66,74.927,74.634,74.487,74.536,74.731,74.927,75.171,75.318,75.366,75.366,75.22,74.976,74.634,74.243,73.755,73.168,72.631,71.996,71.361,70.726,70.091,69.407,68.821,68.186,67.551,66.965,66.379,65.842,65.353,64.914,64.425,63.986,63.595,63.253,62.862,62.569,62.276,62.032,61.788,61.544,61.299,61.055,60.811,60.616,60.42,60.225,60.029,59.883,59.687,59.492,59.297,59.101,58.906,58.759,58.564,58.418,58.222,58.027,57.88,57.685,57.538,57.343,57.196,57.001,56.855,56.659,56.561,56.366,56.171,55.975,55.78,55.536,55.34,55.096,54.852,54.657,54.412,54.217,54.217,54.657,56.073,59.101,64.377,71.508,79.86,88.506,96.76,104.28,110.92,116.54,121.13,124.55,126.95,128.41,129.09,129.19,128.7,127.73,126.6,125.24,123.87,122.45,120.94,119.37,117.81,116.2,114.49,112.68,110.73,108.63,106.19,103.5,100.47,97.249,93.781,90.215,86.796,83.719,81.13,78.981,77.418,76.294,75.611,75.171,75.073,75.073,75.171,75.366,75.464,75.611,75.66,75.611,75.415,75.22,74.878,74.438,73.999,73.413,72.875,72.192,71.557,70.873,70.238,69.603,68.968,68.382,67.698,67.063,66.428,65.793,65.256,64.718,64.23,63.742,63.253,62.814,62.423,62.032,61.69,61.348,61.006,60.664,60.371,60.029,59.785,59.541,59.297,59.004,58.808,58.564,58.369,58.124,57.88,57.685,57.49,57.294,57.099,56.903,56.757,56.561,56.415,56.22,56.073,55.878,55.731,55.536,55.34,55.243,55.047,54.852,54.754,54.608,54.559,54.363,54.217,54.07,53.924,53.777,53.68,53.484,53.338,53.24,53.24,53.631,54.901,57.88,62.911,69.994,78.297,86.991,95.441,103.11,109.95,115.81,120.55,124.26,126.95,128.61,129.49,129.68,129.24,128.51,127.43,126.16,124.8,123.28,121.87,120.35,118.89,117.37,115.76,114.05,112.24,110.24,107.99,105.41,102.62,99.447,95.979,92.413,88.799,85.379,82.253,79.665,77.662,76.197,75.171,74.536,74.243,74.243,74.341,74.536,74.731,74.927,75.073,75.122,75.073,74.927,74.683,74.292,73.803,73.217,72.631,71.996,71.361,70.677,70.042,69.359,68.724,68.089,67.503,66.916,66.379,65.793,65.305,64.816,64.279,63.79,63.351,62.911,62.569,62.179,61.788,61.495,61.153,60.909,60.616,60.322,60.029,59.736,59.492,59.248,59.053,58.857,58.613,58.418,58.222,58.027,57.88,57.685,57.538,57.343,57.245,57.05,56.903,56.757,56.61,56.415,56.317,56.171,56.073,55.975,55.878,55.731,55.682,55.536,55.487,55.438,55.292,55.194,55.047,54.852,54.754,54.657,54.657,55.047,56.22,58.857,63.497,70.042,78.004,86.405,94.66,102.38,109.26,115.13,120.01,123.72,126.36,127.97,128.8,128.85,128.36,127.43,126.16,124.75,123.23,121.67,120.11,118.59,117.13,115.57,113.9,112.19,110.24,108.19,105.8,103.16,100.23,97.004,93.536,90.069,86.601,83.475,80.788,78.688,77.027,75.904,75.22,74.78,74.683,74.731,74.927,75.171,75.366,75.464,75.562,75.464,75.366,75.122,74.78,74.341,73.852,73.315,72.729,72.045,71.41,70.824,70.091,69.505,68.821,68.089,67.503,66.868,66.281,65.695,65.158,64.621,64.181,63.693,63.253,62.862,62.423,61.983,61.592,61.299,60.909,60.616,60.322,59.981,59.736,59.492,59.248,59.004,58.808,58.564,58.32,58.124,57.929,57.734,57.49,57.294,57.099,56.903,56.757,56.561,56.415,56.22,56.073,55.878,55.731,55.633,55.487,55.34,55.194,55.047,54.901,54.803,54.608,54.51,54.315,54.168,53.973,53.875,53.973,54.657,56.561,60.371,66.379,74.097,82.84,91.632,99.935,107.51,114.05,119.57,123.92,127.19,129.44,130.76,131.29,131.2,130.61,129.68,128.51,127.24,125.92,124.55,123.23,121.87,120.45,118.94,117.37,115.66,113.81,111.76,109.41,106.87,103.94,100.67,97.2,93.536,89.922,86.503,83.426,80.886,78.786,77.32,76.294,75.66,75.415,75.366,75.464,75.66,75.904,76.05,76.197,76.197,76.099,75.904,75.611,75.171,74.683,74.097,73.413,72.729,72.094,71.41,70.726,70.042,69.359,68.675,67.991,67.356,66.819,66.184,65.598,65.109,64.572,64.035,63.546,63.107,62.716,62.374,61.983,61.592,61.299,60.909,60.616,60.322,60.029,59.736,59.541,59.297,59.053,58.808,58.564,58.32,58.124,57.929,57.685,57.49,57.294,57.099,56.855,56.659,56.464,56.317,56.171,55.975,55.78,55.633,55.487,55.292,55.194,54.998,54.852,54.754,54.608,54.51,54.315,54.168,54.07,53.875,53.68,53.533,53.68,54.315,56.073,59.59,65.353,72.875,81.374,90.069,98.323,105.8,112.39,117.86,122.31,125.63,127.87,129.24,129.83,129.68,129.05,128.12,126.99,125.68,124.26,122.75,121.18,119.62,118.01,116.35,114.69,112.88,110.88,108.68,106.28,103.55,100.47,97.2,93.634,89.971,86.503,83.279,80.593,78.492,76.881,75.757,74.976,74.683,74.536,74.634,74.878,75.122,75.366,75.562,75.66,75.66,75.464,75.171,74.78,74.341,73.803,73.217,72.533,71.947,71.215,70.531,69.847,69.261,68.528,67.942,67.307,66.672,66.135,65.549,65.012,64.474,64.035,63.546,63.107,62.667,62.276,61.934,61.592,61.299,61.055,60.713,60.42,60.176,59.981,59.736,59.492,59.248,59.004,58.808,58.613,58.418,58.32,58.124,57.929,57.783,57.587,57.49,57.343,57.245,57.05,56.903,56.757,56.61,56.464,56.366,56.317,56.171,56.122,55.975,55.926,55.78,55.731,55.633,55.487,55.34,55.243,55.047,54.901,54.803,54.803,55.194,56.317,59.004,63.693,70.433,78.492,86.991,95.295,102.91,109.8,115.61,120.45,124.11,126.75,128.41,129.24,129.39,128.85,127.97,126.85,125.48,124.02,122.5,120.94,119.37,117.86,116.3,114.64,112.93,110.97,108.92,106.63,103.99,101.06,97.884,94.416,90.948,87.48,84.403,81.716,79.616,78.004,76.783,76.05,75.66,75.562,75.562,75.66,75.855,76.001,76.099,76.099,76.05,75.855,75.611,75.22,74.78,74.243,73.657,73.12,72.436,71.752,71.117,70.433,69.749,69.066,68.382,67.698,66.965,66.428,65.793,65.256,64.718,64.23,63.742,63.302,62.862,62.423,62.13,61.739,61.446,61.055,60.811,60.469,60.176,59.932,59.59,59.346,59.15,58.906,58.759,58.564,58.32,58.124,57.88,57.685,57.49,57.245,57.05,56.855,56.659,56.561,56.366,56.171,55.975,55.78,55.633,55.438,55.243,55.047,54.852,54.754,54.559,54.412,54.315,54.168,54.07,53.875,53.729,53.631,53.484,53.338,53.24,53.045,52.947,53.045,53.68,55.487,59.101,65.06,72.778,81.472,90.313,98.763,106.38,113.07,118.74,123.23,126.7,129,130.36,130.85,130.76,130.07,129.05,127.92,126.6,125.29,124.02,122.6,121.28,119.86,118.45,116.88,115.22,113.42,111.41,109.12,106.48,103.7,100.47,97.053,93.439,89.727,86.308,83.182,80.593,78.541,76.978,75.904,75.318,75.073,74.976,75.122,75.318,75.464,75.66,75.806,75.806,75.66,75.464,75.122,74.683,74.194,73.559,72.924,72.289,71.557,70.873,70.189,69.407,68.821,68.089,67.503,66.868,66.233,65.695,65.158,64.67,64.181,63.742,63.302,62.911,62.569,62.227,61.934,61.592,61.299,61.055,60.811,60.567,60.225,59.981,59.736,59.541,59.346,59.101,58.906,58.662,58.418,58.32,58.124,57.978,57.783,57.587,57.49,57.294,57.099,57.001,56.855,56.659,56.561,56.415,56.22,56.122,56.073,55.926,55.878,55.78,55.682,55.633,55.487,55.34,55.292,55.194,54.998,54.803,54.657,54.608,54.803,55.487,57.294,61.006,66.868,74.438,82.84,91.436,99.544,106.87,113.22,118.54,122.79,125.92,128.12,129.29,129.73,129.53,128.85,127.83,126.56,125.19,123.82,122.31,120.74,119.23,117.67,116.2,114.54,112.78,110.92,108.73,106.38,103.6,100.62,97.297,93.878,90.313,86.943,83.865,81.228,79.127,77.564,76.441,75.66,75.366,75.22,75.22,75.366,75.562,75.757,75.855,75.904,75.855,75.66,75.415,75.073,74.634,74.097,73.51,72.875,72.24,71.605,70.922,70.238,69.554,68.87,68.186,67.551,66.916,66.281,65.744,65.256,64.67,64.181,63.693,63.155,62.716,62.374,61.934,61.592,61.251,60.909,60.616,60.322,59.981,59.687,59.443,59.15,58.906,58.759,58.466,58.32,58.124,57.929,57.685,57.49,57.294,57.05,56.855,56.61,56.415,56.22,56.073,55.926,55.731,55.536,55.438,55.243,55.047,54.901,54.803,54.657,54.559,54.412,54.315,54.119,53.924,53.777,53.631,53.484,53.338,53.289,53.435,54.168,56.171,60.176,66.379,74.292,83.133,91.973,100.33,107.8,114.3,119.81,124.11,127.29,129.39,130.51,130.85,130.66,129.97,129,127.83,126.51,125.19,123.82,122.45,121.04,119.67,118.25,116.74,115.08,113.32,111.32,108.97,106.43,103.5,100.33,96.809,93.097,89.482,85.966,82.84,80.251,78.199,76.636,75.611,74.976,74.731,74.683,74.78,74.976,75.171,75.366,75.464,75.464,75.415,75.22,74.878,74.487,73.901,73.364,72.729,72.045,71.361,70.677,69.945,69.261,68.528,67.844,67.161,66.477,65.842,65.305,64.718,64.23,63.742,63.253,62.716,62.374,61.983,61.592,61.299,61.006,60.664,60.371,60.127,59.883,59.59,59.346,59.15,58.906,58.662,58.564,58.369,58.124,57.929,57.734,57.538,57.343,57.245,57.05,56.855,56.659,56.561,56.366,56.171,55.975,55.78,55.682,55.487,55.34,55.243,55.096,55.047,54.901,54.852,54.754,54.608,54.559,54.412,54.315,54.168,54.07,53.924,53.875,53.924,54.217,55.292,57.734,62.227,68.87,76.929,85.575,94.123,102.04,109.12,115.22,120.3,124.26,127.14,128.85,129.83,129.97,129.53,128.7,127.43,125.97,124.5,122.84,121.28,119.77,118.2,116.64,115.08,113.42,111.66,109.75,107.6,105.16,102.43,99.349,95.979,92.511,89.043,85.819,82.937,80.544,78.59,77.174,76.197,75.611,75.318,75.22,75.318,75.415,75.611,75.757,75.855,75.806,75.757,75.464,75.171,74.78,74.292,73.803,73.168,72.533,71.85,71.166,70.531,69.847,69.163,68.479,67.844,67.258,66.526,65.94,65.353,64.816,64.279,63.79,63.351,62.911,62.472,62.13,61.739,61.348,61.055,60.664,60.371,60.029,59.736,59.492,59.248,59.004,58.808,58.564,58.32,58.124,57.88,57.587,57.441,57.245,57.05,56.855,56.659,56.464,56.317,56.122,55.926,55.78,55.682,55.487,55.292,55.194,55.047,54.852,54.754,54.608,54.51,54.363,54.168,54.07,53.875,53.631,53.484,53.484,53.924,55.243,58.222,63.448,70.629,79.127,87.968,96.565,104.43,111.41,117.32,122.11,125.82,128.36,129.97,130.66,130.8,130.36,129.53,128.51,127.39,126.12,124.85,123.58,122.16,120.74,119.23,117.67,116,114.2,112.19,110,107.51,104.67,101.55,98.177,94.66,91.045,87.48,84.305,81.472,79.225,77.467,76.246,75.415,74.976,74.78,74.78,74.976,75.171,75.366,75.415,75.464,75.415,75.22,74.927,74.536,74.048,73.51,72.924,72.24,71.557,70.824,70.091,69.407,68.675,67.991,67.307,66.623,65.988,65.353,64.718,64.181,63.595,63.107,62.618,62.179,61.739,61.299,60.909,60.616,60.225,59.932,59.687,59.346,59.101,58.857,58.613,58.418,58.222,58.027,57.783,57.538,57.343,57.245,57.05,56.855,56.659,56.561,56.415,56.22,56.073,55.878,55.731,55.633,55.487,55.292,55.194,54.998,54.852,54.754,54.608,54.51,54.363,54.217,54.119,53.973,53.924,53.777,53.729,53.631,53.484,53.435,53.289,53.191,53.045,52.996,53.191,53.875,55.78,59.687,65.695,73.51,82.156,90.948,99.105,106.63,113.07,118.5,122.79,125.97,128.17,129.39,129.83,129.63,128.85,127.73,126.41,125.04,123.58,122.11,120.6,119.13,117.47,115.91,114.25,112.49,110.53,108.43,106.14,103.5,100.57,97.297,93.878,90.313,86.845,83.719,81.13,78.981,77.418,76.294,75.562,75.122,74.976,74.976,75.122,75.318,75.415,75.562,75.562,75.562,75.366,75.122,74.78,74.292,73.803,73.168,72.533,71.947,71.312,70.629,69.945,69.261,68.528,67.844,67.258,66.623,65.988,65.402,64.865,64.279,63.839,63.351,62.911,62.472,62.032,61.69,61.299,61.006,60.616,60.322,59.981,59.687,59.443,59.15,58.857,58.613,58.369,58.173,57.929,57.734,57.49,57.294,57.05,56.855,56.659,56.464,56.317,56.122,55.975,55.78,55.633,55.487,55.292,55.096,54.901,54.754,54.559,54.412,54.217,54.119,53.973,53.875,53.729,53.631,53.484,53.289,53.094,52.947,52.752,52.556,52.41,52.507,53.191,55.096,58.906,65.06,72.924,81.618,90.362,98.616,106.04,112.49,117.91,122.31,125.48,127.68,128.85,129.29,129.09,128.51,127.53,126.51,125.24,123.92,122.55,121.18,119.77,118.35,116.98,115.47,113.9,112.19,110.24,107.99,105.41,102.62,99.447,96.076,92.413,88.75,85.233,82.107,79.469,77.418,75.904,74.878,74.292,74.048,74.048,74.194,74.341,74.634,74.78,74.878,74.878,74.78,74.536,74.243,73.803,73.315,72.68,72.045,71.41,70.824,70.189,69.505,68.821,68.089,67.405,66.819,66.233,65.695,65.109,64.621,64.132,63.595,63.155,62.814,62.423,62.032,61.739,61.495,61.153,60.909,60.664,60.42,60.176,59.932,59.736,59.541,59.346,59.15,59.004,58.808,58.613,58.418,58.222,58.124,57.929,57.734,57.587,57.441,57.245,57.099,56.903,56.757,56.61,56.415,56.317,56.122,55.975,55.78,55.633,55.487,55.438,55.292,55.194,54.998,54.852,54.754,54.559,54.363,54.168,53.973,53.924,54.07,54.803,56.659,60.567,66.623,74.341,82.791,91.29,99.3,106.43,112.68,117.86,122.06,125.04,127.04,128.17,128.61,128.36,127.73,126.75,125.48,124.16,122.75,121.28,119.86,118.35,116.93,115.42,113.81,112.05,110.09,108.04,105.75,103.11,100.18,97.004,93.634,90.069,86.698,83.475,80.886,78.688,76.978,75.806,75.073,74.683,74.536,74.536,74.731,74.878,75.073,75.171,75.22,75.171,74.976,74.731,74.341,73.901,73.413,72.875,72.24,71.605,70.922,70.287,69.603,68.968,68.284,67.6,66.916,66.281,65.744,65.158,64.67,64.181,63.693,63.155,62.716,62.276,61.934,61.495,61.153,60.811,60.469,60.225,59.932,59.59,59.346,59.053,58.808,58.466,58.222,57.929,57.685,57.441,57.196,56.903,56.659,56.366,56.122,55.926,55.682,55.487,55.243,55.047,54.803,54.559,54.363,54.168,53.973,53.777,53.631,53.435,53.24,53.045,52.849,52.654,52.507,52.361,52.214,52.068,51.921,51.775,51.628,51.482,51.384,51.237,51.091,50.993,50.944,51.189,52.117,54.559,59.101,65.842,74.097,82.791,91.387,99.349,106.53,112.68,117.81,121.87,124.8,126.7,127.68,127.97,127.68,126.95,125.87,124.7,123.43,122.06,120.74,119.37,117.91,116.49,114.98,113.42,111.76,109.95,107.95,105.6,103.06,100.18,97.004,93.634,90.069,86.601,83.426,80.593,78.346,76.685,75.464,74.683,74.292,74.194,74.292,74.536,74.878,75.171,75.366,75.562,75.562,75.464,75.22,74.927,74.487,73.999,73.413,72.778,72.192,71.557,70.873,70.189,69.554,68.87,68.235,67.6,66.965,66.428,65.842,65.305,64.816,64.377,63.937,63.497,63.058,62.667,62.374,61.983,61.69,61.348,61.104,60.86,60.567,60.322,60.029,59.785,59.541,59.346,59.101,58.857,58.613,58.369,58.173,57.929,57.734,57.538,57.294,57.05,56.806,56.561,56.317,56.073,55.78,55.536,55.292,55.047,54.803,54.608,54.412,54.315,54.119,53.973,53.875,53.729,53.631,53.533,53.435,53.289,53.191,53.045,52.947,52.8,52.8,53.191,54.412,57.294,62.276,69.359,77.662,86.405,94.806,102.47,109.26,115.08,119.77,123.28,125.72,127.24,127.92,127.97,127.48,126.7,125.58,124.36,123.04,121.82,120.5,119.18,117.86,116.49,115.13,113.61,111.95,110.05,107.95,105.5,102.82,99.789,96.565,93.048,89.482,86.063,82.937,80.251,78.102,76.49,75.318,74.536,74.097,73.999,74.048,74.243,74.438,74.683,74.78,74.878,74.78,74.634,74.341,74.048,73.608,73.12,72.485,71.85,71.166,70.482,69.798,69.114,68.479,67.796,67.161,66.526,65.842,65.256,64.67,64.181,63.693,63.155,62.716,62.227,61.788,61.348,61.006,60.616,60.322,59.932,59.687,59.346,59.101,58.857,58.564,58.32,58.027,57.783,57.538,57.294,57.001,56.757,56.415,56.22,55.975,55.78,55.536,55.34,55.096,54.852,54.657,54.51,54.217,54.07,53.875,53.68,53.484,53.289,53.045,52.849,52.752,52.654,52.507,52.361,52.166,52.068,51.872,51.726,51.531,51.384,51.237,51.042,51.042,51.384,52.41,55.047,59.687,66.379,74.438,82.986,91.241,98.909,105.8,111.76,116.64,120.35,123.04,124.75,125.58,125.72,125.29,124.5,123.43,122.16,120.79,119.37,117.86,116.35,114.93,113.42,111.85,110.24,108.48,106.53,104.28,101.79,99.007,95.93,92.608,89.189,85.819,82.595,79.909,77.662,75.904,74.683,73.803,73.315,73.168,73.168,73.364,73.608,73.852,74.097,74.243,74.292,74.194,73.999,73.657,73.315,72.875,72.289,71.752,71.117,70.482,69.798,69.163,68.528,67.942,67.356,66.721,66.184,65.598,65.109,64.621,64.132,63.693,63.253,62.862,62.569,62.179,61.788,61.495,61.251,60.909,60.664,60.42,60.176,59.932,59.687,59.492,59.297,59.053,58.857,58.662,58.466,58.222,58.027,57.783,57.587,57.343,57.196,57.001,56.757,56.561,56.366,56.171,55.975,55.78,55.536,55.34,55.096,54.901,54.754,54.559,54.363,54.168,53.973,53.777,53.631,53.435,53.289,53.094,52.947,52.752,52.556,52.41,52.361,52.605,53.631,56.073,60.469,67.112,75.171,83.719,92.169,99.984,106.92,112.88,117.76,121.57,124.26,125.92,126.75,126.8,126.36,125.63,124.5,123.28,121.91,120.55,119.13,117.67,116.2,114.69,113.17,111.56,109.85,107.95,105.8,103.35,100.62,97.591,94.318,90.948,87.48,84.256,81.423,78.981,77.125,75.66,74.683,74.097,73.803,73.803,73.852,74.097,74.341,74.536,74.683,74.683,74.634,74.487,74.243,73.852,73.364,72.778,72.192,71.557,70.873,70.238,69.554,68.87,68.186,67.551,66.868,66.233,65.598,65.012,64.425,63.937,63.448,63.009,62.472,62.032,61.69,61.299,60.909,60.567,60.225,59.932,59.59,59.346,59.101,58.808,58.564,58.369,58.124,57.88,57.685,57.441,57.196,57.001,56.806,56.561,56.366,56.122,55.926,55.731,55.536,55.34,55.194,54.998,54.803,54.608,54.412,54.217,54.07,53.875,53.729,53.533,53.435,53.24,53.094,52.947,52.8,52.605,52.507,52.361,52.166,52.068,51.921,51.726,51.628,51.677,52.166,53.68,56.806,62.13,69.359,77.662,86.308,94.562,102.13,108.73,114.3,118.79,122.16,124.5,125.87,126.41,126.31,125.68,124.7,123.43,122.01,120.5,118.94,117.42,116,114.49,113.07,111.56,109.95,108.19,106.28,104.14,101.6,98.812,95.734,92.413,88.994,85.624,82.498,79.762,77.418,75.66,74.341,73.51,72.973,72.778,72.778,72.973,73.168,73.364,73.559,73.608,73.608,73.559,73.364,73.071,72.631,72.094,71.605,70.97,70.384,69.749,69.066,68.431,67.747,67.112,66.477,65.842,65.256,64.67,64.132,63.595,63.107,62.667,62.227,61.788,61.446,61.055,60.664,60.371,60.029,59.736,59.443,59.15,58.857,58.613,58.369,58.173,57.978,57.734,57.538,57.343,57.196,57.001,56.806,56.659,56.561,56.366,56.22,56.073,55.926,55.731,55.633,55.487,55.34,55.243,55.096,55.047,54.901,54.852,54.754,54.657,54.608,54.51,54.412,54.315,54.168,54.07,53.875,53.729,53.631,53.631,53.875,54.754,56.806,60.811,66.819,74.341,82.595,90.85,98.616,105.6,111.61,116.64,120.5,123.28,125.04,125.92,125.97,125.58,124.6,123.43,122.01,120.5,118.98,117.42,115.86,114.34,112.78,111.22,109.61,107.85,105.99,103.84,101.45,98.763,95.734,92.511,89.189,85.917,82.791,80.055,77.858,76.197,74.927,74.097,73.608,73.413,73.413,73.608,73.803,73.999,74.097,74.243,74.194,74.048,73.852,73.559,73.168,72.68,72.094,71.557,70.922,70.287,69.603,68.968,68.382,67.698,67.063,66.379,65.793,65.158,64.621,64.035,63.497,63.009,62.472,62.032,61.592,61.251,60.811,60.42,60.127,59.736,59.492,59.15,58.857,58.613,58.369,58.124,57.88,57.587,57.441,57.196,57.001,56.806,56.61,56.415,56.22,56.073,55.878,55.633,55.438,55.243,55.096,54.901,54.754,54.559,54.363,54.168,54.07,53.875,53.729,53.631,53.484,53.289,53.191,53.045,52.947,52.752,52.605,52.41,52.312,52.117,52.068,52.117,52.654,54.217,57.49,63.009,70.287,78.737,87.382,95.637,103.11,109.75,115.32,119.81,123.23,125.58,126.85,127.39,127.24,126.6,125.63,124.5,123.18,121.82,120.35,118.94,117.47,116.05,114.64,113.17,111.61,109.95,108.04,105.94,103.55,100.81,97.786,94.562,91.094,87.626,84.256,81.179,78.541,76.49,74.927,73.852,73.217,72.924,72.875,72.973,73.217,73.51,73.755,73.901,73.999,73.901,73.755,73.51,73.071,72.631,72.045,71.508,70.824,70.091,69.505,68.821,68.089,67.405,66.721,66.135,65.5,64.865,64.279,63.79,63.253,62.814,62.374,61.934,61.495,61.104,60.713,60.42,60.127,59.785,59.541,59.248,59.004,58.759,58.564,58.32,58.027,57.88,57.587,57.441,57.196,57.001,56.806,56.561,56.366,56.171,56.073,55.878,55.682,55.438,55.243,55.047,54.852,54.754,54.608,54.51,54.363,120.55,123.58,125.48,126.56,126.8,126.41,125.63,124.5,123.14,121.62,120.06,118.5,116.88,115.22,113.66,112.05,110.44,108.68,106.82,104.72,102.43,99.74,96.809,93.634,90.313,86.991,83.816,81.032,78.786,76.978,75.66,74.731,74.194,73.852,73.852,73.901,74.097,74.292,74.438,74.487,74.487,74.438,74.292,73.999,73.608,73.12,72.631,72.045,71.361,70.726,70.042,69.407,68.821,68.089,67.503,66.819,66.184,65.549,64.914,64.377,63.839,63.351,62.862,62.374,61.934,61.495,61.104,60.713,60.42,60.029,59.736,59.443,59.101,58.857,58.613,58.369,58.173,57.929,57.685,57.441,57.196,57.001,56.806,56.61,56.415,56.22,56.073,55.878,55.731,55.536,55.292,55.096,54.998,54.852,54.754,54.608,54.51,54.363,54.217,54.07,53.924,53.777,53.631,53.435,53.24,53.094,52.996,53.191,54.07,56.22,60.42,66.819,74.78,83.426,92.071,100.03,107.16,113.37,118.45,122.45,125.29,127.14,128.12,128.31,127.97,127.29,126.31,125.19,124.02,122.79,121.57,120.3,118.98,117.62,116.25,114.78,113.17,111.41,109.41,107.26,104.67,101.89,98.763,95.344,91.876,88.359,85.038,82.107,79.665,77.809,76.343,75.366,74.731,74.438,74.341,74.487,74.683,74.78,74.976,75.073,74.976,74.878,74.683,74.292,73.852,73.364,72.778,72.192,71.508,70.873,70.189,69.407,68.675,67.942,67.258,66.526,65.842,65.256,64.621,64.035,63.497,62.911,62.423,61.983,61.544,61.104,60.713,60.371,60.029,59.736,59.443,59.101,58.808,58.418,58.173,57.929,57.587,57.343,57.099,56.855,56.61,56.415,56.22,56.073,55.78,55.633,55.34,55.194,54.998,54.803,54.608,54.412,54.217,54.07,53.875,53.68,53.533,53.435,53.24,53.094,52.996,52.849,52.752,52.605,52.507,52.312,52.117,51.921,51.872,51.872,52.361,53.729,56.757,61.934,69.066,106.53,104.28,101.79,98.909,95.783,92.413,88.994,85.673,82.595,80.007,77.858,76.294,75.122,74.438,74.048,73.901,74.048,74.243,74.487,74.731,74.927,75.073,75.073,74.976,74.731,74.438,74.048,73.559,73.071,72.436,71.801,71.166,70.531,69.945,69.31,68.675,67.991,67.356,66.819,66.233,65.695,65.158,64.67,64.23,63.79,63.351,63.009,62.618,62.227,61.934,61.592,61.299,61.006,60.664,60.42,60.176,59.883,59.59,59.346,59.101,58.857,58.613,58.418,58.173,57.978,57.734,57.538,57.294,57.05,56.806,56.561,56.317,56.073,55.878,55.633,55.438,55.292,55.096,54.901,54.803,54.608,54.51,54.315,54.119,53.924,53.777,53.68,53.68,53.973,54.998,57.49,61.983,68.626,76.685,85.282,93.732,101.55,108.43,114.34,119.13,122.79,125.38,126.99,127.73,127.83,127.29,126.51,125.38,124.11,122.79,121.43,120.11,118.74,117.37,115.91,114.49,112.98,111.22,109.36,107.26,104.87,102.13,99.105,95.783,92.364,88.847,85.575,82.498,80.007,77.906,76.441,75.366,74.731,74.438,74.341,74.438,74.634,74.78,74.976,75.122,75.122,75.073,74.878,74.536,74.194,73.755,73.168,72.631,71.996,71.361,70.677,69.994,69.261,68.528,67.844,67.258,66.526,65.94,65.305,64.718,64.181,63.693,63.155,62.667,62.227,61.788,61.348,61.006,60.664,60.322,59.981,59.736,59.443,59.15,58.906,58.662,58.418,58.222,57.978,57.734,57.538,57.294,57.099,56.903,56.757,56.464,56.317,56.122,55.926,55.731,55.536,55.34,55.194,54.998,54.803,54.657,54.51,54.363,54.168,54.07,53.924,53.777,53.631,53.484,53.289,53.094,52.947,52.752,52.556,52.361,52.214,52.166,52.605,54.07,57.196,62.423,69.652,78.004,86.601,94.806,102.38,108.97,114.64,119.23,122.7,124.99,126.31,126.85,126.8,126.26,125.29,124.16,122.94,121.62,120.16,118.74,117.32,115.76,114.2,112.54,110.88,108.92,106.87,104.48,101.79,98.86,95.686,92.218,88.75,85.379,82.351,79.762,77.662,76.099,74.976,74.243,73.852,73.803,73.852,74.048,74.292,74.487,74.683,74.731,74.683,74.487,74.243,73.852,73.413,72.875,72.289,71.654,70.97,70.287,69.652,68.968,68.284,67.698,66.965,66.379,65.793,65.256,64.718,64.23,63.742,63.253,62.716,62.227,61.788,61.446,61.055,60.664,60.371,60.029,59.785,59.492,59.248,59.004,58.759,58.466,58.222,58.027,57.783,57.587,57.441,57.245,57.05,56.903,56.757,56.61,56.415,56.22,56.122,55.926,55.878,55.731,55.682,55.633,55.487,55.34,55.243,55.096,54.998,54.852,54.754,54.608,54.51,54.363,54.315,54.363,54.754,55.926,58.564,63.107,69.603,77.418,85.673,93.732,101.25,107.85,113.51,118.11,121.67,124.11,125.63,126.26,126.16,125.63,124.6,123.38,121.87,120.3,118.69,117.03,115.37,113.66,112.05,110.29,108.48,106.53,104.38,101.94,99.154,96.174,92.95,89.629,86.308,83.182,80.544,78.346,76.685,75.415,74.683,74.243,74.048,74.048,74.243,74.438,74.634,74.731,74.78,74.78,74.683,74.438,74.097,73.755,73.217,72.729,72.192,71.508,70.873,70.189,69.554,68.87,68.186,67.551,66.916,66.281,65.744,65.109,64.572,64.035,63.546,63.058,62.618,62.179,61.739,61.348,61.006,60.616,60.225,59.932,59.59,59.297,59.053,58.808,58.564,58.32,58.027,57.783,57.587,57.343,57.196,57.001,56.806,56.61,56.415,56.317,56.122,55.975,55.78,55.633,55.438,55.292,55.194,55.047,54.852,54.754,54.608,54.51,54.363,54.168,53.973,53.777,53.631,53.533,53.68,54.412,56.366,60.225,66.281,74.048,82.693,91.29,99.349,106.68,112.98,118.25,122.5,125.58,127.63,128.8,129.19,128.95,128.31,127.39,126.31,125.14,123.87,122.6,121.23,119.81,118.35,116.88,115.32,113.61,111.8,109.75,107.41,104.87,101.94,98.763,95.295,91.68,88.115,84.793,81.912,79.567,77.76,76.343,75.464,74.976,74.731,74.683,74.731,74.878,75.073,75.171,75.171,75.122,74.976,74.731,74.341,73.901,73.364,72.729,72.192,71.508,70.824,70.091,69.407,68.675,67.991,67.356,66.672,66.037,65.402,64.816,64.181,63.693,63.107,62.667,62.179,61.739,61.299,60.909,60.567,60.176,59.785,59.492,59.248,58.906,58.662,58.418,58.173,57.929,57.685,57.49,57.245,57.05,56.806,56.61,56.366,56.171,55.975,55.78,55.682,55.487,55.292,55.096,54.901,54.803,54.608,54.51,54.363,54.168,54.07,53.924,53.777,53.68,53.533,126.16,125.24,124.06,122.75,121.43,120.01,118.59,117.18,115.81,114.3,112.78,111.12,109.31,107.31,105.01,102.38,99.447,96.174,92.804,89.385,86.112,83.182,80.69,78.737,77.32,76.246,75.611,75.318,75.22,75.318,75.464,75.66,75.904,76.05,76.099,76.05,75.855,75.562,75.171,74.731,74.194,73.559,72.924,72.289,71.654,70.97,70.287,69.603,68.919,68.235,67.6,67.063,66.477,65.94,65.353,64.865,64.425,63.937,63.497,63.107,62.716,62.374,61.983,61.69,61.348,61.104,60.86,60.567,60.322,60.029,59.785,59.541,59.297,59.101,58.906,58.759,58.466,58.32,58.027,57.783,57.538,57.294,57.099,56.855,56.659,56.415,56.171,55.975,55.78,55.633,55.438,55.243,55.096,54.901,54.754,54.559,54.412,54.315,54.363,54.901,56.464,59.785,65.305,72.68,81.13,89.727,97.981,105.5,112,117.57,122.01,125.29,127.53,128.85,129.39,129.29,128.75,127.87,126.75,125.58,124.26,122.94,121.62,120.25,118.79,117.37,115.86,114.25,112.49,110.49,108.19,105.55,102.62,99.349,95.979,92.413,88.945,85.575,82.595,80.251,78.346,76.978,76.099,75.611,75.366,75.415,75.562,75.757,75.904,76.05,76.099,76.05,75.904,75.66,75.318,74.878,74.292,73.755,73.12,72.485,71.801,71.068,70.384,69.652,68.968,68.284,67.6,66.916,66.281,65.695,65.158,64.621,64.132,63.595,63.155,62.667,62.276,61.885,61.495,61.153,60.86,60.567,60.225,59.932,59.687,59.346,59.101,58.857,58.613,58.418,58.222,57.978,57.783,57.538,57.343,57.196,57.001,56.855,56.659,56.464,56.22,56.073,55.878,55.731,55.536,55.438,55.292,55.194,54.998,54.852,54.657,54.51,54.217,54.07,53.777,53.631,53.484,53.631,54.315,56.317,60.176,66.184,73.852,82.351,90.85,98.86,106.04,112.29,117.57,121.72,124.75,126.75,127.73,127.97,127.63,126.85,125.82,124.55,123.18,121.72,120.25,118.79,117.32,115.81,114.2,112.49,110.63,108.63,106.38,103.84,101.01,97.786,94.367,90.801,87.187,83.816,80.886,78.444,76.636,75.366,74.487,74.048,73.999,74.097,74.341,74.683,74.976,75.171,75.318,75.318,75.171,74.927,74.536,74.097,73.559,72.924,72.289,71.654,70.97,70.287,69.603,68.968,68.284,67.698,66.965,66.428,65.842,65.305,64.718,64.23,63.742,63.302,62.862,62.472,62.13,61.788,61.446,61.104,60.811,60.469,60.225,59.981,59.736,59.492,59.248,59.004,58.759,58.564,58.369,58.173,57.978,57.783,57.538,57.343,57.245,57.099,57.001,56.903,56.806,56.659,56.464,56.366,56.22,56.171,56.073,55.926,55.731,55.633,55.438,55.292,55.292,55.438,55.926,57.245,60.127,65.012,71.752,79.665,87.968,95.979,103.35,109.95,115.47,120.06,123.48,125.82,127.19,127.73,127.63,126.95,125.92,124.55,123.04,121.38,119.67,118.01,116.3,114.64,112.93,111.12,109.26,107.12,104.72,102.13,99.251,96.076,92.657,89.238,85.917,82.986,80.495,78.59,77.174,76.246,75.611,75.366,75.318,75.415,75.611,75.806,75.904,76.05,76.05,76.001,75.806,75.464,75.122,74.683,74.194,73.559,72.924,72.289,71.605,70.922,70.287,69.603,68.968,68.382,67.747,67.112,66.526,65.988,65.5,65.012,64.425,63.986,63.497,63.058,62.618,62.179,61.739,61.348,61.055,60.811,60.567,60.469,60.713,61.592,63.595,67.356,72.973,80.104,88.066,96.076,103.6,110.44,55.487,55.34,55.194,55.047,54.852,54.657,54.51,54.363,54.363,54.754,55.975,58.759,63.546,70.433,78.59,87.236,95.637,103.31,110.19,116,120.74,124.36,126.95,128.51,129.19,129.24,128.75,127.87,126.75,125.43,124.02,122.55,120.99,119.47,117.86,116.25,114.49,112.54,110.29,107.85,105.01,101.89,98.47,94.855,91.192,87.626,84.354,81.618,79.469,77.906,76.783,76.197,75.855,75.806,75.904,76.099,76.343,76.636,76.734,76.783,76.783,76.636,76.343,76.001,75.464,74.976,74.438,73.803,73.12,72.436,71.654,70.97,70.287,69.554,68.87,68.186,67.503,66.819,66.184,65.598,65.109,64.621,64.132,63.693,63.155,62.814,62.374,61.983,61.592,61.299,61.006,60.664,60.42,60.127,59.883,59.59,59.346,59.101,58.857,58.662,58.418,58.222,57.978,57.783,57.538,57.343,57.196,57.05,56.855,56.659,56.561,56.366,56.22,56.122,55.975,55.78,55.682,55.487,55.34,55.243,55.047,54.852,54.657,54.559,54.51,54.852,56.122,59.053,64.23,71.41,80.007,88.847,97.542,105.41,112.39,118.3,123.04,126.7,129.19,130.66,131.44,131.44,131,130.17,129.09,127.97,126.85,125.63,124.41,123.18,121.87,120.5,118.98,117.42,115.61,113.66,111.36,108.82,105.85,102.57,99.007,95.246,91.485,87.871,84.598,81.912,79.811,78.248,77.174,76.539,76.294,76.294,76.441,76.636,76.783,76.929,77.027,76.978,76.929,76.685,76.294,75.855,75.318,74.683,74.048,73.364,72.631,71.947,71.166,70.433,69.652,68.968,68.382,67.698,67.063,66.428,65.793,65.158,64.621,64.132,63.546,63.107,62.667,62.227,61.885,61.446,61.055,60.713,60.371,60.029,59.785,59.541,59.248,59.004,58.759,58.564,58.32,58.027,57.88,57.587,57.441,57.196,56.903,56.757,56.464,56.22,56.073,55.78,55.633,55.438,55.292,55.096,54.998,54.803,54.657,54.51,54.363,54.217,54.07,53.875,53.729,53.631,53.68,54.315,56.073,59.687,65.549,73.12,81.667,90.215,98.372,105.75,112.19,117.57,121.82,124.94,127.04,128.26,128.75,128.61,128.07,127.19,126.07,124.8,123.48,122.16,120.79,119.42,117.91,116.35,114.73,112.93,110.88,108.48,105.8,102.82,99.495,95.881,92.169,88.506,85.038,82.107,79.811,78.053,76.783,76.05,75.66,75.611,75.757,76.001,76.246,76.49,76.685,76.734,76.685,76.539,76.294,75.904,75.415,74.927,74.292,73.657,72.973,72.289,71.654,70.97,70.287,69.603,68.968,68.382,67.747,67.258,66.672,66.184,65.695,65.256,64.816,64.425,64.132,63.79,63.448,63.107,62.814,62.569,62.227,61.983,61.739,61.544,61.299,61.055,60.811,60.616,60.42,60.225,60.029,59.883,59.59,59.443,59.15,59.004,58.808,58.613,58.418,58.222,57.978,57.783,57.538,57.343,57.099,56.855,56.561,56.317,56.073,55.78,55.633,55.536,55.878,56.903,59.492,64.181,70.922,79.127,87.724,96.125,103.84,110.68,116.49,121.18,124.75,127.24,128.8,129.49,129.63,129.19,128.36,127.29,126.07,124.75,123.43,122.06,120.69,119.23,117.81,116.2,114.49,112.54,110.44,107.95,105.11,101.94,98.47,94.855,91.192,87.675,84.5,81.912,79.86,78.297,77.223,76.636,76.294,76.246,76.343,76.539,76.734,76.881,76.929,76.929,76.783,76.636,76.294,75.904,75.464,74.927,74.292,73.657,73.071,72.387,71.654,70.97,70.287,69.603,68.919,68.284,67.698,66.965,66.379,65.744,65.158,64.67,64.132,63.693,63.253,62.911,62.618,62.472,62.618,63.302,65.06,68.431,73.608,80.251,87.724,95.441,102.72,109.31,114.93,119.57,123.14,125.58,127.04,127.63,127.53,126.95,125.87,124.5,122.99,121.43,119.86,118.2,116.49,114.69,112.68,110.53,108.24,105.55,102.57,99.154,95.539,91.778,88.066,84.549,81.472,78.981,77.125,75.757,74.78,74.341,74.292,74.438,74.731,75.073,75.366,75.611,75.806,75.806,75.66,75.415,75.122,74.683,74.097,73.51,72.778,72.094,71.41,70.677,69.994,69.261,68.479,67.796,67.112,66.428,65.793,65.158,64.621,64.035,63.546,63.058,62.569,62.032,61.69,61.299,60.909,60.567,60.225,59.883,59.541,59.248,59.004,58.759,58.466,58.222,58.027,57.783,57.538,57.441,57.245,57.05,56.806,56.61,56.415,56.22,56.122,55.926,55.731,55.633,55.438,55.243,55.096,54.901,54.803,54.608,54.51,54.363,54.217,54.119,53.973,53.777,53.68,53.533,53.338,53.24,53.094,53.045,52.947,52.849,52.8,52.654,52.556,52.361,52.214,52.068,51.921,51.775,51.921,52.605,54.559,58.759,65.5,74.194,83.67,93.097,101.94,109.8,116.54,122.11,126.36,129.49,131.44,132.37,132.51,132.07,131.24,130.12,128.8,127.43,126.07,124.6,123.18,121.72,120.3,118.74,116.98,115.08,112.88,110.29,107.41,104.23,100.72,97.053,93.292,89.678,86.503,83.719,81.667,80.104,79.127,78.492,78.199,78.199,78.248,78.492,78.688,78.883,78.932,78.883,78.786,78.541,78.199,77.76,77.223,76.685,76.001,75.318,74.634,73.901,73.217,72.485,71.752,70.97,70.287,69.603,68.919,68.284,67.6,66.965,66.428,65.842,65.353,64.865,64.425,63.986,63.595,63.155,62.814,62.472,62.179,61.885,61.544,61.299,61.055,60.86,60.616,60.371,60.176,59.932,59.736,59.492,59.248,59.053,58.808,58.564,58.369,58.173,57.978,57.88,57.685,57.49,57.343,57.245,57.05,56.855,56.757,56.561,56.366,56.171,55.975,55.78,55.731,56.073,57.196,59.883,64.718,71.654,80.055,88.847,97.444,105.26,112.19,118.06,122.79,126.41,128.95,130.51,131.24,131.24,130.8,129.97,128.95,127.83,126.56,125.29,124.02,122.7,121.28,119.81,118.25,116.54,114.64,112.44,109.95,107.12,103.94,100.42,96.662,92.95,89.238,85.917,83.035,80.886,79.176,78.004,77.223,76.929,76.881,76.929,77.174,77.369,77.564,77.662,77.613,77.564,77.32,76.978,76.539,76.001,75.415,74.78,74.097,73.413,72.68,71.947,71.166,70.433,69.749,68.968,68.382,67.698,67.063,66.477,65.94,65.353,64.865,64.377,63.937,63.497,63.107,62.667,62.374,61.983,61.69,61.348,61.104,60.811,60.567,60.322,59.981,59.736,59.492,59.297,59.053,58.857,58.662,58.418,58.222,58.027,57.88,57.587,57.441,57.245,57.05,56.903,56.806,56.61,56.464,56.317,56.122,55.975,55.78,55.633,55.438,55.292,55.096,55.047,55.243,56.171,58.466,62.814,69.261,77.223,85.868,94.367,102.28,109.31,115.37,120.35,124.26,127.04,128.8,129.73,129.93,129.63,128.95,127.92,126.8,125.58,124.16,122.79,121.43,120.01,118.5,116.88,114.98,112.98,110.68,108.04,105.11,101.89,98.323,94.562,90.752,87.138,83.865,81.13,78.981,77.369,76.343,75.757,75.562,75.562,75.757,76.05,76.343,76.539,76.734,76.734,76.685,76.49,76.197,75.66,75.171,74.536,73.901,73.217,72.485,71.801,71.068,70.384,69.652,68.968,68.284,67.698,67.063,66.428,65.94,65.353,64.865,64.377,63.937,63.497,63.107,62.667,62.276,61.983,61.69,61.348,61.055,60.811,60.469,60.225,59.981,59.736,59.492,59.248,59.053,58.808,58.662,58.466,58.32,58.124,57.88,57.685,57.49,57.294,57.196,57.001,56.855,56.757,56.561,56.415,56.22,56.122,55.926,55.731,55.536,55.438,55.243,55.096,55.096,55.243,55.926,57.685,61.251,66.916,74.438,82.742,91.241,99.251,106.48,112.78,118.11,122.31,125.43,127.53,128.75,129.19,129,128.36,127.43,126.26,124.85,123.38,121.91,120.45,118.89,117.32,115.61,113.76,111.66,109.31,106.68,103.74,100.42,96.907,93.292,89.678,86.259,83.377,80.984,79.176,77.858,77.027,76.539,76.441,76.49,76.685,76.929,77.125,77.32,77.369,77.369,77.223,76.929,76.539,76.099,75.611,75.073,74.438,73.755,73.071,72.289,71.557,70.873,70.091,69.407,68.724,68.04,67.405,66.819,66.184,65.695,65.158,64.67,64.23,63.79,63.351,63.009,62.618,62.227,61.934,61.592,61.299,61.055,60.713,60.567,60.322,60.029,59.736,59.492,59.297,59.101,58.906,58.662,58.466,58.222,58.027,57.88,57.685,57.49,57.343,57.245,57.099,56.903,56.806,56.659,56.464,56.317,56.171,55.975,55.78,55.633,55.633,55.975,57.245,60.029,65.012,72.045,80.544,89.434,98.03,105.94,112.88,118.79,123.62,127.24,129.83,131.39,132.12,132.17,131.73,131,129.97,128.85,127.63,126.41,125.19,123.92,122.7,121.28,119.81,118.2,116.3,114.25,111.8,109.12,106.04,102.62,99.007,95.099,91.29,87.724,84.549,82.058,80.104,78.688,77.809,77.32,77.125,77.174,77.369,77.564,77.76,77.858,77.906,77.858,77.662,77.369,76.929,76.441,75.855,75.171,74.487,73.803,73.12,72.387,71.654,70.97,70.287,69.554,68.87,68.186,67.551,66.916,66.379,65.744,65.158,64.621,64.132,63.595,63.107,62.667,62.276,61.934,61.544,61.251,60.909,60.616,60.322,59.981,59.736,59.492,59.248,59.004,58.759,58.466,58.32,58.027,57.88,57.587,57.441,57.196,57.001,56.757,56.561,56.366,56.171,55.975,55.878,55.682,55.487,55.292,55.096,54.901,54.754,54.608,54.51,54.657,55.438,57.441,61.299,67.307,74.976,83.572,92.071,100.13,107.31,113.61,118.89,122.99,125.97,128.07,129.19,129.53,129.39,128.8,127.87,126.75,125.58,124.26,122.94,121.62,120.25,118.79,117.23,115.57,113.61,111.36,108.87,105.99,102.82,99.251,95.539,91.729,88.115,84.793,82.058,79.86,78.297,77.223,76.636,76.294,76.294,76.49,76.734,76.978,77.223,77.369,77.418,77.32,77.125,76.734,76.294,75.806,75.171,74.536,73.901,73.217,72.533,71.85,71.166,70.482,69.798,69.163,68.528,67.991,67.503,66.965,66.428,65.94,65.5,65.06,64.67,64.279,63.986,63.693,63.351,63.107,62.862,62.569,62.276,62.13,61.885,61.592,61.348,61.153,60.909,60.713,60.567,60.371,60.176,59.981,59.785,59.59,59.443,59.297,59.101,58.906,58.759,58.466,58.32,58.027,57.88,57.587,57.343,57.099,56.855,56.61,56.366,56.122,55.926,55.878,56.122,57.196,59.736,64.425,71.312,79.616,88.359,96.858,104.67,111.61,117.42,122.26,125.92,128.51,130.12,130.85,130.95,130.51,129.68,128.7,127.48,126.16,124.8,123.38,122.01,120.55,119.13,117.57,115.91,114,111.85,109.31,106.48,103.26,99.74,96.076,92.218,88.603,85.428,82.742,80.593,79.03,78.053,77.418,77.125,77.125,77.223,77.467,77.662,77.809,77.858,77.858,77.662,77.418,77.027,76.636,76.099,75.464,74.78,74.097,73.413,72.729,71.996,71.312,70.531,69.847,69.261,68.528,67.942,67.307,66.672,66.135,65.598,65.109,64.621,64.132,63.693,63.302,62.911,62.569,62.227,61.934,61.592,61.299,61.055,60.811,60.469,60.225,60.029,59.785,59.59,59.346,59.15,59.004,58.759,58.466,58.32,58.124,57.929,57.734,57.587,57.441,57.294,57.196,57.001,56.806,56.659,56.464,56.317,56.122,55.975,55.78,55.731,55.78,56.317,57.88,61.251,66.721,74.194,82.742,91.534,99.935,107.51,114.05,119.62,124.11,127.43,129.73,131,131.49,131.39,130.8,129.93,128.95,127.83,126.6,125.43,124.06,122.7,121.23,119.77,118.11,116.3,114.34,112.1,109.51,106.53,103.26,99.593,95.783,91.925,88.261,84.94,82.107,80.007,78.346,77.32,76.685,76.49,76.49,76.685,76.929,77.174,77.418,77.467,77.418,77.32,77.027,76.685,76.246,75.66,75.073,74.341,73.657,72.924,72.192,71.41,70.677,69.994,69.31,68.626,67.991,67.405,66.819,66.233,65.695,65.109,64.67,64.23,63.79,63.448,63.107,62.716,62.423,62.032,61.739,61.495,61.251,60.909,60.664,60.42,60.176,59.932,59.736,59.492,59.297,59.101,58.857,58.662,58.418,58.222,58.027,57.88,57.685,57.49,57.343,57.196,57.001,56.855,130.66,130.41,129.83,128.8,127.63,126.26,124.8,123.38,121.87,120.35,118.79,117.03,115.22,113.17,110.88,108.29,105.36,102.13,98.567,94.855,91.094,87.675,84.598,82.156,80.3,78.932,78.053,77.467,77.32,77.32,77.418,77.613,77.809,77.906,78.004,78.004,77.809,77.564,77.174,76.685,76.197,75.611,74.976,74.341,73.608,72.924,72.192,71.508,70.726,70.042,69.359,68.675,67.991,67.356,66.819,66.281,65.744,65.305,64.816,64.377,63.937,63.546,63.107,62.716,62.374,62.032,61.739,61.446,61.153,60.909,60.664,60.42,60.127,59.883,59.687,59.492,59.248,59.053,58.857,58.613,58.418,58.222,58.027,57.88,57.685,57.49,57.343,57.196,57.05,56.903,56.806,56.61,56.464,56.317,56.122,55.926,55.731,55.633,55.487,55.682,56.464,58.613,62.716,69.066,77.174,86.063,94.904,103.26,110.68,117.03,122.35,126.56,129.63,131.68,132.81,133.25,133.05,132.51,131.63,130.61,129.53,128.41,127.24,126.07,124.8,123.43,122.01,120.35,118.54,116.54,114.25,111.66,108.82,105.55,101.99,98.225,94.367,90.606,87.187,84.305,82.009,80.251,79.03,78.346,78.004,77.858,78.004,78.199,78.346,78.492,78.541,78.492,78.346,78.199,77.809,77.369,76.734,76.099,75.366,74.634,73.852,73.071,72.24,71.508,70.677,69.945,69.261,68.528,67.942,67.258,66.623,66.037,65.5,64.914,64.425,63.937,63.497,63.107,62.667,62.276,61.934,61.544,61.251,60.909,60.616,60.371,60.029,59.785,59.492,59.248,59.004,58.759,58.564,58.32,58.027,57.88,57.587,57.441,57.196,57.001,56.806,56.61,56.415,56.171,55.975,55.878,55.731,55.633,55.487,55.34,55.243,55.047,54.901,54.754,54.608,54.51,54.51,54.803,55.878,58.418,63.107,69.847,78.053,86.747,95.197,103.06,110,116,120.89,124.7,127.29,129,129.88,130.07,129.83,129.09,128.12,126.99,125.72,124.41,123.04,121.67,120.25,118.74,117.23,115.57,113.66,111.51,109.07,106.19,103.01,99.495,95.783,92.071,88.408,85.184,82.498,80.349,78.883,77.809,77.223,77.027,77.027,77.223,77.418,77.662,77.858,78.004,78.053,78.004,77.76,77.467,77.027,76.539,76.05,75.415,74.78,74.097,73.51,72.778,72.094,71.508,70.873,70.189,69.554,68.919,68.284,67.747,67.161,66.672,66.184,65.744,65.305,64.914,64.474,64.132,63.79,63.448,63.107,62.814,62.472,62.179,61.885,61.544,61.153,60.86,60.567,60.322,59.981,59.736,59.492,59.248,59.004,58.759,58.466,58.32,58.027,57.929,57.734,57.587,57.49,57.343,57.245,57.099,56.903,56.806,56.659,56.464,56.317,56.122,55.926,55.731,55.633,55.682,56.122,57.538,60.713,66.184,73.608,82.302,91.192,99.691,107.36,114.05,119.77,124.26,127.68,129.97,131.29,131.88,131.88,131.39,130.56,129.53,128.51,127.39,126.12,124.8,123.48,122.11,120.6,118.98,117.23,115.22,113.07,110.49,107.6,104.43,100.91,97.297,93.536,89.873,86.552,83.719,81.423,79.762,78.541,77.809,77.467,77.418,77.467,77.76,77.906,78.102,78.248,78.297,78.199,77.906,77.564,77.125,76.539,75.904,75.318,74.536,73.803,73.071,72.289,71.557,70.824,70.091,69.407,68.724,68.04,67.405,66.868,66.233,65.695,65.158,64.67,64.23,63.79,63.448,63.058,62.667,62.374,61.983,61.69,61.348,61.055,60.713,60.42,60.127,59.785,59.541,59.248,59.004,58.759,58.466,58.222,57.978,57.734,57.49,57.294,57.05,56.806,56.561,56.366,56.122,55.926,55.731,55.536,55.438,55.243,55.096,54.901,54.754,54.559,54.363,54.168,53.973,53.777,53.729,53.924,54.754,56.757,60.664,66.819,74.683,83.279,91.973,100.18,107.51,113.81,119.03,123.18,126.26,128.26,129.29,129.68,129.44,128.8,127.87,126.8,125.58,124.26,122.94,121.62,120.3,118.94,117.47,115.86,114.1,112.1,109.8,107.12,104.04,100.67,97.004,93.243,89.531,86.161,83.23,80.886,79.127,77.809,76.978,76.539,76.49,76.539,76.734,76.929,77.125,77.32,77.369,77.32,77.125,76.783,76.441,75.904,75.415,74.78,74.194,73.51,72.778,72.094,71.41,70.726,70.091,69.407,68.821,68.235,67.6,67.112,66.526,66.037,65.598,65.109,64.718,64.377,64.035,84.11,92.608,100.57,107.6,113.61,118.54,122.45,125.24,126.99,127.87,128.07,127.63,126.75,125.58,124.26,122.79,121.38,119.86,118.35,116.88,115.37,113.76,112.05,110.19,108.04,105.7,102.91,99.935,96.614,93.048,89.482,86.063,82.937,80.3,78.248,76.734,75.66,75.073,74.731,74.634,74.731,74.976,75.171,75.415,75.562,75.562,75.464,75.318,75.073,74.683,74.194,73.657,73.12,72.485,71.801,71.117,70.433,69.749,69.066,68.382,67.698,66.965,66.379,65.744,65.158,64.621,64.132,63.546,63.107,62.618,62.227,61.885,61.495,61.153,60.811,60.469,60.127,59.883,59.541,59.248,59.004,58.759,58.564,58.369,58.124,57.929,57.685,57.49,57.245,57.05,56.855,56.659,56.464,56.317,56.122,55.926,55.731,55.536,55.438,55.243,55.096,54.901,54.803,54.657,54.51,54.363,54.217,54.119,53.924,53.777,53.631,53.435,53.289,53.094,53.045,53.338,54.51,57.099,61.934,68.87,77.223,85.966,94.562,102.38,109.26,115.17,120.06,123.72,126.41,128.12,128.95,129,128.61,127.87,126.8,125.63,124.31,122.99,121.67,120.35,118.98,117.62,116.05,114.44,112.63,110.53,108.29,105.7,102.82,99.495,95.979,92.364,88.75,85.379,82.351,79.909,78.004,76.539,75.562,74.927,74.683,74.634,74.731,74.878,74.976,75.122,75.122,75.073,74.927,74.683,74.292,73.901,73.364,72.778,72.192,71.508,70.824,70.091,69.359,68.626,67.942,67.258,66.623,65.94,65.305,64.718,64.181,63.595,63.107,62.618,62.179,61.69,61.299,60.86,60.567,60.176,59.883,59.541,59.297,59.053,58.808,58.613,58.369,58.124,57.929,57.734,57.538,57.343,57.196,57.001,56.806,56.61,56.415,56.22,56.122,55.926,55.731,55.536,55.438,55.243,55.047,54.852,54.657,54.51,54.363,54.168,54.07,53.924,53.729,53.631,53.435,53.289,53.094,52.947,52.752,52.556,52.41,52.214,52.166,52.361,53.191,55.292,59.346,65.549,73.364,81.814,90.166,97.932,104.92,110.97,116,119.91,122.75,124.6,125.58,125.87,125.58,124.8,123.82,122.55,121.23,119.91,118.54,117.18,115.81,114.34,112.88,111.22,109.41,107.36,105.11,102.57,99.691,96.467,93.048,89.629,86.259,83.182,80.544,78.541,77.125,76.099,75.464,75.171,75.171,75.318,75.562,75.757,76.001,76.099,76.197,76.05,75.904,75.611,75.171,74.683,74.097,73.51,72.875,72.094,71.361,70.629,69.847,69.163,68.431,67.747,67.112,66.428,65.793,65.256,64.718,64.23,63.742,63.302,62.862,62.423,62.032,61.739,61.446,61.055,60.811,60.469,60.176,59.932,59.59,59.346,59.101,58.857,58.662,58.418,58.173,57.929,57.685,57.49,57.245,57.001,56.806,56.561,56.366,56.171,55.975,55.78,55.682,55.487,55.292,55.096,54.901,54.803,54.657,54.559,54.51,54.363,54.168,54.07,53.875,53.729,53.533,53.338,53.24,53.289,53.924,55.633,59.248,65.06,72.778,81.472,90.215,98.421,105.75,112.05,117.42,121.72,124.94,127.14,128.31,128.75,128.61,128.12,127.24,126.26,125.04,123.72,122.5,121.18,119.91,118.59,117.23,115.81,114.25,112.49,110.53,108.39,105.8,103.01,99.789,96.369,92.755,89.092,85.624,82.595,80.055,78.102,76.636,75.611,75.073,74.78,74.78,74.927,75.122,75.366,75.464,75.562,75.464,75.366,75.122,74.78,74.341,73.852,73.315,72.631,71.947,71.215,70.531,69.847,69.163,68.479,67.796,67.161,66.477,65.842,65.305,64.718,64.23,63.693,63.253,62.814,62.374,61.934,61.544,61.104,60.811,60.42,60.176,59.883,59.541,59.297,59.004,58.759,58.466,58.222,57.978,57.783,57.587,57.343,57.196,56.903,56.757,56.561,56.366,56.171,55.975,55.78,55.633,55.438,55.243,55.047,54.852,54.657,54.559,54.363,54.168,54.07,53.875,53.729,53.533,53.338,53.191,52.996,52.752,52.556,120.16,118.89,117.57,116.1,114.69,113.12,111.36,109.56,107.41,105.06,102.43,99.349,96.125,92.608,89.043,85.624,82.498,79.811,77.613,76.001,74.78,74.097,73.755,73.657,73.803,73.999,74.243,74.487,74.683,74.731,74.683,74.536,74.292,73.901,73.51,72.973,72.387,71.752,71.068,70.384,69.749,69.066,68.382,67.698,66.965,66.379,65.744,65.109,64.572,63.986,63.497,63.009,62.569,62.13,61.739,61.348,61.006,60.664,60.371,60.029,59.785,59.492,59.248,59.004,58.808,58.564,58.369,58.124,57.929,57.734,57.538,57.441,57.294,57.196,57.001,56.855,56.757,56.61,56.415,56.317,56.122,55.975,55.878,55.731,55.633,55.487,55.438,55.292,55.243,55.096,55.047,54.901,54.852,54.754,54.608,54.51,54.315,54.168,54.07,53.924,53.875,54.119,54.901,57.05,61.104,67.258,74.927,83.23,91.485,99.154,105.99,111.8,116.64,120.35,122.99,124.75,125.63,125.87,125.63,124.94,124.02,122.79,121.48,120.11,118.69,117.23,115.76,114.25,112.63,110.92,109.17,107.16,104.92,102.43,99.544,96.467,93.097,89.678,86.259,83.035,80.349,78.199,76.539,75.415,74.683,74.292,74.097,74.194,74.292,74.487,74.731,74.878,74.878,74.78,74.634,74.341,74.048,73.657,73.168,72.631,72.045,71.361,70.677,69.994,69.31,68.675,67.991,67.356,66.721,66.135,65.5,64.865,64.279,63.79,63.302,62.862,62.423,61.983,61.544,61.104,60.713,60.371,59.981,59.736,59.443,59.15,58.906,58.662,58.369,58.124,57.88,57.685,57.441,57.245,57.05,56.855,56.61,56.415,56.22,56.073,55.878,55.682,55.536,55.34,55.194,54.998,54.803,54.608,54.412,54.315,54.119,53.924,53.777,53.68,53.533,53.435,53.24,53.094,52.996,52.849,52.654,52.556,52.361,52.312,52.361,52.849,54.363,57.538,62.911,70.238,78.688,87.284,95.49,103.01,109.51,114.93,119.37,122.7,125.04,126.51,127.14,127.14,126.6,125.82,124.75,123.58,122.35,121.13,119.86,118.54,117.32,115.91,114.54,112.98,111.32,109.36,107.26,104.72,101.94,98.86,95.49,91.925,88.359,84.94,81.863,79.225,77.174,75.611,74.487,73.852,73.559,73.559,73.657,73.852,74.048,74.243,74.341,74.438,74.292,74.097,73.803,73.364,72.924,72.289,71.654,70.97,70.287,69.652,68.968,68.284,67.698,66.965,66.379,65.744,65.158,64.621,64.132,63.595,63.107,62.667,62.227,61.788,61.446,61.055,60.713,60.371,60.029,59.736,59.492,59.15,58.906,58.662,58.369,58.124,57.929,57.685,57.49,57.245,57.05,56.806,56.61,56.464,56.317,56.122,55.926,55.731,55.633,55.438,55.292,55.194,55.047,54.901,54.852,54.754,54.657,54.559,54.51,54.412,54.315,54.168,54.07,53.924,53.777,53.68,53.631,53.68,54.119,55.34,58.173,63.009,69.749,77.76,86.112,94.171,101.6,108.09,113.66,118.2,121.67,124.06,125.58,126.16,126.16,125.63,124.7,123.38,121.91,120.45,118.94,117.42,115.86,114.34,112.88,111.32,109.66,107.85,105.94,103.7,101.16,98.372,95.295,91.973,88.603,85.379,82.449,79.909,77.906,76.441,75.366,74.683,74.292,74.194,74.194,74.243,74.341,74.536,74.634,74.634,74.487,74.292,73.999,73.657,73.217,72.68,72.192,71.557,70.922,70.238,69.603,68.919,68.235,67.551,66.868,66.233,65.598,65.06,64.474,63.986,63.448,62.911,62.472,61.983,61.592,61.153,60.811,60.42,60.127,59.785,59.492,59.15,58.857,58.613,58.369,58.124,57.88,57.587,57.441,57.196,56.903,56.757,56.561,56.366,56.22,56.073,55.878,55.633,55.438,55.243,55.047,54.852,54.657,54.51,54.363,54.168,54.07,53.924,53.729,53.631,53.484,53.338,53.24,53.045,52.947,52.8,52.654,52.507,52.312,52.166,51.97,51.97,52.361,53.729,56.757,62.032,69.31,77.76,86.405,94.66,102.18,108.73,114.3,118.89,122.35,124.8,126.31,127.04,127.24,126.85,126.16,125.24,124.26,123.14,121.87,120.6,119.37,118.06,116.69,115.22,113.66,112,110.09,107.99,105.7,103.01,100.03,96.809,93.341,89.873,86.356,83.133,80.3,78.053,76.294,75.073,74.243,73.803,73.657,73.657,73.803,73.999,74.194,74.243,74.292,74.194,73.999,73.657,73.315,72.778,72.289,71.654,71.068,70.433,69.798,69.163,68.479,67.796,67.161,66.526,65.94,65.353,64.816,64.279,63.79,63.302,62.814,62.374,61.934,61.544,61.153,60.86,60.567,60.225,59.932,59.59,59.346,59.101,58.857,58.613,58.369,58.124,57.929,57.685,57.49,57.294,57.099,56.903,56.806,56.61,56.464,56.366,56.171,56.073,55.878,55.731,55.633,55.487,55.34,55.243,55.194,55.047,54.998,54.901,54.803,54.754,54.608,54.51,54.363,54.217,54.119,53.973,53.875,53.924,54.363,55.682,58.613,63.693,70.629,78.688,86.991,95.002,102.23,108.63,113.9,118.25,121.48,123.82,125.19,125.72,125.72,125.24,124.41,123.38,122.16,120.89,119.47,118.2,116.79,115.37,113.9,112.44,110.83,109.07,107.12,104.92,102.43,99.691,96.565,93.243,89.873,86.503,83.426,80.739,78.59,76.929,75.757,74.878,74.341,74.097,73.999,74.048,74.097,74.243,74.292,74.292,74.194,74.048,73.803,73.413,72.973,72.485,71.947,71.361,70.726,70.189,69.505,68.87,68.186,67.551,66.916,66.281,65.744,65.158,64.572,63.986,63.448,63.009,62.472,62.032,61.592,61.251,60.811,60.42,60.127,59.785,59.443,59.101,58.857,58.564,58.32,58.027,57.88,57.587,57.343,57.196,56.903,56.757,56.561,56.366,56.122,55.926,55.731,55.536,55.34,55.243,55.047,54.852,54.657,54.51,54.315,54.119,53.924,53.777,53.68,53.484,53.338,53.24,53.045,52.947,52.8,52.654,52.556,52.41,52.214,52.068,51.97,52.166,53.045,55.292,59.687,66.184,74.243,82.937,91.436,99.349,106.38,112.44,117.42,121.28,124.16,126.12,127.19,127.48,127.29,126.75,125.97,124.99,123.92,122.75,121.48,120.16,118.94,117.57,116.2,114.69,113.07,111.22,109.26,107.07,104.48,101.69,98.567,95.197,91.632,88.066,84.696,81.618,78.981,76.929,75.366,74.292,73.608,73.315,73.217,73.315,73.413,73.608,73.755,73.803,73.803,73.657,73.51,73.168,72.778,72.289,71.752,71.117,70.482,69.798,69.114,68.431,67.747,67.063,66.379,65.744,65.109,64.474,63.937,63.351,62.814,62.276,61.885,61.348,61.006,60.616,60.225,59.883,59.492,59.15,58.906,58.662,58.418,58.173,57.929,57.734,57.538,57.294,57.099,56.903,56.757,56.561,56.366,56.22,56.073,55.926,55.731,55.536,55.34,55.194,54.998,54.803,54.657,54.51,54.315,54.168,54.07,53.924,53.777,53.68,53.484,53.338,53.191,53.045,52.947,52.8,52.654,52.556,52.556,52.752,53.631,55.731,59.736,65.842,73.559,81.863,90.117,97.884,104.72,110.68,115.61,119.57,122.45,124.36,125.48,125.87,125.63,124.99,124.02,122.84,121.57,120.25,118.89,117.47,116.1,114.69,113.12,111.51,109.75,107.8,105.6,103.11,100.37,97.297,93.976,90.557,87.187,83.914,81.032,78.688,76.881,75.464,74.536,73.901,73.657,73.608,73.657,73.803,73.901,74.048,74.097,74.097,73.999,73.803,73.559,73.168,72.729,72.24,71.654,71.117,70.482,69.847,69.163,68.528,67.942,67.258,66.526,65.94,65.305,64.718,64.23,63.693,63.155,62.667,62.179,61.739,61.299,60.909,60.567,60.176,59.883,59.541,59.248,58.906,58.613,58.369,58.027,57.783,57.538,57.294,57.099,56.903,56.659,56.464,56.317,56.073,55.878,55.633,55.487,55.292,55.096,54.901,54.754,54.559,54.412,54.217,54.07,53.875,53.729,53.631,53.484,53.338,53.24,53.094,52.996,52.849,52.752,52.556,52.41,52.312,52.166,51.97,51.872,51.872,52.166,53.24,55.878,60.616,67.405,75.66,84.354,92.755,100.37,107.12,112.93,117.62,121.28,123.92,125.68,126.7,126.99,126.75,126.12,125.24,124.16,123.04,121.87,120.69,119.42,118.11,116.79,115.37,113.86,112.24,110.44,108.43,106.14,103.5,100.62,97.493,94.123,90.606,87.138,83.865,80.984,78.59,76.734,75.318,74.341,73.755,73.413,73.364,73.413,73.559,73.657,73.755,73.755,73.657,73.559,73.364,72.973,72.533,71.996,71.41,70.824,70.189,69.554,68.87,68.186,67.503,66.819,66.184,65.5,64.865,64.279,63.693,63.155,62.618,62.032,61.592,61.104,60.664,60.322,59.932,59.541,59.248,58.906,58.613,58.369,58.124,57.88,57.685,57.441,57.245,57.001,56.806,56.561,56.415,56.22,56.122,55.975,55.78,55.633,55.438,55.243,55.096,54.901,54.754,54.559,54.363,54.168,54.07,53.875,53.68,53.533,53.338,53.24,53.045,52.947,52.752,52.556,52.312,52.117,51.921,51.872,51.97,52.605,54.412,58.027,63.79,71.215,79.421,87.626,95.344,102.28,108.29,113.32,117.23,120.11,122.06,123.18,123.58,123.43,122.84,121.91,120.89,119.62,118.35,117.13,115.81,114.49,113.07,111.61,110.05,108.43,106.53,104.48,102.18,99.495,96.565,93.341,90.069,86.698,83.475,80.69,78.444,76.636,75.366,74.438,73.901,73.755,73.657,73.852,74.048,74.243,74.438,74.487,74.487,74.438,74.194,73.901,73.51,73.071,72.485,71.947,71.312,70.629,69.945,69.163,68.528,67.844,67.112,66.428,65.744,65.109,64.572,64.035,63.497,63.009,62.472,62.032,61.69,61.299,60.909,60.616,60.225,59.932,59.59,59.346,59.053,58.759,58.466,58.222,58.027,57.783,57.538,57.343,57.099,56.903,56.659,56.464,56.22,56.073,55.878,55.682,55.487,55.292,55.096,54.901,54.754,54.608,54.51,54.363,54.217,54.07,53.924,53.729,53.68,53.533,53.338,53.191,53.045,52.849,52.8,52.996,53.777,55.926,60.127,66.477,74.438,83.035,91.485,99.3,106.19,112.1,116.98,120.79,123.62,125.48,126.51,126.85,126.6,126.07,125.19,124.16,123.04,121.87,120.69,119.42,118.11,116.79,115.42,113.9,112.24,110.44,108.43,106.14,103.55,100.67,97.542,94.171,90.655,87.284,84.11,81.228,78.883,77.027,75.66,74.731,74.194,73.901,73.852,73.999,74.097,74.292,74.341,74.438,74.292,74.194,73.901,73.559,73.12,72.631,72.045,71.41,70.873,70.238,69.554,68.919,68.235,67.6,66.916,66.281,65.695,65.109,64.572,63.986,63.448,62.862,62.227,61.69,61.104,60.616,60.176,59.687,59.248,58.857,58.466,58.124,57.734,57.441,57.05,56.757,56.415,56.122,55.78,55.536,55.243,54.998,54.754,54.51,54.217,54.07,53.777,53.68,53.484,53.338,53.24,53.191,53.045,52.996,52.947,52.849,52.849,52.849,52.849,52.8,52.8,52.752,52.752,52.605,52.556,52.507,52.361,52.312,52.214,52.166,52.361,52.996,54.754,58.369,64.132,71.557,79.86,88.261,96.076,103.11,109.31,114.44,118.5,121.48,123.58,124.75,125.19,125.04,124.41,123.58,122.5,121.23,119.86,118.54,117.18,115.86,114.44,112.98,111.41,109.75,107.95,105.85,103.5,100.81,97.884,94.611,91.241,87.822,84.5,81.57,79.127,77.174,75.66,74.634,73.901,73.559,73.413,73.51,73.608,73.755,73.852,73.999,73.999,73.901,73.755,73.51,73.168,72.778,72.289,71.801,71.215,70.629,70.042,69.407,68.821,68.186,67.6,66.965,66.379,65.793,65.158,64.67,64.132,63.595,63.107,62.667,62.227,61.788,61.446,61.055,60.664,60.371,60.029,59.736,59.443,59.101,58.808,58.564,58.222,58.027,57.783,57.538,57.294,57.05,56.806,56.61,56.366,56.122,55.878,55.682,55.438,55.243,55.047,54.852,54.754,54.608,54.51,54.363,54.217,54.119,53.973,53.875,53.729,53.533,53.435,53.24,53.094,53.045,53.191,53.777,55.536,59.15,64.914,72.436,80.788,89.189,97.053,104.14,110.24,115.37,119.42,122.45,124.5,125.68,126.12,126.07,125.58,124.75,123.72,122.6,121.43,120.16,118.94,117.67,116.3,114.88,113.32,111.66,109.85,107.8,105.5,102.87,99.984,96.809,93.439,89.922,86.405,83.23,80.446,78.199,76.441,75.171,74.292,73.803,73.559,73.559,73.657,73.803,73.999,74.048,74.097,74.048,73.901,73.755,73.413,72.973,72.436,71.85,71.312,70.677,69.994,69.31,68.675,67.991,67.356,66.721,66.135,65.5,64.865,64.279,63.79,63.253,62.716,62.276,61.885,62.618,62.227,61.885,61.495,61.153,60.86,60.567,60.322,59.981,59.736,59.443,59.15,59.004,58.759,58.466,58.32,58.027,57.88,57.685,57.49,57.294,57.099,56.903,56.757,56.561,56.366,56.171,55.975,55.78,55.536,55.292,55.096,54.852,54.657,54.51,54.363,54.559,55.243,57.196,61.055,67.112,74.878,83.377,91.778,99.691,106.68,112.68,117.62,121.48,124.26,126.07,126.99,127.24,126.95,126.16,125.14,124.02,122.75,121.43,120.06,118.69,117.23,115.81,114.25,112.54,110.73,108.73,106.43,103.84,101.06,97.932,94.611,91.094,87.675,84.403,81.618,79.372,77.564,76.246,75.22,74.683,74.438,74.341,74.487,74.634,74.731,74.878,74.927,74.927,74.731,74.487,74.097,73.755,73.217,72.729,72.192,71.605,70.922,70.238,69.554,68.919,68.235,67.6,66.916,66.281,65.744,65.109,64.572,64.035,63.546,63.058,62.618,62.179,61.739,61.348,61.006,60.664,60.371,60.029,59.736,59.443,59.15,58.857,58.613,58.369,58.173,57.929,57.734,57.538,57.294,57.099,56.903,56.757,56.464,56.317,56.122,55.926,55.731,55.487,55.292,55.047,54.852,54.657,54.51,54.217,54.07,53.777,53.729,53.973,54.901,57.245,61.544,67.991,75.806,84.158,92.315,99.789,106.43,112.05,116.74,120.3,122.79,124.31,124.99,124.99,124.5,123.58,122.45,121.13,119.67,118.2,116.69,115.13,113.56,111.95,110.24,108.39,106.28,103.99,101.45,98.567,95.344,91.973,88.554,85.135,82.009,79.323,77.125,75.464,74.243,73.51,73.12,72.924,73.071,73.217,73.51,73.657,73.803,73.852,73.852,73.803,73.608,73.315,72.875,72.387,71.85,71.361,70.824,70.189,69.554,68.919,68.235,67.6,66.965,66.379,65.744,65.109,64.572,64.035,63.546,63.058,62.618,62.179,61.739,61.299,60.909,60.567,60.225,59.981,59.736,59.443,59.15,59.004,58.759,58.564,58.369,58.173,57.978,57.88,57.685,57.538,57.343,57.245,57.099,57.001,56.855,56.757,56.659,56.61,56.464,56.366,56.22,56.122,55.926,55.78,55.682,55.487,55.34,55.292,55.292,55.536,56.366,58.369,62.13,67.844,75.122,83.035,90.997,98.47,105.16,110.92,115.66,119.37,122.06,123.72,124.6,124.7,124.11,123.14,121.82,120.3,118.59,116.93,115.17,113.42,111.66,109.85,107.99,106.04,103.84,101.45,98.763,95.881,92.657,89.385,85.966,82.84,80.104,77.858,76.197,74.976,74.194,73.755,73.608,73.608,73.803,74.048,74.243,74.438,74.634,74.634,74.536,74.438,74.097,73.755,73.315,72.778,72.24,71.605,70.97,70.287,69.652,68.968,68.382,67.698,66.965,66.379,65.744,65.109,64.572,63.986,63.497,63.058,62.618,62.179,61.739,61.348,61.006,60.616,60.322,59.981,59.736,59.443,59.15,58.857,58.613,58.369,58.173,57.978,57.783,57.587,57.441,57.245,57.05,56.855,56.757,56.61,56.464,56.366,56.171,56.073,55.878,55.682,55.536,55.438,55.292,55.047,54.852,54.754,54.754,55.194,56.464,59.541,64.67,71.85,80.153,88.799,97.102,104.62,111.17,116.74,121.18,124.5,126.8,128.12,128.75,128.7,128.17,127.29,126.26,124.99,123.67,122.35,120.99,119.62,118.2,116.74,115.17,113.51,111.56,109.41,106.97,104.28,101.35,98.03,94.611,91.045,87.529,84.354,81.667,79.567,77.858,76.685,75.904,75.562,75.415,75.464,75.611,75.757,75.855,75.904,75.855,75.757,75.464,75.171,74.731,74.243,73.608,72.973,72.387,71.752,71.068,70.384,69.749,69.114,68.626,68.284,68.186,68.528,69.847,72.24,75.757,80.251,85.282,90.655,95.881,100.72,104.92,108.39,110.88,112.49,113.22,113.12,112.29,110.83,108.82,106.38,103.55,100.47,97.2,93.732,90.069,86.356,82.595,78.932,75.464,72.436,69.847,67.942,66.477,65.598,65.256,65.158,65.5,65.988,66.623,67.307,67.991,68.626,69.163,69.554,69.798,69.945,69.945,69.798,69.554,69.163,68.675,68.186,67.6,66.965,66.379,65.744,65.109,64.572,63.937,63.351,62.814,62.227,61.739,61.251,60.811,60.371,59.981,59.59,59.15,58.808,58.466,58.222,57.978,57.734,57.49,57.294,57.05,56.855,56.61,56.415,56.22,56.073,55.926,55.731,55.633,55.438,55.292,55.243,55.096,55.047,54.901,54.803,54.754,54.608,54.559,54.51,54.412,54.412,54.363,54.315,54.315,54.217,54.168,54.07,53.924,53.777,53.68,53.631,53.533,53.631,54.119,55.682,59.248,65.549,74.097,83.816,93.439,102.28,110.19,116.79,122.26,126.36,129.24,130.85,131.49,131.29,130.51,129.19,127.53,125.72,123.82,121.82,119.86,117.86,115.86,113.81,111.61,109.26,106.63,103.74,100.62,97.249,93.732,90.166,86.747,83.621,81.032,79.03,77.613,76.636,76.001,75.757,75.757,75.904,76.099,76.294,76.49,76.636,76.636,76.49,76.294,76.05,75.66,75.22,74.731,74.097,73.51,72.778,72.045,71.361,70.677,69.945,69.261,68.626,67.942,67.307,66.672,66.135,65.5,64.914,64.425,63.937,63.448,63.009,62.569,62.179,61.788,61.446,61.104,60.811,60.42,60.176,59.932,59.59,59.346,59.15,58.906,58.662,58.466,58.32,58.124,57.929,57.734,57.538,57.343,57.196,57.001,56.855,56.757,56.61,56.464,56.366,56.171,55.975,55.78,55.682,55.487,55.292,55.096,54.998,55.047,55.78,57.734,61.788,68.235,76.49,85.477,94.416,102.67,110,116.25,121.38,125.29,128.12,129.88,130.66,130.76,130.32,129.39,128.26,126.95,125.58,124.06,122.6,121.13,119.62,118.01,116.25,114.44,112.44,110.19,107.7,104.87,101.74,98.323,94.758,91.045,87.48,84.256,81.57,79.372,77.76,76.636,75.904,75.611,75.562,75.611,75.806,76.001,76.197,76.294,76.294,76.246,76.001,75.757,75.318,74.878,74.243,73.608,72.924,72.192,71.508,70.824,70.042,69.31,68.528,67.844,67.161,66.477,65.793,65.158,64.572,63.986,63.448,62.911,62.472,62.032,61.592,61.251,60.86,60.567,60.176,59.883,59.541,59.248,59.004,58.662,58.418,58.173,57.929,57.685,57.49,57.245,57.001,56.806,56.561,56.366,56.171,55.975,55.78,55.633,55.487,55.292,55.194,54.998,54.803,54.657,54.51,54.363,54.168,54.07,53.973,54.217,55.194,57.538,61.934,68.479,76.539,85.184,93.634,101.45,108.39,114.25,119.13,122.79,125.43,127.04,127.73,127.83,127.29,126.36,125.14,123.67,122.16,120.69,119.13,117.47,115.86,114.2,112.39,110.39,108.09,105.7,102.91,99.886,96.565,92.999,89.385,85.868,82.693,80.104,78.053,76.539,75.562,74.878,74.634,74.634,74.78,75.073,75.366,75.611,75.757,75.806,75.757,75.611,75.318,74.927,74.487,73.901,73.364,72.729,72.094,71.41,70.824,70.091,69.505,68.87,68.235,67.6,67.063,66.477,65.988,65.5,65.06,64.621,64.23,63.79,63.448,63.107,62.716,62.472,62.227,61.983,61.69,61.446,61.153,60.909,60.664,60.42,60.176,59.932,59.736,59.541,59.346,59.15,59.004,58.759,58.466,58.32,58.124,57.929,57.734,57.538,57.294,57.099,56.855,56.61,56.366,56.122,55.878,55.633,55.487,55.536,56.122,57.88,61.544,67.356,75.073,83.67,92.315,100.37,107.7,113.9,119.13,123.18,126.07,127.87,128.8,128.95,128.56,127.68,126.56,125.19,123.72,122.16,120.69,119.18,117.67,116.1,114.49,112.68,110.68,108.39,105.8,102.91,99.74,96.321,92.755,89.189,85.819,82.791,80.3,78.444,77.027,76.099,75.562,75.366,75.415,75.562,75.806,76.05,76.197,76.294,76.294,76.246,76.001,75.66,75.318,74.78,74.243,73.608,72.973,72.24,71.557,70.873,70.091,69.407,68.724,68.04,67.356,66.721,66.135,65.549,65.012,64.425,63.937,63.497,63.058,62.618,62.179,61.739,61.446,61.055,60.713,60.42,60.176,59.883,59.59,59.297,59.101,58.857,58.662,58.466,58.32,58.027,57.88,57.685,57.538,57.343,57.245,57.05,56.903,56.806,56.61,56.415,56.317,56.122,55.926,55.731,55.536,55.487,55.536,56.122,57.734,61.251,66.965,74.634,83.23,91.925,100.03,107.41,113.81,119.13,123.28,126.31,128.26,129.24,129.49,129.09,128.31,127.24,125.92,124.6,123.18,121.67,120.25,118.74,117.18,115.47,113.76,111.76,109.61,107.16,104.38,101.3,97.932,94.367,90.655,87.138,83.914,81.179,78.981,77.369,76.246,75.611,75.318,75.22,75.366,75.611,75.855,76.05,76.197,76.197,76.05,75.855,75.562,75.122,74.536,73.901,73.315,72.631,71.85,71.166,70.482,69.749,69.066,68.284,67.698,66.965,66.379,65.793,65.256,64.718,64.23,63.79,63.351,62.911,62.472,62.13,61.788,61.495,61.104,60.86,60.567,60.322,60.029,59.883,59.59,59.346,59.15,59.004,58.808,58.564,58.369,58.124,57.929,57.734,57.538,57.343,57.196,57.05,56.903,56.757,56.61,56.415,56.317,56.122,55.926,55.78,55.682,55.682,55.878,56.561,58.369,62.032,67.796,75.366,83.719,92.218,100.23,107.41,113.76,118.94,122.99,125.92,127.73,128.61,128.8,128.36,127.48,126.31,124.8,123.23,121.57,119.81,118.11,116.35,114.54,112.73,110.73,108.63,106.28,103.7,100.81,97.542,94.123,90.606,87.236,84.11,81.57,79.567,78.053,76.978,76.343,76.05,76.05,76.099,76.294,76.441,76.636,76.734,76.783,76.734,76.49,76.197,75.806,75.318,74.731,74.097,73.51,72.778,72.094,71.361,70.629,69.945,69.261,68.528,67.844,67.307,66.672,66.135,65.549,65.06,64.572,64.035,63.546,63.107,62.667,62.276,61.934,61.544,61.251,60.909,60.616,60.371,60.127,59.785,59.541,59.346,59.101,58.906,58.662,58.466,58.222,58.027,57.929,57.734,57.587,57.49,57.294,57.196,57.001,56.855,56.659,56.561,56.317,56.122,55.975,55.926,56.171,57.099,59.492,63.986,70.629,78.932,87.871,96.614,104.72,111.95,118.06,123.04,126.8,129.49,131.1,131.88,131.93,131.49,130.61,129.49,128.17,126.8,125.48,124.11,122.75,121.38,120.01,118.5,116.93,115.13,112.98,110.63,107.95,104.87,101.5,97.884,94.123,90.41,86.991,84.012,81.57,79.665,78.346,77.564,77.125,76.929,76.978,77.125,77.32,77.467,77.564,77.564,77.467,77.223,76.929,76.49,76.001,75.415,74.731,74.048,73.364,72.631,71.85,71.117,70.433,69.749,68.968,68.284,67.6,66.965,66.379,65.793,65.256,64.718,64.23,63.742,63.253,62.716,62.276,61.885,61.495,61.153,60.86,60.567,60.225,59.932,59.59,59.346,59.101,58.857,58.662,58.418,58.173,57.929,57.685,57.49,57.294,57.05,56.855,56.61,56.415,56.22,56.073,55.878,55.682,55.487,55.292,122.11,120.69,119.18,117.67,116.05,114.34,112.49,110.39,107.99,105.26,102.18,98.812,95.099,91.387,87.724,84.403,81.57,79.372,77.662,76.539,75.855,75.611,75.562,75.757,76.001,76.294,76.539,76.783,76.929,76.881,76.734,76.441,76.05,75.562,74.976,74.292,73.608,72.924,72.24,71.557,70.873,70.189,69.505,68.821,68.186,67.551,66.965,66.428,65.842,65.353,64.914,64.474,64.132,63.742,63.448,63.058,62.716,62.472,62.227,61.983,61.739,61.544,61.299,61.104,60.86,60.664,60.567,60.371,60.176,59.981,59.785,59.687,59.492,59.346,59.248,59.053,58.906,58.759,58.466,58.32,58.124,57.88,57.587,57.343,57.099,56.855,56.757,56.855,57.685,59.883,63.986,70.238,78.102,86.747,95.246,103.16,110.19,116.2,121.04,124.8,127.43,129,129.68,129.68,129.05,128.12,126.85,125.48,124.02,122.45,120.94,119.37,117.86,116.3,114.64,112.78,110.73,108.43,105.8,102.82,99.495,95.93,92.218,88.701,85.428,82.595,80.446,78.737,77.613,76.929,76.636,76.539,76.685,76.881,77.027,77.32,77.369,77.369,77.223,77.027,76.734,76.343,75.855,75.318,74.683,73.999,73.315,72.533,71.85,71.117,70.433,69.652,68.968,68.284,67.698,67.063,66.477,65.842,65.305,64.816,64.279,63.839,63.448,63.009,62.569,62.179,61.885,61.495,61.153,60.909,60.616,60.322,60.029,59.785,59.541,59.297,59.053,58.857,58.662,58.466,58.32,58.124,57.978,57.88,57.734,57.587,57.441,57.245,57.099,56.903,56.757,56.561,56.366,56.171,56.171,56.415,57.538,60.176,65.012,71.947,80.446,89.385,98.03,105.99,112.98,118.94,123.72,127.24,129.68,131.05,131.63,131.49,130.85,129.93,128.75,127.48,126.16,124.94,123.62,122.26,120.89,119.37,117.76,115.91,113.9,111.61,108.97,106.04,102.72,99.154,95.344,91.534,87.871,84.598,81.863,79.762,78.248,77.174,76.685,76.441,76.49,76.685,76.881,77.125,77.223,77.369,77.32,77.174,76.929,76.49,76.001,75.366,74.731,74.048,73.315,72.533,71.801,70.97,70.238,69.505,68.821,68.04,67.356,66.672,66.037,65.402,64.865,64.377,63.839,63.351,62.911,62.569,62.179,61.788,61.446,61.104,60.811,60.567,60.322,60.029,59.785,59.59,59.443,59.248,59.101,58.906,58.759,58.564,58.369,58.173,58.027,57.88,57.734,57.587,57.441,57.294,57.099,56.903,56.757,56.464,56.317,56.073,55.878,55.731,55.682,55.975,57.001,59.492,64.035,70.726,78.786,87.48,95.979,103.79,110.73,116.69,121.48,125.14,127.68,129.19,129.83,129.73,129.19,128.26,127.04,125.68,124.26,122.75,121.23,119.77,118.25,116.64,114.93,113.07,110.92,108.53,105.8,102.67,99.3,95.686,91.973,88.506,85.282,82.693,80.593,79.03,78.053,77.369,77.027,76.929,76.978,77.125,77.223,77.369,77.467,77.467,77.418,77.223,76.929,76.539,76.05,75.464,74.878,74.194,73.51,72.729,72.045,71.312,70.531,69.847,69.114,68.479,67.796,67.161,66.623,66.037,65.5,65.012,64.474,63.986,63.546,63.107,62.716,62.374,61.983,61.69,61.348,61.055,60.713,60.469,60.322,60.029,59.883,59.59,59.443,59.248,59.053,58.857,58.662,58.466,58.32,58.124,57.978,57.783,57.685,57.49,57.294,57.099,56.903,56.757,56.561,56.415,56.415,56.806,58.027,60.909,65.988,73.168,81.716,90.752,99.447,107.36,114.34,120.25,124.94,128.41,130.76,132.07,132.56,132.42,131.88,130.95,129.83,128.56,127.24,125.92,124.6,123.23,121.82,120.3,118.69,116.93,114.93,112.68,110.09,107.26,104.04,100.62,96.907,93.195,89.531,86.259,83.475,81.228,79.616,78.492,77.858,77.467,77.467,77.613,77.809,78.004,78.102,78.199,78.199,78.004,77.662,77.32,76.783,76.197,75.562,74.878,74.097,73.364,72.68,71.947,71.166,70.433,69.652,68.968,68.284,67.698,67.063,66.428,65.793,65.305,64.718,64.279,63.839,63.448,63.009,62.618,62.227,61.934,61.592,61.299,61.006,60.713,60.469,60.176,59.981,59.736,59.492,59.297,59.053,58.857,58.662,58.418,58.222,58.027,57.88,57.685,57.538,57.343,57.099,56.903,56.659,56.415,56.171,55.975,55.731,55.536,55.34,55.438,55.878,57.441,60.713,66.281,73.803,82.449,91.192,99.544,107.07,113.66,119.18,123.58,126.75,128.85,129.97,130.32,130.07,129.39,128.31,127.04,125.68,124.26,122.75,121.23,119.77,118.25,116.54,114.78,112.78,110.63,108.04,105.16,101.99,98.47,94.758,90.948,87.284,84.012,81.277,79.225,77.76,76.734,76.197,76.001,76.05,76.246,76.539,76.783,77.027,77.174,77.174,77.027,76.783,76.441,76.001,75.415,74.78,74.097,73.413,72.68,71.996,71.215,70.482,69.798,69.114,68.382,67.747,67.063,66.428,65.842,65.305,64.816,64.279,63.839,63.448,63.009,62.618,62.227,61.934,61.592,61.348,61.104,60.86,60.616,60.371,60.127,59.932,59.736,59.541,59.297,59.101,58.906,58.662,58.466,58.369,58.173,58.027,57.929,57.783,57.734,57.685,57.538,57.343,57.245,57.05,56.903,56.757,56.561,56.464,56.415,56.561,57.099,58.662,61.885,67.112,74.292,82.693,91.241,99.495,106.92,113.37,118.74,123.04,126.16,128.17,129.24,129.49,129.09,128.31,127.14,125.72,124.26,122.7,121.04,119.42,117.81,116.1,114.34,112.49,110.44,108.04,105.41,102.38,99.105,95.539,91.925,88.359,85.135,82.351,80.251,78.688,77.564,76.881,76.539,76.539,76.685,76.881,77.125,77.32,77.418,77.418,77.369,77.174,125.97,126.75,126.8,126.41,125.63,124.5,123.23,121.87,120.5,119.13,117.76,116.3,114.78,113.22,111.61,109.75,107.75,105.41,102.82,99.886,96.662,93.341,89.873,86.405,83.23,80.495,78.297,76.539,75.318,74.487,73.999,73.803,73.803,73.901,74.097,74.243,74.292,74.292,74.243,74.048,73.803,73.413,72.973,72.436,71.85,71.215,70.531,69.847,69.114,68.431,67.747,67.063,66.379,65.695,65.06,64.425,63.839,63.302,62.716,62.227,61.69,61.153,60.664,60.322,59.932,59.59,59.248,58.906,58.613,58.32,57.978,57.734,57.49,57.245,57.001,56.757,56.464,56.317,56.122,55.926,55.682,55.487,55.292,55.096,54.998,54.754,54.559,54.412,54.217,54.119,53.924,53.729,53.533,53.338,53.24,53.094,52.996,52.849,52.752,52.556,52.41,52.312,52.117,51.97,51.872,51.677,51.628,51.628,51.775,52.654,54.852,59.053,65.353,73.315,81.814,90.215,98.03,105.11,111.12,116.1,120.06,122.94,124.75,125.82,126.12,125.82,125.14,124.06,122.84,121.48,120.11,118.74,117.37,116,114.54,113.07,111.41,109.61,107.6,105.36,102.72,99.886,96.662,93.243,89.727,86.356,83.23,80.544,78.346,76.734,75.611,74.927,74.536,74.438,74.438,74.634,74.731,74.927,74.976,75.073,74.976,74.878,74.634,74.292,73.852,73.413,72.875,72.289,71.654,71.068,70.384,69.749,69.114,68.479,67.844,67.258,66.623,66.037,65.5,64.914,64.377,63.839,63.351,62.911,62.569,62.13,61.739,61.348,61.006,60.616,60.225,59.932,59.59,59.297,59.004,58.662,58.418,58.124,57.88,57.538,57.294,57.05,56.855,56.61,56.464,56.317,56.122,55.926,55.78,55.633,55.487,55.292,55.194,55.047,54.852,54.754,54.608,54.51,54.363,54.217,54.119,53.924,53.729,53.631,53.435,53.24,53.094,53.191,53.729,55.34,58.906,64.67,72.289,80.935,89.629,97.884,105.16,111.51,116.69,120.89,123.87,125.92,127.04,127.48,127.39,126.8,125.92,124.94,123.82,122.6,121.38,120.11,118.89,117.47,116.1,114.54,112.88,110.97,108.82,106.38,103.7,100.67,97.493,94.074,90.508,86.943,83.621,80.739,78.346,76.636,75.318,74.487,73.999,73.852,73.852,74.048,74.243,74.438,74.487,74.487,74.341,74.194,73.852,73.51,72.973,72.485,71.85,71.215,70.531,69.847,69.163,68.431,67.747,66.965,66.281,65.695,65.06,64.425,63.839,63.253,62.667,62.179,61.69,61.251,60.811,60.42,60.029,59.687,59.297,59.004,58.662,58.369,58.027,57.734,57.49,57.245,57.001,56.757,56.464,56.317,56.073,55.878,55.633,55.438,55.194,54.998,54.803,54.608,54.51,54.315,54.168,53.973,53.875,53.68,53.533,53.338,53.24,53.191,53.045,52.947,52.8,52.654,52.507,52.361,52.166,52.068,51.921,51.775,51.726,51.97,52.849,55.096,59.297,65.695,73.51,81.863,90.069,97.688,104.38,110.09,114.78,118.45,120.99,122.6,123.43,123.58,123.18,122.35,121.28,120.11,118.79,117.47,116.1,114.78,113.51,112.1,110.68,109.07,107.31,105.31,103.01,100.42,97.493,94.318,90.948,87.48,84.158,81.277,78.883,76.929,75.562,74.634,74.048,73.852,73.852,73.999,74.243,74.438,74.683,74.78,74.878,74.78,74.634,74.292,73.999,73.559,72.973,72.387,71.752,71.068,70.384,69.652,68.919,68.235,67.551,66.868,66.184,65.5,64.865,64.279,63.742,63.253,62.716,62.276,61.885,61.446,61.055,60.713,60.469,60.176,59.932,59.59,59.297,59.053,58.759,58.466,58.222,57.978,57.783,57.538,57.294,57.05,56.855,56.659,56.464,56.317,56.073,55.878,55.633,55.438,55.243,55.096,54.901,54.657,54.51,54.363,54.168,54.07,53.924,53.777,53.68,53.533,53.435,53.24,53.094,52.947,52.8,52.605,52.41,52.361,52.507,53.191,55.047,58.857,64.914,72.68,81.228,89.824,97.786,105.01,111.17,116.25,120.3,123.28,125.24,126.31,126.6,126.36,125.72,124.8,123.82,122.6,121.48,120.3,119.13,117.91,116.64,115.22,113.81,112.19,110.29,108.24,105.85,103.26,100.33,97.102,93.683,90.166,86.698,83.426,80.593,78.297,76.539,75.318,74.487,73.999,73.803,73.803,73.901,74.097,74.292,74.438,74.487,74.438,74.292,74.048,73.657,73.217,72.729,72.192,71.557,70.873,70.189,69.505,68.821,68.186,67.503,66.868,66.233,65.598,65.012,64.425,63.839,63.351,62.862,62.423,61.934,61.544,61.104,60.713,60.371,59.981,59.687,59.346,59.101,58.808,58.564,58.32,58.027,57.783,57.538,57.294,57.05,56.806,56.464,56.22,55.975,55.731,55.487,55.243,54.998,54.754,54.559,54.363,54.168,53.973,53.729,53.533,53.338,53.094,52.947,52.752,52.605,52.41,52.312,52.166,51.97,51.775,51.677,51.482,51.384,51.189,51.042,50.847,50.798,50.798,51.286,52.8,56.122,61.544,68.919,77.223,85.673,93.536,100.72,107.07,112.29,116.54,119.77,121.91,123.23,123.72,123.67,123.18,122.31,121.18,120.01,118.69,117.37,116.05,114.69,113.32,111.85,110.39,108.68,106.82,104.67,102.23,99.544,96.565,93.292,89.922,86.503,83.23,80.349,78.004,76.099,74.731,73.803,73.168,72.875,72.875,72.924,73.12,73.315,73.413,73.51,73.51,73.413,73.217,72.924,72.533,72.045,71.557,70.922,70.287,69.652,69.066,68.431,67.747,67.112,66.477,65.842,65.305,64.67,64.132,63.595,63.107,62.618,62.179,61.739,61.299,60.909,60.567,60.225,59.932,59.687,59.443,59.15,59.004,58.759,58.564,58.369,58.173,57.978,57.783,57.587,57.441,57.245,57.099,57.001,56.855,56.757,56.61,56.464,56.317,56.171,56.073,55.975,55.878,55.731,55.682,55.633,55.487,55.438,55.292,55.096,54.901,54.803,54.657,54.51,54.315,54.119,54.07,54.119,54.608,55.975,59.053,64.132,70.97,78.786,86.845,94.513,101.45,107.51,112.54,116.54,119.57,121.67,122.84,123.38,123.23,122.7,121.72,120.6,119.33,117.86,116.35,114.93,113.42,112,110.44,108.87,107.12,105.16,103.01,100.57,97.786,94.806,91.534,88.164,84.842,81.814,79.127,76.978,75.415,74.292,73.559,73.12,72.973,73.071,73.168,73.364,73.559,73.657,73.755,73.657,73.559,73.315,72.973,72.631,72.094,71.557,70.97,70.384,69.652,69.066,68.382,67.698,67.063,66.428,65.793,65.158,64.572,63.986,63.448,62.911,62.423,61.934,61.495,61.104,60.713,60.371,60.029,59.687,59.346,59.101,58.808,58.466,58.173,57.929,57.685,57.441,57.245,57.05,56.806,56.561,56.366,56.122,55.926,55.78,55.633,55.34,55.194,54.998,54.803,54.657,54.51,54.315,54.119,53.924,53.729,53.631,53.484,53.338,53.24,53.094,52.947,52.8,52.605,52.507,52.361,52.166,52.068,51.921,51.872,52.068,52.8,54.803,58.808,65.012,72.875,81.423,89.971,97.932,105.06,111.17,116.25,120.25,123.18,125.14,126.16,126.56,126.36,125.82,124.99,124.02,122.94,121.72,120.55,119.23,117.91,116.54,115.17,113.66,112.05,110.24,108.29,106.14,103.6,100.86,97.737,94.416,90.948,87.431,84.061,81.13,78.541,76.636,75.171,74.194,73.559,73.315,73.217,73.315,73.51,73.608,73.755,73.803,73.755,73.608,73.364,72.973,72.533,72.045,71.508,70.873,70.189,69.505,68.821,68.089,67.405,66.819,66.135,65.5,64.865,64.23,63.595,63.058,62.472,61.934,61.495,61.006,60.567,60.176,59.736,59.346,59.053,58.759,58.418,58.124,57.783,57.538,57.294,57.099,56.855,56.659,56.464,56.317,56.073,55.878,55.682,55.487,55.34,55.194,55.047,54.901,54.754,54.608,54.412,54.217,54.119,53.924,53.777,53.68,53.533,53.435,53.24,53.094,52.947,52.8,52.605,52.507,52.312,52.117,51.921,51.726,51.628,51.677,52.117,53.484,56.561,61.739,68.821,76.929,85.233,93.097,100.33,106.53,111.85,116.05,119.23,121.38,122.6,123.14,123.04,122.5,121.62,120.55,119.33,118.06,116.69,115.32,113.9,112.49,111.07,109.51,107.8,105.94,103.79,101.45,98.812,95.783,92.608,89.238,85.868,82.595,79.811,77.467,75.757,74.487,73.608,73.12,72.924,72.924,73.12,73.364,73.608,73.852,74.048,74.097,74.048,73.901,73.657,73.315,72.924,72.485,71.947,71.361,70.726,70.091,69.505,68.821,68.186,67.551,66.916,66.281,65.695,65.109,64.621,64.132,63.595,63.155,62.814,62.423,62.032,61.592,61.251,60.86,60.469,60.176,59.785,59.492,59.101,58.808,58.466,58.222,57.929,57.587,57.343,57.099,56.903,56.659,56.415,56.22,56.073,55.878,55.731,55.536,55.438,55.243,55.047,54.852,54.754,54.559,54.363,54.217,54.119,53.973,53.875,53.729,53.533,53.435,53.289,53.191,52.996,52.8,52.605,52.41,52.361,52.361,52.849,54.217,57.343,62.716,70.042,78.492,87.04,95.197,102.47,108.87,114.25,118.5,121.72,123.92,125.24,125.87,125.87,125.38,124.6,123.62,122.5,121.28,120.11,118.89,117.62,116.3,114.98,113.51,112,110.29,108.39,106.24,103.84,101.11,98.128,94.806,91.387,87.871,84.549,81.57,79.127,77.174,75.757,74.731,74.097,73.852,73.803,73.852,73.999,74.194,74.243,74.292,74.243,74.097,73.852,73.51,73.071,72.631,72.045,71.41,70.824,70.189,69.505,68.821,68.089,67.405,66.819,66.184,65.598,65.06,64.474,63.937,63.351,62.862,62.423,61.934,61.544,61.104,60.713,60.371,60.029,59.736,59.443,59.15,58.857,58.564,58.222,57.978,57.734,57.538,57.294,57.099,56.903,56.659,56.415,56.171,55.926,55.731,55.536,55.34,55.194,54.998,54.803,54.608,54.412,54.315,54.07,53.875,53.68,53.533,53.338,53.24,53.094,52.996,52.8,52.654,52.507,52.361,52.166,51.97,51.775,51.531,51.384,51.237,51.384,52.117,54.217,58.32,64.572,72.436,80.886,89.092,96.76,103.45,109.17,114,117.76,120.45,122.26,123.18,123.58,123.38,122.79,121.91,120.89,119.67,118.35,116.98,115.61,114.2,112.68,111.12,109.41,107.7,105.75,103.55,101.11,98.372,95.441,92.169,88.847,85.477,82.351,79.616,77.369,75.611,74.292,73.364,72.875,72.631,72.631,72.729,72.924,73.12,73.217,73.315,73.217,73.12,72.875,72.533,72.094,71.605,71.068,70.482,69.847,69.261,68.626,67.942,67.307,66.672,66.135,65.5,64.865,64.279,63.742,63.253,62.667,62.179,61.739,61.299,60.86,60.469,60.127,59.736,59.443,59.101,58.808,58.466,58.222,57.978,57.734,57.538,57.294,57.099,56.903,56.659,56.464,56.22,56.073,55.878,55.682,55.487,55.292,55.096,54.901,54.754,54.608,54.51,54.363,54.168,54.07,53.973,53.875,53.777,53.68,53.533,53.435,53.289,53.191,53.045,52.947,52.752,52.654,52.752,52.996,53.875,55.975,59.932,65.94,73.413,81.423,89.385,96.809,103.5,109.17,113.86,117.57,120.25,121.87,122.75,122.84,122.5,121.67,120.55,119.23,117.81,116.3,114.69,113.07,111.41,109.8,108.09,106.28,104.43,102.28,99.984,97.493,94.66,91.632,88.359,85.135,82.058,79.372,77.174,75.464,74.243,73.364,72.875,72.68,72.68,72.778,72.973,73.168,73.315,73.413,73.413,73.315,73.071,72.729,72.289,71.85,71.312,70.726,70.189,69.554,68.87,68.235,67.6,66.965,66.379,65.744,65.109,64.474,63.937,63.351,62.862,62.374,61.934,61.495,61.055,60.616,60.225,59.883,59.541,59.15,58.857,58.564,58.222,57.978,57.734,57.538,57.294,57.05,56.806,56.561,56.366,56.122,55.926,55.731,55.633,55.438,55.243,55.096,54.901,54.754,54.559,54.363,54.168,54.07,53.875,53.729,53.631,53.435,53.289,53.191,53.045,52.849,52.752,52.605,52.507,52.312,52.166,52.068,51.872,51.726,51.628,51.531,51.726,52.605,54.901,59.346,65.842,73.999,82.595,91.045,98.86,105.75,111.61,116.44,120.11,122.79,124.55,125.58,125.87,125.68,125.04,124.16,123.18,122.11,120.99,119.81,118.59,117.42,116.2,114.88,113.42,111.85,110.09,108.09,105.85,103.31,100.47,97.444,94.123,90.655,87.187,83.914,81.032,78.688,76.881,75.464,74.487,73.901,73.657,73.559,73.608,73.657,73.803,73.852,73.852,73.803,73.608,73.364,72.973,72.533,72.045,71.41,70.824,70.091,69.505,68.821,68.089,67.405,66.819,66.184,65.549,64.914,64.279,63.742,63.107,62.618,62.13,61.592,61.153,60.664,60.322,59.883,59.492,59.101,58.808,58.418,58.124,57.783,57.538,57.294,57.05,56.806,56.561,56.317,56.073,55.878,55.633,55.34,55.194,54.998,54.803,54.608,54.412,54.217,54.07,53.924,53.729,53.533,53.435,53.24,53.045,52.947,52.752,52.605,52.41,52.361,52.214,52.117,51.97,51.872,51.726,51.628,51.482,51.286,51.189,50.993,50.847,50.847,51.091,52.166,54.559,59.004,65.5,73.364,81.667,89.727,97.2,103.79,109.41,114.1,117.67,120.3,121.91,122.79,123.04,122.75,122.01,120.99,119.86,118.59,117.37,116.05,114.78,113.42,112.05,110.63,109.07,107.36,105.41,103.31,100.81,98.03,95.002,91.729,88.359,85.038,81.912,79.225,76.978,75.318,74.048,73.217,72.729,72.533,72.485,72.631,72.778,72.924,73.12,73.168,73.168,73.071,72.875,72.533,72.094,71.654,71.166,70.531,69.945,69.359,68.724,68.089,67.503,66.868,66.281,65.695,65.109,64.621,64.132,63.595,63.155,62.667,62.227,61.885,61.495,61.153,60.909,60.616,60.322,60.029,59.785,59.59,59.443,59.248,59.004,58.808,58.613,58.418,58.222,58.027,57.88,57.685,57.441,57.245,57.05,56.855,56.61,56.415,56.171,55.926,55.731,55.487,55.243,55.047,54.803,54.559,54.363,54.217,54.07,53.875,53.68,53.533,53.338,53.191,52.996,52.8,52.654,52.654,52.947,53.924,56.366,60.811,67.356,75.318,83.719,91.876,99.251,105.8,111.36,115.91,119.42,121.91,123.58,124.31,124.5,124.16,123.48,122.55,121.43,120.25,118.98,117.67,116.35,115.08,113.66,112.19,110.68,108.97,107.12,105.01,102.67,99.984,97.102,93.927,90.606,87.236,83.914,80.984,78.492,76.539,75.073,74.048,73.364,73.071,72.924,72.924,73.071,73.217,73.364,73.413,73.51,73.413,73.217,72.973,72.631,72.192,71.654,71.166,70.531,69.847,69.261,68.528,67.942,67.307,66.623,66.037,65.402,64.816,64.23,63.693,63.155,62.618,62.179,61.69,61.251,60.811,60.42,60.029,59.736,59.346,59.053,58.759,58.418,58.124,57.88,57.587,57.343,57.099,56.855,56.659,56.464,56.22,56.073,55.878,55.633,55.438,55.243,55.096,54.901,54.754,54.559,54.363,54.168,54.07,53.875,53.68,53.484,53.289,53.191,52.996,52.849,52.752,52.605,52.41,52.312,52.166,51.97,51.872,51.726,51.531,51.433,51.384,51.482,52.312,54.315,58.222,64.377,72.192,80.739,89.092,96.907,103.94,109.95,114.93,118.79,121.67,123.48,124.55,124.85,124.7,124.11,123.23,122.26,121.18,120.06,118.94,117.76,116.49,115.17,113.81,112.29,110.68,108.87,106.82,104.48,101.89,99.007,95.881,92.56,89.092,85.819,82.595,79.86,77.613,75.806,74.438,73.51,72.924,72.68,72.631,72.68,72.875,72.973,73.12,73.168,73.12,72.973,72.729,72.387,71.996,71.41,70.873,70.238,69.603,68.919,68.235,67.6,66.916,66.233,65.549,64.914,64.279,63.742,63.155,62.618,62.032,61.544,61.055,60.616,60.176,59.785,59.346,59.053,58.759,58.418,58.124,57.783,57.538,57.294,57.05,56.855,56.61,56.415,56.22,56.073,55.878,55.682,55.536,55.34,55.243,55.047,54.852,54.657,54.51,54.363,54.217,54.07,53.875,53.68,53.484,53.289,53.094,52.996,52.849,52.654,52.556,52.361,52.214,52.068,51.872,51.677,51.482,51.286,51.091,50.944,50.798,50.749,50.944,51.726,53.875,57.929,64.035,103.16,101.01,98.567,95.734,92.657,89.434,86.063,82.791,79.86,77.418,75.464,74.048,73.071,72.436,72.094,72.094,72.24,72.436,72.729,72.924,73.168,73.315,73.364,73.217,73.071,72.778,72.436,72.045,71.605,71.117,70.531,69.945,69.359,68.724,68.186,67.551,66.916,66.379,65.744,65.158,64.67,64.181,63.693,63.155,62.667,62.227,61.788,61.348,60.909,60.567,60.127,59.736
0.81982,0.81006,0.81982,0.81494,0.83008,0.82471,0.82471,0.81494,0.82471,0.82471,0.83984,0.83496,0.84473,0.84473,0.8501,0.84473,0.84473,0.83496,0.83008,0.84473,0.84473,0.8501,0.83496,0.8501,0.83984,0.84473,0.83496,0.84473,0.83496,0.8501,0.8501,0.8501,0.83496,0.83984,0.83008,0.83984,0.82471,0.82471,0.82471,0.83008,0.83496,0.82471,0.82471,0.83496,0.84473,0.81982,0.83008,0.82471,0.81982,0.82471,0.83008,0.82471,0.83984,0.82471,0.83496,0.82471,0.83008,0.82471,0.83984,0.83008,0.83984,0.83496,0.85986,0.875,0.89014,0.89502,0.875,0.85986,0.83984,0.79004,0.75,0.75488,0.78516,0.80469,0.7998,0.81494,0.81982,0.83008,0.82471,0.83008,0.7998,0.81982,0.9248,1.2397,1.4697,1.5,1.5,1.2798,0.97998,0.82471,0.77002,0.75488,0.75488,0.75,0.75488,0.75,0.75488,0.75977,0.77002,0.77002,0.77979,0.77002,0.78516,0.77979,0.7998,0.79492,0.7998,0.7998,0.81006,0.81006,0.82471,0.81982,0.82471,0.81982,0.82471,0.82471,0.82471,0.83008,0.82471,0.82471,0.81982,0.83008,0.82471,0.84473,0.83984,0.8501,0.8501,0.86475,0.85498,0.87012,0.85498,0.86475,0.85498,0.86475,0.85498,0.85986,0.85498,0.86475,0.85498,0.85986,0.86475,0.85498,0.86475,0.85498,0.86475,0.85498,0.86475,0.8501,0.85986,0.8501,0.85986,0.8501,0.85498,0.8501,0.85986,0.8501,0.85986,0.8501,0.85986,0.8501,0.85498,0.8501,0.85498,0.8501,0.8501,0.8501,0.8501,0.85498,0.8501,0.8501,0.8501,0.85986,0.8501,0.85986,0.85498,0.86475,0.85498,0.87988,0.8999,0.91992,0.91992,0.93506,0.8999,0.89014,0.84473,0.7998,0.77979,0.80469,0.81982,0.82471,0.83008,0.82471,0.83984,0.83496,0.8501,0.82471,0.82471,0.87012,1.1099,1.395,1.5,1.5,1.5,1.1196,0.9248,0.78516,0.77002,0.75488,0.75488,0.75488,0.75977,0.75488,0.77002,0.77002,0.77979,0.78516,0.77979,0.79492,0.78516,0.7998,0.80469,0.81494,0.80469,0.81982,0.81494,0.82471,0.81494,0.83008,0.82471,0.82471,0.82471,0.83008,0.82471,0.83008,0.82471,0.83496,0.83984,0.83496,0.8501,0.84473,0.8501,0.85498,0.85986,0.8501,0.85986,0.8501,0.86475,0.85498,0.86475,0.85498,0.86475,0.8501,0.85498,0.8501,0.85498,0.8501,0.85986,0.8501,0.85498,0.8501,0.85986,0.85498,0.86475,0.85498,0.85986,0.8501,0.8501,0.8501,0.8501,0.8501,0.8501,0.8501,0.8501,0.85498,0.83984,0.8501,0.83984,0.84473,0.83496,0.84473,0.83984,0.8501,0.83984,0.84473,0.83008,0.8501,0.83984,0.83984,0.83496,0.8501,0.83984,0.83496,0.84473,0.85986,0.875,0.87988,0.89502,0.8999,0.87988,0.85986,0.83984,0.7749,0.75488,0.77002,0.7998,0.80469,0.82471,0.81982,0.83496,0.82471,0.83008,0.81982,0.81494,0.83984,1.0049,1.3149,1.5,1.5,1.5,1.1948,0.93994,0.79492,0.75488,0.73975,0.73486,0.73486,0.72998,0.75,0.73975,0.75488,0.75,0.75488,0.75977,0.77002,0.75977,0.7749,0.77979,0.78516,0.77979,0.79004,0.7998,0.80469,0.81494,0.7998,0.82471,0.82471,0.83496,0.82471,0.83984,0.81982,0.82471,0.82471,0.83008,0.82471,0.83984,0.83008,0.83984,0.83496,0.8501,0.83984,0.8501,0.83984,0.8501,0.83984,0.8501,0.84473,0.8501,0.84473,0.8501,0.84473,0.8501,0.84473,0.83984,0.84473,0.83496,0.84473,0.83984,0.84473,0.83496,0.84473,0.83496,0.83984,0.83008,0.83984,0.83008,0.83496,0.82471,0.83496,0.83008,0.83984,0.83008,0.83496,0.83008,0.83496,0.83984,0.83008,0.84473,0.83496,0.84473,0.83984,0.8501,0.84473,0.8501,0.84473,0.85498,0.8501,0.85986,0.85498,0.87012,0.875,0.90479,0.90479,0.9248,0.90967,0.89014,0.85498,0.81982,0.77979,0.77002,0.7998,0.81494,0.83008,0.83984,0.8501,0.83984,0.84473,0.82471,0.81494,0.81006,0.9751,1.2646,1.5,1.5,1.5,1.2246,0.98975,0.80469,0.75977,0.73486,0.73975,0.73486,0.73975,0.74512,0.75,0.75,0.75488,0.76514,0.75977,0.7749,0.76514,0.77979,0.7749,0.79004,0.77979,0.79492,0.79492,0.80469,0.7998,0.81006,0.80469,0.81982,0.81006,0.81982,0.81006,0.81982,0.82471,0.83496,0.83984,0.83496,0.84473,0.8501,0.8501,0.8501,0.85498,0.84473,0.8501,0.84473,0.85498,0.8501,0.85498,0.8501,0.85498,0.84473,0.8501,0.83496,0.83984,0.82471,0.83496,0.83008,0.83496,0.83008,0.83496,0.82471,0.83008,0.83496,0.82471,0.83008,0.82471,0.83496,0.83008,0.84473,0.83496,0.83984,0.83496,0.84473,0.83984,0.8501,0.83496,0.84473,0.83008,0.84473,0.83496,0.8501,0.84473,0.8501,0.84473,0.8501,0.83984,0.83496,0.84473,0.83496,0.84473,0.83496,0.8501,0.85498,0.87988,0.89014,0.90479,0.89502,0.88477,0.85498,0.81982,0.76514,0.75,0.76514,0.7998,0.80469,0.82471,0.81982,0.82471,0.83008,0.83496,0.81982,0.81006,0.86475,1.1299,1.4297,1.5,1.5,1.4248,1.0698,0.87012,0.77002,0.74512,0.75,0.72998,0.73975,0.72998,0.74512,0.73975,0.75488,0.74512,0.75488,0.75,0.76514,0.77002,0.76514,0.77002,0.7749,0.77979,0.77979,0.79492,0.79492,0.81006,0.81006,0.81494,0.81006,0.82471,0.81982,0.82471,0.81982,0.83496,0.83008,0.83984,0.83008,0.8501,0.84473,0.84473,0.83984,0.83984,0.83008,0.82471,0.83496,0.83984,0.83496,0.83984,0.83008,0.83496,0.83984,0.83008,0.83984,0.82471,0.83008,0.82471,0.83984,0.83008,0.83984,0.83008,0.83496,0.82471,0.83496,0.82471,0.83496,0.82471,0.83496,0.83008,0.83984,0.83008,0.83984,0.83008,0.83496,0.83984,0.83496,0.83984,0.83496,0.84473,0.83496,0.84473,0.83984,0.8501,0.84473,0.8501,0.84473,0.8501,0.83984,0.8501,0.83984,0.8501,0.84473,0.8501,0.8501,0.875,0.89502,0.90479,0.90967,0.90967,0.88477,0.85986,0.81494,0.76514,0.75977,0.78516,0.7998,0.81006,0.82471,0.81982,0.82471,0.82471,0.83008,0.7998,0.81982,0.90967,1.21,1.4546,1.5,1.5,1.3247,1,0.82471,0.75488,0.75,0.72998,0.72998,0.73486,0.73975,0.75,0.74512,0.75488,0.75488,0.76514,0.75977,0.77002,0.76514,0.77979,0.7749,0.77979,0.7749,0.78516,0.77979,0.79004,0.78516,0.7998,0.80469,0.7998,0.81006,0.80469,0.81982,0.81494,0.82471,0.81494,0.82471,0.81982,0.83008,0.83496,0.84473,0.83496,0.84473,0.83496,0.83984,0.83008,0.84473,0.83496,0.8501,0.83984,0.8501,0.84473,0.8501,0.83984,0.84473,0.83984,0.84473,0.8501,0.83984,0.84473,0.83496,0.84473,0.83984,0.84473,0.83496,0.84473,0.83984,0.84473,0.83984,0.84473,0.83008,0.83984,0.83008,0.83984,0.83496,0.83984,0.83496,0.84473,0.83008,0.83984,0.83496,0.83008,0.83984,0.83008,0.83984,0.83496,0.84473,0.83496,0.84473,0.83496,0.84473,0.83984,0.8501,0.84473,0.875,0.89014,0.90967,0.90967,0.90479,0.875,0.85986,0.80469,0.75977,0.74512,0.77979,0.79492,0.81006,0.81982,0.81494,0.83008,0.82471,0.83496,0.81006,0.81982,0.89502,1.1851,1.4448,1.5,1.5,1.3696,1.04,0.85498,0.76514,0.75488,0.73975,0.75,0.74512,0.75488,0.75488,0.75977,0.76514,0.75488,0.77002,0.75977,0.7749,0.77979,0.78516,0.77979,0.79004,0.79004,0.7998,0.7998,0.81006,0.81494,0.83008,0.82471,0.83496,0.82471,0.83496,0.82471,0.83008,0.82471,0.83496,0.82471,0.83984,0.84473,0.8501,0.84473,0.8501,0.8501,0.84473,0.8501,0.8501,0.85498,0.84473,0.8501,0.84473,0.8501,0.84473,0.8501,0.84473,0.8501,0.84473,0.8501,0.83496,0.84473,0.82471,0.83496,0.83008,0.83984,0.82471,0.83496,0.83984,0.83008,0.83496,0.83008,0.83496,0.82471,0.83008,0.82471,0.84473,0.83496,0.83984,0.82471,0.83496,0.82471,0.83496,0.83008,0.83496,0.82471,0.83984,0.82471,0.83496,0.83496,0.84473,0.83008,0.83984,0.84473,0.83984,0.86475,0.875,0.89014,0.90479,0.91504,0.875,0.86475,0.81982,0.78516,0.75488,0.79004,0.80469,0.81494,0.82471,0.83008,0.82471,0.83984,0.83008,0.82471,0.81982,0.85986,1.0498,1.355,1.5,1.5,1.5,1.125,0.90479,0.79492,0.77002,0.75,0.75488,0.74512,0.75488,0.75,0.75977,0.75488,0.75977,0.75977,0.77979,0.77002,0.77979,0.77979,0.78516,0.78516,0.80469,0.7998,0.7998,0.80469,0.81494,0.82471,0.81494,0.82471,0.81982,0.83008,0.82471,0.83008,0.82471,0.83496,0.82471,0.83984,0.83008,0.84473,0.83984,0.8501,0.83984,0.8501,0.83984,0.84473,0.84473,0.8501,0.8501,0.85498,0.8501,0.8501,0.84473,0.8501,0.8501,0.83984,0.8501,0.84473,0.8501,0.83984,0.8501,0.8501,0.85498,0.8501,0.85986,0.85498,0.85498,0.8501,0.85986,0.8501,0.85498,0.8501,0.85986,0.8501,0.85986,0.8501,0.8501,0.85498,0.8501,0.8501,0.84473,0.8501,0.84473,0.8501,0.84473,0.8501,0.8501,0.85498,0.8501,0.86475,0.8501,0.85986,0.85498,0.875,0.88477,0.90967,0.91504,0.93506,0.91504,0.8999,0.87012,0.83008,0.77979,0.76514,0.89502,1.1699,1.4448,1.5,1.5,1.3696,1.0498,0.85498,0.7749,0.74512,0.73486,0.72998,0.73975,0.73486,0.75,0.75488,0.74512,0.75488,0.75977,0.77002,0.75977,0.7749,0.75977,0.7749,0.77979,0.79492,0.78516,0.7998,0.7998,0.81494,0.81006,0.82471,0.81494,0.82471,0.81494,0.81982,0.82471,0.81494,0.82471,0.83984,0.83008,0.82471,0.83008,0.82471,0.83008,0.82471,0.83984,0.83008,0.83496,0.83008,0.83984,0.83008,0.83984,0.82471,0.84473,0.83496,0.84473,0.83984,0.83984,0.8501,0.83984,0.8501,0.83984,0.8501,0.84473,0.85498,0.84473,0.8501,0.85986,0.89014,0.89502,0.90479,0.90967,0.89502,0.875,0.85498,0.79492,0.76514,0.75977,0.7998,0.7998,0.82471,0.82471,0.83984,0.83008,0.84473,0.83496,0.82471,0.83496,0.97998,1.2847,1.5,1.5,1.5,1.2847,0.9751,0.83008,0.77979,0.77002,0.75488,0.75977,0.75488,0.77002,0.75977,0.7749,0.77002,0.77979,0.77979,0.79492,0.78516,0.7998,0.7998,0.80469,0.81006,0.80469,0.81982,0.81494,0.81982,0.81006,0.82471,0.82471,0.83496,0.82471,0.83984,0.83008,0.8501,0.83984,0.8501,0.84473,0.85498,0.8501,0.85986,0.85498,0.86475,0.85498,0.85986,0.86475,0.85986,0.87012,0.85986,0.87012,0.85986,0.87012,0.85986,0.875,0.85498,0.86475,0.85498,0.86475,0.86475,0.87012,0.85498,0.86475,0.85498,0.86475,0.85498,0.85986,0.85986,0.86475,0.85986,0.86475,0.85986,0.86475,0.85986,0.85498,0.86475,0.85498,0.86475,0.85498,0.85498,0.8501,0.85498,0.8501,0.85986,0.8501,0.85986,0.85498,0.85986,0.8501,0.85986,0.8501,0.87012,0.875,0.90967,0.91504,0.93506,0.9248,0.90967,0.87988,0.84473,0.78516,0.77002,0.79004,0.81494,0.82471,0.83008,0.83984,0.83496,0.84473,0.83984,0.84473,0.81982,0.87012,1.085,1.395,1.5,1.5,1.5,1.1499,0.9248,0.79004,0.75488,0.75,0.75488,0.73975,0.75488,0.75,0.75977,0.75488,0.7749,0.76514,0.77979,0.7749,0.78516,0.77979,0.79492,0.79004,0.7998,0.7998,0.81494,0.80469,0.81982,0.81494,0.82471,0.82471,0.83008,0.81982,0.82471,0.82471,0.83008,0.82471,0.83008,0.83496,0.84473,0.8501,0.84473,0.8501,0.84473,0.8501,0.83984,0.84473,0.83984,0.84473,0.83496,0.84473,0.83496,0.84473,0.83008,0.84473,0.83496,0.8501,0.8501,0.85986,0.8501,0.8501,0.83984,0.84473,0.83496,0.83008,0.84473,0.83496,0.83984,0.83008,0.83984,0.83496,0.84473,0.82471,0.83984,0.83496,0.83984,0.82471,0.84473,0.83496,0.83984,0.82471,0.83984,0.83008,0.83008,0.82471,0.83008,0.82471,0.83008,0.83496,0.83008,0.83496,0.82471,0.83984,0.83008,0.85498,0.875,0.89014,0.89014,0.89502,0.86475,0.8501,0.81006,0.76514,0.73975,0.7749,0.77979,0.7998,0.80469,0.7998,0.81006,0.81982,0.82471,0.80469,0.81006,0.84473,1.0649,1.3696,1.5,1.5,1.5,1.1001,0.8999,0.75977,0.73975,0.72998,0.73975,0.73975,0.73486,0.72998,0.75488,0.73975,0.75488,0.75488,0.76514,0.75488,0.76514,0.75488,0.77002,0.77979,0.77979,0.79004,0.78516,0.80469,0.81006,0.81494,0.7998,0.82471,0.81982,0.82471,0.81006,0.81494,0.81494,0.82471,0.81006,0.82471,0.82471,0.83496,0.82471,0.83496,0.82471,0.83496,0.83008,0.83496,0.83984,0.83008,0.84473,0.83496,0.84473,0.83496,0.84473,0.83008,0.83984,0.83008,0.83984,0.83008,0.83984,0.83496,0.84473,0.83496,0.83984,0.83008,0.84473,0.83984,0.8501,0.83984,0.84473,0.83496,0.84473,0.83984,0.84473,0.8501,0.84473,0.8501,0.84473,0.8501,0.84473,0.8501,0.84473,0.8501,0.84473,0.8501,0.83984,0.8501,0.84473,0.8501,0.84473,0.8501,0.8501,0.875,0.89014,0.90967,0.91992,0.90967,0.88477,0.86475,0.81494,0.77002,0.75977,0.79004,0.7998,0.81494,0.82471,0.82471,0.83496,0.82471,0.83008,0.81006,0.82471,0.90967,1.1948,1.4546,1.5,1.5,1.3647,1.0347,0.85498,0.75977,0.75488,0.73486,0.73486,0.73975,0.73486,0.75,0.74512,0.75488,0.74512,0.75977,0.75488,0.77002,0.76514,0.7749,0.77002,0.77979,0.77979,0.79004,0.77979,0.79492,0.79004,0.7998,0.79492,0.7998,0.79492,0.7998,0.79492,0.7998,0.7998,0.81006,0.81494,0.81006,0.81982,0.81494,0.82471,0.83008,0.83984,0.83008,0.83496,0.82471,0.83496,0.82471,0.83496,0.83008,0.84473,0.83496,0.84473,0.83496,0.84473,0.83008,0.83984,0.83008,0.83496,0.82471,0.82471,0.83008,0.82471,0.83008,0.82471,0.83008,0.82471,0.83008,0.81982,0.82471,0.82471,0.83008,0.82471,0.82471,0.82471,0.82471,0.81982,0.83496,0.82471,0.83496,0.82471,0.83008,0.82471,0.83008,0.82471,0.83496,0.83984,0.83008,0.83984,0.82471,0.83496,0.83008,0.8501,0.86475,0.88477,0.89014,0.8999,0.875,0.85986,0.81982,0.7749,0.72998,0.75,0.7749,0.79492,0.7998,0.81494,0.81006,0.81982,0.81494,0.81006,0.7998,0.81982,1.0049,1.3247,1.5,1.5,1.5,1.145,0.92969,0.77002,0.75,0.72998,0.72998,0.7251,0.73486,0.72998,0.74512,0.73486,0.75488,0.75,0.75488,0.75488,0.75977,0.75488,0.77002,0.76514,0.7749,0.77979,0.7749,0.79004,0.7998,0.81006,0.7998,0.81006,0.7998,0.7998,0.79492,0.80469,0.7998,0.81006,0.81006,0.81982,0.81494,0.81982,0.81494,0.82471,0.81982,0.82471,0.81982,0.82471,0.81982,0.82471,0.83008,0.81494,0.82471,0.82471,0.83008,0.81494,0.82471,0.81494,0.82471,0.81982,0.82471,0.81494,0.82471,0.81982,0.81982,0.80469,0.82471,0.83008,0.81982,0.81006,0.82471,0.83008,0.81494,0.81982,0.82471,0.81494,0.81006,0.82471,0.81494,0.81982,0.81494,0.83496,0.81494,0.82471,0.81982,0.82471,0.81982,0.82471,0.81982,0.82471,0.81006,0.82471,0.82471,0.84473,0.85986,0.875,0.875,0.875,0.86475,0.85986,0.81494,0.75977,0.74512,0.77002,0.79004,0.78516,0.7998,0.79492,0.81982,0.81494,0.83008,0.7998,0.80469,0.82471,1.0347,1.3447,1.5,1.5,1.5,1.1196,0.89502,0.7749,0.75,0.71973,0.72998,0.73486,0.7251,0.73486,0.72998,0.74512,0.74512,0.75,0.75488,0.75977,0.75977,0.7749,0.76514,0.78516,0.77979,0.79004,0.79004,0.7998,0.7998,0.81006,0.80469,0.81982,0.80469,0.81494,0.83496,0.83984,0.84473,0.83984,0.8501,0.83496,0.84473,0.83008,0.84473,0.83984,0.8501,0.83984,0.8501,0.83984,0.84473,0.83984,0.8501,0.84473,0.8501,0.83496,0.8501,0.83984,0.8501,0.83984,0.8501,0.83984,0.8501,0.8501,0.84473,0.8501,0.84473,0.8501,0.84473,0.875,0.89014,0.8999,0.8999,0.90479,0.87012,0.8501,0.79492,0.75977,0.75488,0.7998,0.80469,0.82471,0.82471,0.83496,0.83008,0.83984,0.82471,0.81006,0.83496,0.97998,1.2798,1.5,1.5,1.5,1.2549,0.99512,0.81982,0.76514,0.75488,0.73975,0.74512,0.73486,0.75488,0.74512,0.75977,0.75488,0.7749,0.76514,0.77979,0.7749,0.77979,0.77979,0.79004,0.78516,0.79004,0.79492,0.7998,0.80469,0.7998,0.81494,0.81982,0.82471,0.81494,0.81982,0.81494,0.81982,0.81494,0.83008,0.82471,0.83496,0.83496,0.8501,0.83984,0.8501,0.84473,0.8501,0.83984,0.8501,0.84473,0.8501,0.84473,0.83984,0.84473,0.83008,0.84473,0.83984,0.8501,0.84473,0.8501,0.84473,0.8501,0.84473,0.8501,0.84473,0.8501,0.83984,0.84473,0.83496,0.84473,0.83496,0.83984,0.83496,0.83008,0.83984,0.83008,0.8501,0.84473,0.8501,0.83984,0.8501,0.8501,0.8501,0.8501,0.8501,0.84473,0.8501,0.8501,0.8501,0.8501,0.85498,0.8501,0.85498,0.8501,0.86475,0.87988,0.8999,0.89502,0.91992,0.89014,0.875,0.83496,0.7998,0.75,0.74512,0.79492,0.7998,0.81982,0.82471,0.83008,0.83496,0.8501,0.83008,0.82471,0.83008,1,1.2847,1.5,1.5,1.5,1.1899,0.95996,0.79004,0.75488,0.74512,0.73975,0.72998,0.73975,0.74512,0.73975,0.75488,0.75488,0.75488,0.76514,0.7749,0.75488,0.7749,0.77979,0.78516,0.77979,0.7998,0.7998,0.81006,0.7998,0.81982,0.81494,0.81982,0.81494,0.82471,0.81006,0.81494,0.82471,0.81494,0.83008,0.83984,0.84473,0.83496,0.84473,0.8501,0.8501,0.83496,0.83984,0.84473,0.83496,0.83008,0.8501,0.84473,0.8501,0.83984,0.8501,0.84473,0.84473,0.83008,0.8501,0.83984,0.83496,0.83984,0.82471,0.83008,0.83496,0.83984,0.82471,0.83496,0.82471,0.83008,0.82471,0.83008,0.82471,0.83496,0.83008,0.88477,0.68994,0.35986,0.12012,-0.064941,-0.19971,-0.27002,-0.2749,0.080078,0.39014,0.64014,0.83008,0.97998,1.0801,1.125,1.1299,1.1147,1.1299,1.085,1.1099,1.1499,1.1851,1.1948,1.2197,1.2349,1.27,1.29,1.3296,1.355,1.3999,1.4346,1.4746,1.4946,1.5,1.5,1.4946,1.4546,1.4199,1.3599,1.3096,1.2349,1.165,1.0947,1.0347,0.97998,0.92969,0.89502,0.8501,0.83008,0.7998,0.78516,0.76514,0.77002,0.75488,0.75488,0.74512,0.75488,0.73975,0.75488,0.74512,0.75488,0.7998,0.81494,0.81006,0.82471,0.82471,0.83008,0.83008,0.84473,0.83496,0.84473,0.83984,0.8501,0.83984,0.8501,0.84473,0.8501,0.84473,0.8501,0.8501,0.84473,0.8501,0.83984,0.84473,0.83496,0.83984,0.83008,0.83984,0.83008,0.83496,0.83008,0.83984,0.83008,0.83984,0.83008,0.83496,0.82471,0.83984,0.82471,0.83496,0.83984,0.84473,0.83008,0.83984,0.83008,0.82471,0.83008,0.82471,0.83496,0.82471,0.83496,0.83008,0.83984,0.83008,0.83984,0.83008,0.83984,0.83008,0.83496,0.82471,0.83984,0.84473,0.875,0.87988,0.90479,0.89502,0.88477,0.85986,0.82471,0.76514,0.74512,0.75977,0.79492,0.7998,0.81494,0.82471,0.81494,0.82471,0.81494,0.81982,0.7998,0.8501,1.0698,1.375,1.5,1.5,1.5,1.1147,0.89502,0.7749,0.75,0.75488,0.73975,0.73975,0.72998,0.73975,0.74512,0.73486,0.74512,0.73975,0.75977,0.75,0.76514,0.75977,0.76514,0.75977,0.77979,0.7749,0.79492,0.77979,0.7998,0.79492,0.7998,0.7998,0.7998,0.79492,0.80469,0.7998,0.80469,0.81006,0.80469,0.81494,0.82471,0.83008,0.82471,0.83008,0.82471,0.83008,0.82471,0.83008,0.82471,0.83008,0.82471,0.83984,0.82471,0.82471,0.82471,0.83008,0.82471,0.83008,0.81982,0.83008,0.82471,0.82471,0.81982,0.81982,0.81494,0.81006,0.81982,0.82471,0.83008,0.81006,0.81982,0.81494,0.83984,0.81006,0.81494,0.81006,0.82471,0.81494,0.82471,0.81494,0.83008,0.82471,0.82471,0.81494,0.82471,0.83008,0.82471,0.81494,0.83496,0.83984,0.81982,0.82471,0.84473,0.86475,0.87012,0.88477,0.89502,0.8999,0.85498,0.83008,0.77979,0.75488,0.77002,0.7998,0.79492,0.81982,0.81982,0.82471,0.81982,0.83984,0.81982,0.7998,0.82471,0.98486,1.29,1.5,1.5,1.5,1.23,0.94971,0.81006,0.76514,0.75488,0.73975,0.75,0.73975,0.75488,0.75,0.75488,0.75488,0.77002,0.75977,0.77979,0.7749,0.79004,0.78516,0.7998,0.79492,0.80469,0.80469,0.81982,0.81982,0.82471,0.83008,0.82471,0.83496,0.82471,0.83496,0.83008,0.84473,0.83496,0.8501,0.84473,0.85498,0.8501,0.86475,0.85498,0.87012,0.85986,0.87012,0.86475,0.875,0.85986,0.87012,0.85986,0.87012,0.85498,0.85986,0.86475,0.85986,0.875,0.86475,0.875,0.86475,0.875,0.85986,0.87012,0.86475,0.87012,0.85986,0.875,0.86475,0.875,0.85986,0.86475,0.85498,0.86475,0.85498,0.86475,0.85498,0.86475,0.85986,0.86475,0.85986,0.85498,0.87012,0.85498,0.86475,0.85498,0.86475,0.85498,0.86475,0.85498,0.86475,0.85986,0.87012,0.86475,0.88477,0.89502,0.91992,0.91992,0.92969,0.89502,0.87988,0.83984,0.79492,0.76514,0.79004,0.81494,0.82471,0.84473,0.8501,0.8501,0.8501,0.85986,0.83496,0.83008,0.87988,1.1196,1.4097,1.5,1.5,1.5,1.1348,0.92969,0.79004,0.7749,0.75488,0.75488,0.75488,0.76514,0.75977,0.77002,0.77002,0.77979,0.78516,0.77979,0.79492,0.78516,0.79492,0.79004,0.7998,0.7998,0.80469,0.7998,0.81982,0.81982,0.82471,0.81982,0.83008,0.81494,0.82471,0.82471,0.83008,0.82471,0.83496,0.83008,0.84473,0.8501,0.85498,0.85498,0.85498,0.86475,0.85498,0.85986,0.85498,0.86475,0.85498,0.86475,0.8501,0.85498,0.85498,0.85986,0.8501,0.86475,0.85498,0.85986,0.8501,0.85986,0.8501,0.85498,0.8501,0.8501,0.84473,0.84473,0.8501,0.84473,0.8501,0.84473,0.8501,0.83984,0.8501,0.84473,0.8501,0.83984,0.8501,0.84473,0.85498,0.85498,0.86475,0.8501,0.8501,0.84473,0.8501,0.83984,0.8501,0.83496,0.83984,0.83984,0.84473,0.83984,0.8501,0.85498,0.87012,0.88477,0.87988,0.90967,0.88477,0.875,0.84473,0.79492,0.74512,0.75488,0.78516,0.7998,0.7998,0.82471,0.81982,0.83008,0.81982,0.82471,0.7998,0.81982,0.91992,1.2046,1.4697,1.5,1.5,1.3096,1.0347,0.83496,0.75977,0.75,0.73486,0.72998,0.74512,0.74512,0.75,0.74512,0.76514,0.75488,0.77002,0.76514,0.77979,0.77002,0.78516,0.77979,0.79004,0.77979,0.79492,0.7998,0.79492,0.80469,0.80469,0.81006,0.81982,0.82471,0.81006,0.82471,0.81006,0.82471,0.81982,0.82471,0.81982,0.83984,0.83008,0.83496,0.83008,0.83984,0.83008,0.83496,0.82471,0.83496,0.82471,0.84473,0.82471,0.82471,0.83008,0.82471,0.83984,0.82471,0.83008,0.82471,0.83008,0.82471,0.82471,0.81982,0.82471,0.81982,0.82471,0.81982,0.82471,0.81982,0.82471,0.81982,0.82471,0.82471,0.82471,0.82471,0.83008,0.82471,0.83008,0.82471,0.82471,0.83496,0.82471,0.83984,0.83496,0.84473,0.83984,0.84473,0.83984,0.8501,0.83984,0.8501,0.84473,0.8501,0.8501,0.87012,0.87988,0.90479,0.90479,0.91992,0.89014,0.88477,0.84473,0.80469,0.76514,0.78516,0.81494,0.81982,0.83496,0.83008,0.84473,0.83984,0.8501,0.83008,0.82471,0.8501,1.04,1.3398,1.5,1.5,1.5,1.1797,0.93994,0.79492,0.76514,0.74512,0.73975,0.74512,0.73975,0.75488,0.75,0.75488,0.75977,0.77002,0.7749,0.77979,0.7749,0.78516,0.77979,0.79004,0.78516,0.79492,0.79004,0.7998,0.7998,0.81006,0.7998,0.81494,0.80469,0.81494,0.80469,0.81494,0.81982,0.82471,0.81982,0.82471,0.83496,0.82471,0.83496,0.83008,0.83984,0.83496,0.84473,0.83496,0.84473,0.83496,0.84473,0.83496,0.8501,0.83496,0.84473,0.83008,0.83984,0.83008,0.83984,0.82471,0.83984,0.82471,0.83496,0.83008,0.83496,0.83008,0.82471,0.83496,0.82471,0.83496,0.83008,0.83496,0.83008,0.83984,0.83008,0.83496,0.82471,0.83496,0.83008,0.83984,0.83496,0.83984,0.83008,0.83984,0.82471,0.83008,0.82471,0.83008,0.82471,0.83984,0.83008,0.83496,0.83984,0.83008,0.83984,0.83008,0.8501,0.87012,0.89014,0.89502,0.90479,0.875,0.85986,0.81982,0.7749,0.73486,0.76514,0.78516,0.7998,0.80469,0.81982,0.81494,0.82471,0.81494,0.81006,0.7998,0.83008,1.0146,1.3198,1.5,1.5,1.5,1.1548,0.93506,0.77979,0.75,0.72998,0.73486,0.72998,0.73975,0.72998,0.74512,0.73975,0.75488,0.75,0.75488,0.75977,0.76514,0.77002,0.7749,0.7749,0.77979,0.78516,0.77979,0.78516,0.79492,0.7998,0.7998,0.81006,0.80469,0.81494,0.80469,0.81494,0.81006,0.81982,0.81494,0.83008,0.83496,0.8501,0.83496,0.83984,0.83984,0.8501,0.83496,0.83008,0.83984,0.82471,0.83984,0.83496,0.82471,0.82471,0.82471,0.82471,0.83008,0.82471,0.82471,0.81982,0.82471,0.82471,0.82471,0.81982,0.83008,0.82471,0.82471,0.81006,0.80469,0.81006,0.81982,0.81494,0.81006,0.80469,0.81982,0.81006,0.81494,0.81982,0.81006,0.82471,0.81494,0.82471,0.81006,0.81982,0.81006,0.82471,0.81494,0.82471,0.81494,0.82471,0.81006,0.81982,0.81006,0.82471,0.81982,0.82471,0.84473,0.87012,0.875,0.87988,0.89014,0.86475,0.83496,0.7998,0.75488,0.73486,0.7749,0.78516,0.7998,0.80469,0.81494,0.80469,0.82471,0.81494,0.80469,0.79492,0.83496,1.0298,1.335,1.5,1.5,1.5,1.1299,0.89014,0.78516,0.75,0.73486,0.72998,0.73486,0.73486,0.72998,0.74512,0.73486,0.75,0.74512,0.75977,0.75488,0.7749,0.76514,0.77979,0.7749,0.77979,0.77979,0.7998,0.7998,0.80469,0.7998,0.81494,0.82471,0.81982,0.82471,0.81494,0.81982,0.81006,0.81982,0.82471,0.83008,0.82471,0.83496,0.83008,0.84473,0.83496,0.83984,0.82471,0.83496,0.83008,0.83984,0.83008,0.84473,0.83008,0.83984,0.82471,0.84473,0.8501,0.89502,0.87988,0.85986,0.86475,0.87012,0.875,0.85986,0.86475,0.82471,0.81006,0.7998,0.81006,0.7998,0.81006,0.81006,0.81494,0.79004,0.78516,0.81494,1.085,1.3999,1.5,1.5,1.5,1.1396,0.90967,0.75977,0.73486,0.71973,0.71484,0.71484,0.70996,0.71973,0.71484,0.72998,0.7251,0.73975,0.73486,0.75,0.75,0.75488,0.75488,0.76514,0.75977,0.7749,0.7749,0.77979,0.77979,0.78516,0.77979,0.79004,0.77979,0.79492,0.7998,0.7998,0.81006,0.80469,0.82471,0.82471,0.83008,0.83008,0.83984,0.83496,0.84473,0.83496,0.84473,0.83008,0.83984,0.83008,0.83984,0.82471,0.83984,0.83008,0.83984,0.83008,0.83496,0.83984,0.83496,0.84473,0.83008,0.83984,0.83008,0.84473,0.83496,0.84473,0.83496,0.84473,0.83496,0.83984,0.83008,0.83984,0.83008,0.83984,0.83008,0.83984,0.82471,0.84473,0.83496,0.83984,0.83496,0.83984,0.83008,0.83984,0.84473,0.83496,0.84473,0.83496,0.84473,0.83984,0.8501,0.83984,0.8501,0.84473,0.8501,0.83984,0.8501,0.83984,0.8501,0.84473,0.8501,0.84473,0.8501,0.84473,0.85498,0.8501,1.0049,1.2998,1.5,1.5,1.5,1.1948,0.97998,0.80469,0.75977,0.75488,0.73486,0.73975,0.73486,0.74512,0.73486,0.75488,0.75488,0.76514,0.75488,0.77002,0.76514,0.7749,0.77979,0.79492,0.77979,0.79004,0.78516,0.7998,0.7998,0.81006,0.81494,0.80469,0.81006,0.80469,0.81494,0.81006,0.83008,0.81982,0.83984,0.83496,0.84473,0.84473,0.85498,0.8501,0.85986,0.8501,0.85498,0.84473,0.8501,0.8501,0.85986,0.8501,0.85986,0.85498,0.85986,0.85498,0.85498,0.8501,0.84473,0.86475,0.84473,0.8501,0.8501,0.8501,0.84473,0.8501,0.83496,0.8501,0.83984,0.8501,0.83984,0.8501,0.83984,0.84473,0.84473,0.8501,0.83008,0.82471,0.83984,0.8501,0.83496,0.83008,0.84473,0.83008,0.83984,0.83984,0.84473,0.83496,0.8501,0.83496,0.8501,0.83984,0.83984,0.84473,0.85498,0.84473,0.87012,0.87988,0.8999,0.89502,0.90967,0.88477,0.875,0.83984,0.79492,0.75977,0.79492,0.80469,0.81006,0.81494,0.81982,0.82471,0.82471,0.83496,0.82471,0.81982,0.83008,0.9751,1.2598,1.5,1.5,1.5,1.2646,0.9751,0.81982,0.77979,0.75488,0.75488,0.75,0.75488,0.75488,0.76514,0.77002,0.75977,0.77979,0.77979,0.78516,0.78516,0.79492,0.78516,0.7998,0.79492,0.81006,0.84473,0.8501,0.84473,0.85498,0.84473,0.85498,0.8501,0.8501,0.8501,0.8501,0.84473,0.8501,0.85498,0.8501,0.84473,0.8501,0.84473,0.8501,0.84473,0.83984,0.8501,0.84473,0.8501,0.83984,0.8501,0.83496,0.84473,0.83496,0.84473,0.83984,0.8501,0.84473,0.8501,0.84473,0.8501,0.84473,0.8501,0.8501,0.8501,0.8501,0.84473,0.85498,0.8501,0.85498,0.8501,0.89014,0.8999,0.91504,0.91992,0.8999,0.87988,0.8501,0.7998,0.76514,0.75488,0.7998,0.7998,0.81982,0.82471,0.83496,0.83008,0.83496,0.82471,0.81006,0.81982,0.93506,1.2148,1.4746,1.5,1.5,1.3149,1.0249,0.83496,0.75488,0.74512,0.72998,0.73975,0.72998,0.74512,0.73975,0.75488,0.75,0.76514,0.75488,0.77979,0.76514,0.77979,0.7749,0.77979,0.77979,0.79004,0.79492,0.78516,0.7998,0.7998,0.81006,0.7998,0.81494,0.80469,0.81494,0.80469,0.81494,0.81006,0.83008,0.82471,0.83496,0.82471,0.83984,0.83496,0.84473,0.82471,0.83984,0.83008,0.83984,0.83008,0.83496,0.83008,0.82471,0.83984,0.83008,0.83984,0.82471,0.83984,0.83008,0.84473,0.83008,0.84473,0.83496,0.83496,0.82471,0.83008,0.82471,0.83496,0.82471,0.83496,0.83008,0.83496,0.82471,0.83008,0.82471,0.82471,0.83008,0.82471,0.83496,0.82471,0.83008,0.82471,0.83496,0.82471,0.83496,0.82471,0.83496,0.82471,0.83984,0.83008,0.83496,0.82471,0.83008,0.83008,0.84473,0.83008,0.83984,0.83008,0.83984,0.83496,0.85498,0.88477,0.8999,0.90967,0.89502,0.875,0.8501,0.81494,0.77002,0.75,0.74512,0.79004,0.79004,0.80469,0.7998,0.82471,0.81494,0.82471,0.7998,0.79492,0.81982,1.0049,1.3096,1.5,1.5,1.5,1.145,0.93506,0.7749,0.74512,0.72998,0.7251,0.72998,0.71973,0.73486,0.72998,0.73975,0.72998,0.75,0.74512,0.76514,0.75977,0.7749,0.76514,0.77979,0.76514,0.78516,0.78516,0.79492,0.79004,0.7998,0.80469,0.81006,0.7998,0.80469,0.81006,0.80469,0.81982,0.81006,0.82471,0.81494,0.83496,0.82471,0.84473,0.83496,0.82471,0.82471,0.84473,0.83984,0.83496,0.82471,0.83984,0.82471,0.83008,0.83984,0.83984,0.82471,0.83496,0.83984,0.81982,0.82471,0.81494,0.82471,0.82471,0.81982,0.81006,0.81982,0.81006,0.81982,0.80469,0.81494,0.80469,0.81006,0.81006,0.82471,0.81006,0.82471,0.81006,0.81982,0.81982,0.81494,0.81982,0.81494,0.82471,0.81494,0.81006,0.81982,0.82471,0.81494,0.82471,0.81982,0.83008,0.82471,0.83496,0.83008,0.8501,0.85986,0.87988,0.87988,0.8999,0.87988,0.87012,0.83496,0.7998,0.75488,0.7749,0.7998,0.81006,0.81982,0.82471,0.83008,0.82471,0.83984,0.83008,0.81494,0.81982,0.91992,1.21,1.46,1.5,1.5,1.335,1,0.81982,0.7749,0.74512,0.75,0.72998,0.73975,0.73486,0.75488,0.74512,0.75488,0.75488,0.76514,0.75977,0.76514,0.7749,0.77002,0.77979,0.78516,0.79492,0.78516,0.7998,0.7998,0.81006,0.80469,0.81982,0.81006,0.81982,0.80469,0.81982,0.81006,0.82471,0.81982,0.83008,0.81982,0.83008,0.83496,0.83008,0.83496,0.83008,0.83984,0.83008,0.8501,0.83984,0.8501,0.83496,0.84473,0.83496,0.83984,0.83008,0.83984,0.83496,0.83984,0.83008,0.83984,0.83008,0.83984,0.83008,0.83984,0.83496,0.83984,0.83008,0.83496,0.82471,0.83008,0.83496,0.82471,0.83984,0.82471,0.83984,0.83008,0.83984,0.82471,0.83496,0.82471,0.83984,0.83008,0.83984,0.83008,0.83984,0.83008,0.84473,0.83496,0.84473,0.83496,0.84473,0.83984,0.84473,0.8501,0.84473,0.875,0.89502,0.90479,0.90967,0.89014,0.86475,0.83496,0.78516,0.74512,0.73975,0.79004,0.79492,0.81006,0.81494,0.83008,0.82471,0.83008,0.81982,0.81006,0.81982,0.93506,1.23,1.4849,1.5,1.5,1.2798,1.02,0.81982,0.75977,0.75488,0.73975,0.74512,0.73486,0.74512,0.73975,0.75,0.74512,0.75488,0.75488,0.76514,0.77002,0.77979,0.7749,0.78516,0.78516,0.79004,0.79492,0.7998,0.80469,0.81494,0.81982,0.81494,0.82471,0.81006,0.81982,0.81006,0.81982,0.81982,0.82471,0.81982,0.83008,0.82471,0.83496,0.82471,0.83496,0.83496,0.8501,0.83496,0.84473,0.83496,0.84473,0.83496,0.84473,0.83496,0.83984,0.83008,0.83496,0.83984,0.83008,0.8501,0.83984,0.84473,0.83984,0.85498,0.83984,0.84473,0.82471,0.83496,0.82471,0.83496,0.82471,0.83496,0.83008,0.84473,0.82471,0.83008,0.82471,0.81982,0.82471,0.83496,0.82471,0.83008,0.83008,0.82471,0.83008,0.82471,0.82471,0.82471,0.83008,0.82471,0.84473,0.83984,0.83008,0.82471,0.83984,0.82471,0.83008,0.83984,0.84473,0.82471,0.84473,0.85498,0.875,0.87988,0.90479,0.89014,0.875,0.8501,0.81494,0.76514,0.74512,0.79004,0.80469,0.82471,0.82471,0.83496,0.83984,0.8501,0.83008,0.81982,0.81494,0.85986,1.0898,1.3999,1.5,1.5,1.5,1.1099,0.90479,0.78516,0.75,0.75488,0.73975,0.73486,0.75488,0.75,0.75977,0.75488,0.75977,0.77002,0.77979,0.77002,0.77979,0.77979,0.78516,0.77979,0.7998,0.7998,0.80469,0.81006,0.81494,0.80469,0.81982,0.82471,0.83008,0.83496,0.83496,0.82471,0.83008,0.83984,0.83496,0.84473,0.83496,0.8501,0.83984,0.8501,0.84473,0.8501,0.83496,0.8501,0.8501,0.8501,0.83496,0.8501,0.83496,0.83984,0.82471,0.83496,0.82471,0.83496,0.82471,0.83496,0.83984,0.83496,0.83984,0.83496,0.84473,0.83008,0.84473,0.83008,0.83984,0.83008,0.83984,0.83008,0.83984,0.83008,0.84473,0.83496,0.84473,0.83008,0.84473,0.83984,0.8501,0.83984,0.8501,0.83984,0.8501,0.83984,0.84473,0.8501,0.84473,0.8501,0.8501,0.85498,0.8501,0.85498,0.8501,0.875,0.89014,0.90967,0.91504,0.91992,0.89502,0.88477,0.83496,0.79492,0.75977,0.79492,0.81006,0.81982,0.82471,0.83496,0.84473,0.83984,0.8501,0.83008,0.82471,0.85986,1.0747,1.375,1.5,1.5,1.5,1.1499,0.92969,0.78516,0.76514,0.75,0.75,0.73975,0.75,0.74512,0.75488,0.75488,0.76514,0.77002,0.7749,0.77979,0.7749,0.77979,0.77979,0.79004,0.77979,0.7998,0.79492,0.80469,0.7998,0.81494,0.81006,0.82471,0.81494,0.81982,0.81006,0.82471,0.81982,0.82471,0.82471,0.83496,0.82471,0.83984,0.83984,0.8501,0.84473,0.84473,0.83984,0.8501,0.84473,0.84473,0.8501,0.84473,0.8501,0.84473,0.8501,0.84473,0.8501,0.84473,0.8501,0.84473,0.8501,0.83496,0.84473,0.83984,0.8501,0.83984,0.8501,0.83984,0.8501,0.83496,0.84473,0.83984,0.83496,0.8501,0.83984,0.84473,0.83984,0.84473,0.82471,0.83496,0.83008,0.84473,0.83496,0.84473,0.83008,0.84473,0.83984,0.84473,0.83496,0.84473,0.83496,0.84473,0.83496,0.84473,0.83008,0.84473,0.85986,0.88477,0.89502,0.90967,0.91504,0.89014,0.87012,0.83008,0.7749,0.73975,0.77002,0.79492,0.80469,0.81494,0.83008,0.82471,0.83984,0.83008,0.82471,0.80469,0.83984,1.02,1.3296,1.5,1.5,1.5,1.1699,0.93994,0.79004,0.75488,0.74512,0.73486,0.72998,0.74512,0.73975,0.75488,0.75,0.76514,0.75488,0.77002,0.76514,0.7749,0.7749,0.78516,0.77979,0.7998,0.79492,0.7998,0.80469,0.82471,0.83008,0.83496,0.83008,0.82471,0.81982,0.81494,0.82471,0.81982,0.83008,0.82471,0.83984,0.83008,0.83984,0.83008,0.84473,0.83984,0.84473,0.83984,0.8501,0.83984,0.84473,0.83984,0.8501,0.85498,0.8501,0.85498,0.8501,0.85986,0.8501,0.8501,0.84473,0.8501,0.84473,0.8501,0.83496,0.84473,0.83008,0.83984,0.83984,0.84473,0.82471,0.83496,0.82471,0.83496,0.82471,0.83984,0.82471,0.83496,0.81982,0.83008,0.82471,0.83008,0.83496,0.82471,0.83984,0.82471,0.83008,0.83984,0.82471,0.81494,0.83984,0.83496,0.83984,0.83008,0.83984,0.83496,0.8501,0.84473,0.8501,0.84473,0.86475,0.87012,0.89502,0.8999,0.89502,0.875,0.86475,0.81982,0.77979,0.75977,0.79492,0.81006,0.81982,0.83008,0.81494,0.82471,0.82471,0.83496,0.81006,0.81982,0.84473,1.0547,1.3496,1.5,1.5,1.5,1.1299,0.8999,0.78516,0.75488,0.75977,0.7749,0.81494,0.81006,0.83496,0.83984,0.8501,0.84473,0.8501,0.82471,0.81982,0.86475,1.0947,1.395,1.5,1.5,1.5,1.125,0.92969,0.79004,0.76514,0.75488,0.74512,0.75,0.74512,0.75488,0.75488,0.77002,0.76514,0.77979,0.7749,0.77979,0.7749,0.79004,0.79492,0.79004,0.7998,0.80469,0.81006,0.81494,0.82471,0.81982,0.83008,0.82471,0.83984,0.83008,0.83984,0.83008,0.83984,0.83008,0.83984,0.83496,0.8501,0.84473,0.8501,0.84473,0.8501,0.8501,0.85498,0.84473,0.8501,0.85498,0.8501,0.85498,0.8501,0.86475,0.85498,0.86475,0.85498,0.87012,0.85498,0.85986,0.8501,0.85986,0.8501,0.85986,0.8501,0.85498,0.8501,0.8501,0.84473,0.8501,0.84473,0.8501,0.84473,0.8501,0.84473,0.8501,0.83984,0.83496,0.84473,0.83496,0.8501,0.84473,0.8501,0.84473,0.8501,0.83984,0.8501,0.84473,0.85498,0.8501,0.8501,0.8501,0.85498,0.8501,0.85986,0.8501,0.85498,0.8501,0.85986,0.86475,0.89502,0.8999,0.91504,0.91992,0.88477,0.86475,0.82471,0.77002,0.73975,0.77002,0.7998,0.81982,0.82471,0.83984,0.82471,0.83496,0.83008,0.83984,0.81006,0.85986,1.0547,1.3696,1.5,1.5,1.5,1.1299,0.91992,0.79004,0.75488,0.75,0.73975,0.73486,0.74512,0.75488,0.75488,0.75,0.76514,0.75977,0.77002,0.75977,0.77979,0.77002,0.77979,0.79004,0.7998,0.7998,0.81982,0.81006,0.81982,0.81494,0.82471,0.82471,0.83008,0.82471,0.83008,0.83496,0.82471,0.82471,0.82471,0.83496,0.83496,0.84473,0.83496,0.8501,0.83984,0.84473,0.83984,0.8501,0.83984,0.8501,0.83984,0.85498,0.83984,0.8501,0.83984,0.84473,0.83496,0.84473,0.83496,0.83008,0.83984,0.82471,0.83008,0.82471,0.83008,0.82471,0.83496,0.83008,0.83984,0.82471,0.83496,0.82471,0.83984,0.83008,0.83496,0.82471,0.83008,0.83496,0.83984,0.82471,0.83984,0.82471,0.83008,0.82471,0.83008,0.83496,0.82471,0.83496,0.82471,0.83984,0.83008,0.83984,0.82471,0.83984,0.83496,0.84473,0.83984,0.87012,0.87012,0.89014,0.89502,0.8999,0.87012,0.8501,0.7998,0.77002,0.76514,0.7998,0.81006,0.81982,0.82471,0.82471,0.83008,0.82471,0.83496,0.81006,0.82471,0.8999,1.1899,1.4448,1.5,1.5,1.375,1.0049,0.83984,0.7749,0.75977,0.74512,0.75,0.73975,0.75488,0.75,0.75488,0.75488,0.75977,0.76514,0.75977,0.7749,0.76514,0.77979,0.77002,0.78516,0.77979,0.79492,0.79004,0.80469,0.7998,0.82471,0.81494,0.82471,0.81982,0.82471,0.81494,0.82471,0.81982,0.83008,0.82471,0.83008,0.82471,0.83496,0.83984,0.82471,0.83984,0.83008,0.84473,0.83496,0.84473,0.83496,0.8501,0.84473,0.8501,0.84473,0.8501,0.84473,0.8501,0.84473,0.84473,0.83984,0.8501,0.83984,0.8501,0.83984,0.84473,0.83496,0.83984,0.84473,0.83984,0.84473,0.83496,0.84473,0.83008,0.84473,0.83496,0.83984,0.83008,0.83984,0.83008,0.83984,0.83008,0.83984,0.83496,0.84473,0.83984,0.8501,0.83496,0.84473,0.83984,0.8501,0.84473,0.8501,0.84473,0.8501,0.84473,0.8501,0.8501,0.85498,0.875,0.89502,0.90479,0.8999,0.89014,0.85986,0.83496,0.78516,0.77002,0.7749,0.7998,0.80469,0.82471,0.81494,0.82471,0.81982,0.82471,0.81494,0.80469,0.83008,0.99512,1.2998,1.5,1.5,1.5,1.1997,0.9751,0.79492,0.75,0.73975,0.7251,0.72998,0.7251,0.73486,0.72998,0.74512,0.73975,0.75488,0.75488,0.76514,0.75488,0.7749,0.76514,0.77979,0.78516,0.77979,0.79492,0.81006,0.81494,0.81006,0.82471,0.81494,0.82471,0.81982,0.82471,0.81982,0.82471,0.81982,0.82471,0.82471,0.83008,0.82471,0.83496,0.82471,0.83984,0.82471,0.83496,0.82471,0.83496,0.83008,0.83496,0.83984,0.83008,0.84473,0.83496,0.8501,0.83984,0.8501,0.83984,0.8501,0.83984,0.84473,0.83008,0.83984,0.83008,0.84473,0.83008,0.83496,0.82471,0.83008,0.81982,0.82471,0.81982,0.83008,0.83496,0.83984,0.83008,0.82471,0.83008,0.81982,0.82471,0.81494,0.82471,0.82471,0.81982,0.81982,0.83008,0.82471,0.82471,0.81982,0.83008,0.82471,0.82471,0.81982,0.83008,0.81982,0.83008,0.82471,0.85986,0.875,0.87988,0.89014,0.89502,0.86475,0.83496,0.79004,0.74512,0.73975,0.77002,0.7998,0.80469,0.81494,0.80469,0.81494,0.81006,0.82471,0.79004,0.7998,0.87012,1.165,1.4297,1.5,1.5,1.3599,1.02,0.83984,0.75,0.73975,0.7251,0.71484,0.7251,0.72998,0.72998,0.73486,0.74512,0.73975,0.75488,0.75,0.75977,0.75488,0.77979,0.7749,0.77002,0.77979,0.7998,0.79492,0.7998,0.7998,0.82471,0.80469,0.81494,0.82471,0.83008,0.81982,0.81494,0.82471,0.81494,0.82471,0.81982,0.82471,0.81982,0.82471,0.82471,0.83496,0.82471,0.81982,0.81494,0.82471,0.81982,0.82471,0.82471,0.82471,0.81982,0.82471,0.82471,0.82471,0.81982,0.82471,0.81982,0.82471,0.81982,0.82471,0.82471,0.82471,0.82471,0.81494,0.81982,0.81006,0.82471,0.81982,0.82471,0.81494,0.82471,0.81494,0.82471,0.81982,0.83008,0.82471,0.83008,0.82471,0.83008,0.82471,0.83008,0.82471,0.83984,0.84473,0.83496,0.8501,0.83496,0.8501,0.83984,0.8501,0.84473,0.87012,0.89014,0.8999,0.90479,0.91504,0.87988,0.87012,0.81982,0.77979,0.75488,0.79004,0.7998,0.81494,0.82471,0.83008,0.83496,0.83008,0.83984,0.81982,0.81982,0.875,1.125,1.4097,1.5,1.5,1.4746,1.0698,0.875,0.77002,0.75488,0.73975,0.73975,0.7251,0.73975,0.73486,0.75,0.75488,0.77002,0.75977,0.7749,0.77002,0.7749,0.77979,0.78516,0.79004,0.77979,0.7998,0.79492,0.7998,0.80469,0.81982,0.81494,0.82471,0.81982,0.82471,0.81982,0.82471,0.82471,0.83496,0.82471,0.83496,0.83008,0.83984,0.83496,0.84473,0.83984,0.8501,0.84473,0.8501,0.84473,0.8501,0.85498,0.8501,0.85498,0.8501,0.85986,0.8501,0.85986,0.8501,0.85498,0.8501,0.85498,0.8501,0.8501,0.84473,0.85498,0.8501,0.8501,0.84473,0.8501,0.84473,0.8501,0.8501,0.84473,0.8501,0.84473,0.8501,0.83984,0.8501,0.84473,0.8501,0.83984,0.8501,0.8501,0.85498,0.8501,0.85986,0.8501,0.85986,0.85498,0.85986,0.85498,0.86475,0.85498,0.86475,0.85986,0.86475,0.87012,0.88477,0.8999,0.91504,0.9248,0.91992,0.8999,0.875,0.83984,0.77979,0.76514,0.79004,0.81982,0.81494,0.83984,0.83008,0.84473,0.83984,0.84473,0.81494,0.83496,0.89502,1.1748,1.4546,1.5,1.5,1.3896,1.0747,0.87012,0.78516,0.76514,0.75488,0.75,0.75488,0.74512,0.75488,0.75488,0.76514,0.76514,0.7749,0.77002,0.78516,0.77979,0.79004,0.78516,0.79492,0.79004,0.7998,0.81006,0.81982,0.82471,0.81982,0.82471,0.81982,0.82471,0.82471,0.83008,0.82471,0.83496,0.83008,0.84473,0.83008,0.83984,0.83496,0.84473,0.84473,0.8501,0.8501,0.85498,0.8501,0.85498,0.8501,0.8501,0.84473,0.8501,0.83984,0.8501,0.84473,0.8501,0.84473,0.8501,0.83984,0.84473,0.8501,0.83496,0.83984,0.83496,0.84473,0.83496,0.84473,0.82471,0.83008,0.83008,0.83496,0.82471,0.84473,0.82471,0.83496,0.83008,0.83984,0.83008,0.83496,0.83984,0.83496,0.83008,0.84473,0.83984,0.83496,0.84473,0.83984,0.8501,0.84473,0.8501,0.84473,0.8501,0.8501,0.8501,0.85498,0.88477,0.87988,0.90479,0.8999,0.8999,0.875,0.85498,0.80469,0.75977,0.75488,0.80469,0.81494,0.80469,0.82471,0.83008,0.83496,0.82471,0.83984,0.80469,0.82471,0.91504,1.2046,1.46,1.5,1.5,1.335,1.0146,0.84473,0.76514,0.75488,0.74512,0.75,0.73486,0.74512,0.73975,0.75488,0.75977,0.75488,0.76514,0.75488,0.7749,0.77002,0.78516,0.79004,0.79492,0.78516,0.7998,0.7998,0.81006,0.81494,0.82471,0.81982,0.83008,0.82471,0.83496,0.83008,0.83984,0.83496,0.84473,0.8501,0.83984,0.8501,0.83984,0.8501,0.84473,0.85498,0.84473,0.85498,0.8501,0.85986,0.8501,0.85986,0.8501,0.85986,0.8501,0.85986,0.8501,0.85986,0.8501,0.85498,0.8501,0.8501,0.84473,0.8501,0.8501,0.8501,0.8501,0.8501,0.85498,0.8501,0.8501,0.84473,0.8501,0.84473,0.8501,0.8501,0.8501,0.84473,0.8501,0.84473,0.8501,0.83984,0.8501,0.83984,0.8501,0.84473,0.8501,0.84473,0.8501,0.8501,0.8501,0.84473,0.8501,0.8501,0.84473,0.86475,0.89014,0.90967,0.91992,0.92969,0.8999,0.89014,0.8501,0.81006,0.75977,0.77979,0.7998,0.81982,0.81982,0.83008,0.82471,0.84473,0.83984,0.83008,0.81494,0.84473,1.0298,1.335,1.5,1.5,1.5,1.1948,0.96973,0.7998,0.77002,0.75488,0.75488,0.75,0.75488,0.75488,0.77002,0.75977,0.77002,0.76514,0.77979,0.7749,0.78516,0.77979,0.79492,0.78516,0.79492,0.79492,0.7998,0.80469,0.7998,0.81494,0.81006,0.82471,0.81006,0.82471,0.81494,0.81982,0.81494,0.82471,0.81982,0.82471,0.82471,0.83984,0.83496,0.84473,0.83496,0.84473,0.83984,0.8501,0.83496,0.82471,0.83496,0.82471,0.83496,0.83008,0.84473,0.83496,0.84473,0.83984,0.8501,0.84473,0.8501,0.83984,0.84473,0.83984,0.83496,0.8501,0.84473,0.88477,0.89502,0.90967,0.90479,0.89014,0.86475,0.83008,0.77979,0.75488,0.76514,0.7998,0.7998,0.82471,0.82471,0.83008,0.82471,0.83008,0.81982,0.81006,0.83496,1.02,1.3247,1.5,1.5,1.5,1.1851,0.96484,0.80469,0.75488,0.75,0.73975,0.74512,0.73486,0.75488,0.75,0.76514,0.75977,0.7749,0.75977,0.77002,0.7749,0.77979,0.77979,0.79492,0.7998,0.79492,0.7998,0.79492,0.81006,0.7998,0.81494,0.81006,0.81982,0.81982,0.83008,0.82471,0.82471,0.81494,0.82471,0.82471,0.82471,0.82471,0.83984,0.82471,0.83496,0.83008,0.83496,0.82471,0.83496,0.83008,0.83496,0.84473,0.83496,0.83984,0.83008,0.83984,0.82471,0.84473,0.83008,0.82471,0.81982,0.83008,0.81982,0.82471,0.82471,0.82471,0.81982,0.82471,0.81494,0.82471,0.82471,0.83008,0.81982,0.82471,0.82471,0.82471,0.81982,0.82471,0.81494,0.81982,0.82471,0.81494,0.81982,0.82471,0.83008,0.82471,0.83008,0.81494,0.82471,0.81982,0.82471,0.82471,0.83496,0.82471,0.83496,0.82471,0.83496,0.8501,0.875,0.875,0.89502,0.8999,0.875,0.8501,0.81494,0.75977,0.73975,0.79004,0.80469,0.81982,0.81494,0.83008,0.82471,0.83008,0.81494,0.81982,0.80469,0.86475,1.1001,1.4097,1.5,1.5,1.4946,1.0898,0.87012,0.78516,0.75,0.74512,0.75488,0.73975,0.73486,0.74512,0.75488,0.74512,0.75488,0.75,0.76514,0.75488,0.7749,0.77002,0.77979,0.77979,0.79004,0.78516,0.79492,0.7998,0.81006,0.81494,0.82471,0.81982,0.83008,0.83496,0.82471,0.83496,0.82471,0.83496,0.83008,0.84473,0.83984,0.8501,0.83984,0.8501,0.8501,0.8501,0.84473,0.8501,0.84473,0.8501,0.84473,0.8501,0.83984,0.8501,0.83984,0.84473,0.83496,0.84473,0.83008,0.83496,0.83008,0.83008,0.83496,0.82471,0.83496,0.82471,0.83008,0.81982,0.83008,0.82471,0.83008,0.82471,0.83496,0.83008,0.83984,0.83008,0.83984,0.83008,0.84473,0.83496,0.84473,0.83984,0.84473,0.83984,0.84473,0.8501,0.84473,0.8501,0.84473,0.8501,0.84473,0.8501,0.84473,0.8501,0.85986,0.88477,0.8999,0.91992,0.91992,0.91504,0.875,0.85498,0.80469,0.76514,0.75488,0.79492,0.7998,0.81494,0.81982,0.81494,0.83008,0.82471,0.83008,0.81006,0.81982,0.92969,1.23,1.48,1.5,1.5,1.3296,1.0347,0.84473,0.75977,0.75977,0.73975,0.75,0.73975,0.75,0.74512,0.75977,0.75488,0.76514,0.77002,0.76514,0.77979,0.78516,0.77979,0.79004,0.7998,0.79492,0.7998,0.7998,0.81494,0.80469,0.81494,0.81006,0.81982,0.81494,0.82471,0.81006,0.82471,0.81494,0.82471,0.82471,0.83984,0.83008,0.84473,0.83496,0.83008,0.83984,0.83008,0.83984,0.83496,0.84473,0.83008,0.83984,0.83496,0.8501,0.83984,0.8501,0.83984,0.8501,0.84473,0.8501,0.83984,0.83984,0.83008,0.83984,0.82471,0.83496,0.83008,0.83496,0.83984,0.83008,0.83496,0.82471,0.83984,0.82471,0.83496,0.82471,0.83496,0.82471,0.83984,0.83008,0.83984,0.83008,0.83984,0.83008,0.84473,0.83008,0.83984,0.83008,0.83984,0.83008,0.84473,0.83984,0.8501,0.83984,0.84473,0.83496,0.83984,0.83496,0.84473,0.8501,0.87988,0.89502,0.90967,0.91504,0.88477,0.86475,0.82471,0.7749,0.74512,0.7749,0.7998,0.81494,0.81982,0.83008,0.83008,0.83984,0.83008,0.82471,0.81494,0.85498,1.0498,1.3647,1.5,1.5,1.5,1.1348,0.9248,0.78516,0.75488,0.74512,0.75,0.73975,0.75488,0.75488,0.75977,0.75488,0.75977,0.75488,0.77002,0.75977,0.7749,0.77979,0.77979,0.7749,0.77979,0.77979,0.79492,0.7998,0.79492,0.81006,0.81494,0.80469,0.7998,0.81982,0.80469,0.81982,0.80469,0.81494,0.81982,0.82471,0.81982,0.83496,0.83496,0.83984,0.82471,0.83496,0.83496,0.83496,0.83008,0.83496,0.82471,0.83984,0.82471,0.83008,0.83496,0.83008,0.82471,0.82471,0.82471,0.82471,0.83496,0.82471,0.83008,0.81982,0.82471,0.82471,0.82471,0.81494,0.83008,0.81494,0.81982,0.81006,0.82471,0.81494,0.82471,0.81982,0.83008,0.81494,0.82471,0.82471,0.82471,0.83496,0.83008,0.83984,0.82471,0.83008,0.82471,0.83496,0.81494,0.83496,0.83496,0.83496,0.83008,0.83496,0.82471,0.87012,0.875,0.87012,0.89014,0.89502,0.87012,0.85986,0.81494,0.75977,0.75,0.79004,0.80469,0.81982,0.82471,0.81494,0.82471,0.82471,0.83496,0.81006,0.80469,0.84473,1.0547,1.3599,1.5,1.5,1.5,1.125,0.8999,0.77979,0.75488,0.72998,0.73486,0.73486,0.73975,0.74512,0.75,0.75488,0.75,0.76514,0.75977,0.7749,0.77002,0.77979,0.77979,0.78516,0.79004,0.80469,0.7998,0.81494,0.81006,0.83008,0.82471,0.83984,0.83008,0.83984,0.83008,0.83984,0.84473,0.8501,0.83984,0.8501,0.84473,0.83984,0.8501,0.83496,0.84473,0.83496,0.83984,0.83008,0.83496,0.83008,0.84473,0.83496,0.84473,0.83496,0.84473,0.83496,0.84473,0.83984,0.84473,0.83496,0.83984,0.83496,0.84473,0.83984,0.84473,0.83496,0.8501,0.84473,0.8501,0.87012,0.89014,0.8999,0.91504,0.91992,0.89014,0.87012,0.83008,0.78516,0.75488,0.79004,0.80469,0.82471,0.82471,0.83496,0.83008,0.83984,0.83008,0.82471,0.81982,0.86475,1.0898,1.395,1.5,1.5,1.5,1.125,0.91504,0.7749,0.75488,0.73975,0.74512,0.72998,0.73975,0.73486,0.75488,0.74512,0.75977,0.75488,0.7749,0.77002,0.77979,0.77979,0.78516,0.78516,0.79492,0.7998,0.79492,0.81006,0.80469,0.82471,0.81982,0.82471,0.81982,0.82471,0.81982,0.82471,0.81982,0.83008,0.82471,0.83496,0.83008,0.8501,0.83984,0.8501,0.84473,0.85498,0.8501,0.8501,0.84473,0.8501,0.83984,0.84473,0.8501,0.83496,0.84473,0.83496,0.8501,0.83496,0.84473,0.83984,0.8501,0.84473,0.8501,0.83984,0.84473,0.83496,0.8501,0.83984,0.84473,0.83008,0.83984,0.83008,0.83496,0.82471,0.83496,0.83984,0.83008,0.83984,0.83008,0.83984,0.83496,0.83984,0.83496,0.83984,0.83496,0.84473,0.83008,0.83984,0.83008,0.84473,0.83496,0.8501,0.83984,0.8501,0.84473,0.8501,0.85498,0.89014,0.89502,0.90967,0.91504,0.89014,0.86475,0.83008,0.77002,0.74512,0.77002,0.79492,0.80469,0.82471,0.83008,0.82471,0.83984,0.83008,0.83496,0.81006,0.84473,1.0298,1.3496,1.5,1.5,1.5,1.165,0.93506,0.79492,0.76514,0.75488,0.75977,0.75,0.75488,0.75,0.75977,0.75,0.76514,0.75977,0.77002,0.7749,0.77979,0.77002,0.79004,0.79004,0.79492,0.79004,0.80469,0.7998,0.81982,0.82471,0.81982,0.81982,0.83008,0.81982,0.82471,0.83496,0.82471,0.81982,0.83008,0.83496,0.82471,0.8501,0.83984,0.84473,0.8501,0.8501,0.83984,0.8501,0.84473,0.8501,0.83984,0.84473,0.83496,0.84473,0.82471,0.83496,0.82471,0.83008,0.83008,0.83984,0.82471,0.82471,0.83008,0.82471,0.83008,0.82471,0.83008,0.81982,0.82471,0.81494,0.81982,0.81006,0.83008,0.81982,0.82471,0.81494,0.82471,0.82471,0.83008,0.81982,0.83008,0.82471,0.83496,0.81982,0.83008,0.81982,0.82471,0.82471,0.82471,0.82471,0.83008,0.83496,0.82471,0.85498,0.86475,0.875,0.89014,0.89502,0.86475,0.85498,0.81982,0.77002,0.74512,0.77979,0.79004,0.81494,0.82471,0.82471,0.81982,0.81494,0.82471,0.81494,0.7998,0.83496,1.0298,1.3296,1.5,1.5,1.5,1.1548,0.90479,0.78516,0.75488,0.72998,0.72998,0.7251,0.73486,0.73486,0.75,0.75,0.75488,0.75488,0.76514,0.76514,0.77979,0.77002,0.77979,0.78516,0.77979,0.7998,0.80469,0.81006,0.81006,0.81982,0.81494,0.83008,0.82471,0.83008,0.82471,0.83496,0.83008,0.83984,0.82471,0.83984,0.83496,0.84473,0.83496,0.83984,0.83008,0.83496,0.83984,0.83008,0.83984,0.83008,0.83984,0.83008,0.84473,0.83496,0.84473,0.83984,0.8501,0.83984,0.84473,0.83984,0.8501,0.83984,0.84473,0.83984,0.8501,0.83984,0.8501,0.83496,0.84473,0.83008,0.84473,0.83496,0.84473,0.8501,0.83984,0.8501,0.83984,0.8501,0.83984,0.8501,0.83984,0.84473,0.83496,0.84473,0.83984,0.84473,0.83984,0.8501,0.84473,0.8501,0.83984,0.8501,0.84473,0.8501,0.84473,0.85986,0.875,0.8999,0.90967,0.91992,0.89502,0.87988,0.8501,0.80469,0.75977,0.75,0.79004,0.7998,0.81982,0.81982,0.83496,0.82471,0.83496,0.82471,0.81494,0.82471,0.95508,1.25,1.5,1.5,1.5,1.2646,1.0146,0.81494,0.76514,0.74512,0.73975,0.73975,0.73486,0.74512,0.73975,0.75488,0.75,0.75488,0.75488,0.77002,0.76514,0.77979,0.77002,0.77979,0.7749,0.79004,0.79004,0.7998,0.7998,0.80469,0.81006,0.80469,0.81494,0.81006,0.7998,0.81006,0.81982,0.81494,0.82471,0.81494,0.82471,0.83008,0.83984,0.83496,0.84473,0.83496,0.83984,0.83496,0.84473,0.83008,0.83984,0.83496,0.83984,0.83496,0.8501,0.81494,0.82471,0.82471,0.8501,0.84473,0.8501,0.84473,0.8501,0.84473,0.85498,0.84473,0.8501,0.8501,0.8501,0.8501,0.8501,0.84473,0.8501,0.8501,0.84473,0.8501,0.8501,0.8501,0.84473,0.8501,0.83984,0.84473,0.83496,0.84473,0.83008,0.83984,0.83008,0.83496,0.83008,0.83984,0.82471,0.83496,0.82471,0.83008,0.82471,0.82471,0.83008,0.82471,0.83496,0.82471,0.83984,0.83008,0.83984,0.82471,0.83496,0.82471,0.83496,0.83496,0.83984,0.83496,0.85986,0.875,0.89502,0.90479,0.91992,0.88477,0.87012,0.81982,0.7749,0.73975,0.77002,0.78516,0.7998,0.81982,0.83008,0.83496,0.81982,0.82471,0.81006,0.80469,0.83008,1.0249,1.3296,1.5,1.5,1.5,1.1396,0.9248,0.77002,0.75977,0.72998,0.73975,0.73486,0.73975,0.74512,0.73486,0.73975,0.73486,0.75,0.75488,0.76514,0.75977,0.77002,0.78516,0.79492,0.77979,0.79004,0.7998,0.81006,0.7998,0.81494,0.81006,0.81494,0.81982,0.82471,0.81494,0.81982,0.82471,0.83008,0.82471,0.82471,0.82471,0.83496,0.83984,0.82471,0.83496,0.83008,0.83984,0.82471,0.83984,0.83008,0.83496,0.83008,0.83496,0.82471,0.83984,0.82471,0.82471,0.82471,0.83984,0.81982,0.82471,0.81006,0.82471,0.81982,0.81982,0.82471,0.82471,0.81494,0.81006,0.82471,0.81494,0.83008,0.81982,0.82471,0.81982,0.82471,0.81494,0.82471,0.83008,0.83984,0.82471,0.83984,0.82471,0.83984,0.84473,0.83008,0.83008,0.8501,0.83496,0.84473,0.82471,0.84473,0.8501,0.83984,0.84473,0.8501,0.85986,0.875,0.89502,0.89502,0.90967,0.87988,0.87012,0.82471,0.78516,0.75977,0.7998,0.80469,0.81982,0.82471,0.83984,0.83984,0.84473,0.83008,0.82471,0.82471,0.86475,1.0947,1.4048,1.5,1.5,1.5,1.1099,0.88477,0.79492,0.77002,0.75488,0.75488,0.74512,0.75977,0.75,0.75977,0.75488,0.76514,0.75977,0.7749,0.7749,0.78516,0.77979,0.79492,0.79004,0.7998,0.79492,0.7998,0.80469,0.7998,0.81006,0.80469,0.81982,0.81494,0.82471,0.81494,0.81982,0.81494,0.82471,0.81982,0.83008,0.81982,0.83984,0.83008,0.84473,0.83496,0.8501,0.83984,0.8501,0.83984,0.84473,0.83496,0.83984,0.84473,0.83984,0.83008,0.83984,0.8501,0.83496,0.8501,0.82471,0.84473,0.83496,0.84473,0.83496,0.84473,0.83008,0.84473,0.82471,0.83008,0.81982,0.83008,0.83008,0.83984,0.83496,0.83008,0.83496,0.82471,0.83496,0.83496,0.81982,0.81494,0.83984,0.83984,0.83496,0.83496,0.83496,0.82471,0.83008,0.82471,0.83984,0.82471,0.84473,0.83496,0.83984,0.84473,0.86475,0.87012,0.87988,0.89502,0.89502,0.87012,0.85498,0.81006,0.7749,0.75488,0.7749,0.79492,0.7998,0.81006,0.80469,0.81982,0.81494,0.82471,0.80469,0.81006,0.83984,1.0649,1.3599,1.5,1.5,1.5,1.1196,0.91504,0.77979,0.75488,0.73486,0.72998,0.73975,0.73486,0.74512,0.75488,0.75977,0.75488,0.77002,0.75977,0.7749,0.77002,0.77979,0.77979,0.79004,0.78516,0.7998,0.79492,0.81006,0.80469,0.81982,0.81982,0.82471,0.81494,0.81982,0.82471,0.81982,0.82471,0.81982,0.82471,0.83008,0.83496,0.82471,0.83984,0.83496,0.8501,0.83984,0.8501,0.84473,0.8501,0.84473,0.8501,0.84473,0.85498,0.84473,0.8501,0.84473,0.8501,0.84473,0.8501,0.84473,0.83984,0.84473,0.83984,0.8501,0.84473,0.8501,0.83496,0.83984,0.83008,0.83984,0.83008,0.84473,0.83984,0.84473,0.83496,0.84473,0.83008,0.83984,0.83008,0.84473,0.83008,0.83496,0.83008,0.84473,0.83984,0.84473,0.83984,0.84473,0.8501,0.83496,0.84473,0.83496,0.8501,0.84473,0.86475,0.87988,0.89502,0.90479,0.91504,0.87988,0.87012,0.81982,0.7749,0.73975,0.7749,0.79004,0.80469,0.81494,0.82471,0.81982,0.82471,0.82471,0.81982,0.80469,0.83496,1.0298,1.3447,1.5,1.5,1.5,1.145,0.93506,0.7749,0.75,0.73975,0.73975,0.72998,0.73975,0.73486,0.75488,0.75,0.75977,0.75488,0.77002,0.75977,0.77979,0.77979,0.79004,0.78516,0.7998,0.79004,0.78516,0.79492,0.78516,0.7998,0.79492,0.81006,0.7998,0.81006,0.7998,0.80469,0.7998,0.81006,0.80469,0.81982,0.81982,0.82471,0.82471,0.82471,0.81494,0.82471,0.81982,0.82471,0.83008,0.82471,0.83008,0.81494,0.82471,0.81982,0.82471,0.81982,0.83496,0.81006,0.81494,0.81006,0.82471,0.81982,0.83008,0.81982,0.81982,0.80469,0.82471,0.81006,0.81494,0.81006,0.82471,0.81494,0.81006,0.81982,0.81006,0.81982,0.81006,0.81494,0.82471,0.83496,0.82471,0.81982,0.81494,0.82471,0.81982,0.82471,0.82471,0.83496,0.81982,0.83008,0.82471,0.83008,0.81982,0.83008,0.82471,0.83496,0.83984,0.87012,0.875,0.89014,0.8999,0.875,0.86475,0.84473,0.79004,0.75,0.77002,0.7998,0.81006,0.80469,0.82471,0.81494,0.83008,0.82471,0.83008,0.80469,0.81982,0.89014,1.165,1.4297,1.5,1.5,1.4346,1.0298,0.84473,0.77002,0.75488,0.73975,0.73975,0.75,0.74512,0.75488,0.75,0.75977,0.75488,0.77002,0.76514,0.77979,0.7749,0.78516,0.77979,0.79492,0.79004,0.7998,0.79492,0.81006,0.7998,0.80469,0.81006,0.81982,0.82471,0.81494,0.82471,0.81982,0.82471,0.81982,0.82471,0.81982,0.82471,0.81982,0.83008,0.82471,0.83008,0.82471,0.83496,0.82471,0.83496,0.82471,0.83496,0.82471,0.83496,0.83008,0.83984,0.84473,0.83496,0.8501,0.84473,0.8501,0.84473,0.8501,0.83984,0.8501,0.83984,0.84473,0.83008,0.83496,0.83008,0.83984,0.83008,0.83984,0.83496,0.83984,0.83008,0.83984,0.82471,0.83496,0.82471,0.83008,0.82471,0.83008,0.83496,0.82471,0.83496,0.82471,0.83496,0.83008,0.83984,0.82471,0.83984,0.83008,0.83984,0.83008,0.83984,0.84473,0.875,0.88477,0.90479,0.90479,0.89502,0.87012,0.84473,0.79004,0.75488,0.75,0.78516,0.7998,0.81494,0.82471,0.81982,0.83008,0.82471,0.83008,0.80469,0.82471,0.92969,1.2246,1.4697,1.5,1.5,1.3198,1.0298,0.84473,0.75488,0.75,0.72998,0.73975,0.72998,0.73486,0.73486,0.73975,0.75,0.74512,0.75488,0.75488,0.75977,0.76514,0.7749,0.76514,0.77979,0.77979,0.79004,0.78516,0.79492,0.79004,0.80469,0.7998,0.81006,0.7998,0.81006,0.7998,0.81006,0.7998,0.81494,0.81006,0.81494,0.82471,0.81982,0.83008,0.81982,0.83008,0.82471,0.83496,0.82471,0.83496,0.82471,0.83496,0.82471,0.83008,0.82471,0.84473,0.83008,0.83984,0.83008,0.83496,0.82471,0.83008,0.82471,0.83008,0.82471,0.82471,0.82471,0.82471,0.82471,0.81982,0.83008,0.81982,0.82471,0.81982,0.82471,0.81982,0.82471,0.81494,0.81982,0.81494,0.82471,0.81982,0.82471,0.81982,0.82471,0.81982,0.83008,0.82471,0.83008,0.83496,0.82471,0.83008,0.82471,0.83008,0.82471,0.83496,0.82471,0.85498,0.87988,0.89502,0.89502,0.8999,0.86475,0.8501,0.79492,0.75488,0.72998,0.7749,0.78516,0.7998,0.81006,0.81982,0.82471,0.83008,0.82471,0.81006,0.7998,0.85986,1.085,1.3896,1.5,1.5,1.4897,1.1001,0.8999,0.76514,0.73975,0.72998,0.72998,0.7251,0.73486,0.72998,0.73975,0.73975,0.75488,0.74512,0.75488,0.75,0.75977,0.75488,0.75977,0.76514,0.7749,0.77002,0.79004,0.7998,0.79004,0.80469,0.7998,0.81006,0.7998,0.81982,0.81006,0.81006,0.80469,0.81982,0.81006,0.83008,0.83496,0.83984,0.82471,0.83984,0.84473,0.83008,0.82471,0.84473,0.83008,0.83496,0.83008,0.83496,0.83008,0.82471,0.83008,0.82471,0.83008,0.82471,0.83984,0.82471,0.82471,0.82471,0.84473,0.81982,0.81006,0.81982,0.83008,0.81494,0.81982,0.82471,0.83008,0.81494,0.82471,0.83008,0.81982,0.82471,0.83496,0.84473,0.81982,0.82471,0.81982,0.82471,0.83008,0.82471,0.81982,0.83008,0.82471,0.83496,0.82471,0.83984,0.8501,0.84473,0.83984,0.8501,0.83496,0.84473,0.83984,0.85986,0.85986,0.875,0.88477,0.8999,0.90967,0.875,0.85986,0.81494,0.7749,0.75488,0.79492,0.7998,0.82471,0.82471,0.83984,0.83984,0.8501,0.84473,0.83008,0.82471,0.87988,1.1099,1.4048,1.5,1.5,1.5,1.105,0.87988,0.79492,0.76514,0.75488,0.75488,0.75,0.75977,0.75,0.75977,0.75488,0.77002,0.76514,0.77979,0.7749,0.78516,0.77979,0.79004,0.79492,0.7998,0.7998,0.80469,0.81006,0.81982,0.81494,0.82471,0.83008,0.82471,0.83008,0.82471,0.83984,0.83008,0.83984,0.83008,0.84473,0.84473,0.8501,0.84473,0.8501,0.84473,0.85498,0.8501,0.85498,0.8501,0.85498,0.8501,0.85498,0.8501,0.85498,0.8501,0.8501,0.85498,0.8501,0.85986,0.8501,0.86475,0.8501,0.85498,0.8501,0.85986,0.85498,0.85986,0.8501,0.85498,0.8501,0.85498,0.8501,0.85986,0.8501,0.85498,0.8501,0.85498,0.84473,0.8501,0.8501,0.8501,0.84473,0.8501,0.85498,0.8501,0.8501,0.8501,0.85498,0.84473,0.85498,0.8501,0.85498,0.8501,0.85986,0.8501,0.85986,0.85498,0.89014,0.8999,0.91992,0.91992,0.91504,0.87988,0.85986,0.81006,0.83496,0.8501,0.83984,0.8501,0.83984,0.84473,0.83984,0.84473,0.83984,0.8501,0.84473,0.83984,0.84473,0.83984,0.8501,0.83984,0.8501,0.83984,0.8501,0.83984,0.84473,0.83984,0.84473,0.83984,0.8501,0.83984,0.85498,0.84473,0.85498,0.8501,0.85498,0.84473,0.8501,0.83984,0.8501,0.84473,0.8501,0.84473,0.8501,0.84473,0.8501,0.84473,0.8501,0.8501,0.8501,0.85498,0.84473,0.8501,0.85498,0.89014,0.89502,0.91504,0.90479,0.89014,0.85986,0.83008,0.77002,0.75488,0.77002,0.7998,0.7998,0.82471,0.81982,0.82471,0.83008,0.82471,0.81494,0.80469,0.86475,1.105,1.395,1.5,1.5,1.5,1.1147,0.90479,0.77979,0.74512,0.75,0.73486,0.74512,0.73975,0.75488,0.74512,0.75488,0.75488,0.76514,0.77002,0.76514,0.77979,0.7749,0.78516,0.77979,0.79492,0.78516,0.7998,0.7998,0.80469,0.7998,0.81006,0.80469,0.81494,0.80469,0.81494,0.80469,0.81982,0.81006,0.8501,0.83008,0.83984,0.83496,0.83984,0.83008,0.83496,0.83984,0.83008,0.83984,0.82471,0.83984,0.82471,0.83008,0.82471,0.83496,0.82471,0.83984,0.83008,0.84473,0.83496,0.84473,0.83496,0.84473,0.83008,0.84473,0.83496,0.84473,0.83984,0.84473,0.8501,0.87988,0.89502,0.91504,0.91992,0.89502,0.87012,0.83008,0.78516,0.74512,0.75977,0.79004,0.7998,0.80469,0.82471,0.81982,0.83008,0.82471,0.82471,0.7998,0.84473,1,1.2998,1.5,1.5,1.5,1.1851,0.95508,0.79004,0.75977,0.74512,0.73486,0.72998,0.73486,0.72998,0.74512,0.73975,0.75488,0.75,0.7749,0.75977,0.76514,0.75977,0.7749,0.76514,0.77002,0.7749,0.79492,0.79004,0.7998,0.7998,0.80469,0.81006,0.79492,0.81006,0.7998,0.80469,0.7998,0.81494,0.81006,0.81982,0.81006,0.82471,0.83008,0.83984,0.82471,0.83008,0.82471,0.82471,0.81494,0.82471,0.81982,0.83496,0.82471,0.83008,0.83496,0.81982,0.82471,0.82471,0.82471,0.81982,0.82471,0.81006,0.82471,0.82471,0.81982,0.81006,0.83496,0.82471,0.81982,0.81494,0.82471,0.81494,0.82471,0.81982,0.82471,0.82471,0.83008,0.82471,0.82471,0.83008,0.82471,0.83984,0.83008,0.83984,0.83008,0.83496,0.82471,0.83984,0.82471,0.83496,0.83008,0.8501,0.84473,0.85498,0.83984,0.87988,0.89014,0.90967,0.89502,0.89502,0.87012,0.85498,0.79492,0.75488,0.77979,0.80469,0.81006,0.82471,0.83008,0.83496,0.83984,0.83008,0.83496,0.81006,0.83008,0.94971,1.2549,1.4946,1.5,1.5,1.3096,0.98486,0.83496,0.7749,0.75977,0.75,0.75488,0.75,0.75488,0.75977,0.76514,0.77002,0.76514,0.7749,0.77979,0.78516,0.77979,0.79492,0.79004,0.7998,0.7998,0.81494,0.81006,0.82471,0.81494,0.83008,0.82471,0.82471,0.82471,0.83496,0.82471,0.83496,0.81982,0.83008,0.82471,0.83008,0.83496,0.83984,0.84473,0.83984,0.8501,0.84473,0.8501,0.83984,0.8501,0.84473,0.8501,0.84473,0.8501,0.8501,0.8501,0.84473,0.8501,0.84473,0.85498,0.84473,0.8501,0.83984,0.84473,0.84473,0.8501,0.83984,0.8501,0.83984,0.84473,0.83496,0.83008,0.84473,0.83496,0.84473,0.83984,0.8501,0.83496,0.8501,0.84473,0.8501,0.83984,0.8501,0.84473,0.8501,0.83984,0.8501,0.83984,0.84473,0.83496,0.83984,0.83008,0.83984,0.8501,0.87012,0.89502,0.8999,0.91504,0.89502,0.87012,0.83984,0.80469,0.75,0.75977,0.77979,0.7998,0.7998,0.82471,0.81982,0.83008,0.82471,0.83008,0.7998,0.83008,0.94482,1.2549,1.5,1.5,1.5,1.2749,1.0146,0.81982,0.76514,0.75,0.74512,0.73975,0.74512,0.73975,0.75488,0.75,0.75977,0.75977,0.77002,0.77002,0.77979,0.7749,0.78516,0.77979,0.78516,0.79492,0.79004,0.7998,0.79492,0.81006,0.80469,0.81494,0.81006,0.81982,0.81006,0.81982,0.81006,0.81494,0.81006,0.83008,0.82471,0.83496,0.82471,0.84473,0.83496,0.83984,0.83984,0.8501,0.83984,0.8501,0.83984,0.83984,0.82471,0.84473,0.83496,0.83984,0.8501,0.83984,0.84473,0.83008,0.83984,0.81494,0.82471,0.81494,0.81982,0.81494,0.81982,0.80469,0.82471,0.81006,0.82471,0.81006,0.81006,0.80469,0.81006,0.80469,0.81982,0.81494,0.81006,0.82471,0.80469,0.82471,0.82471,0.81006,0.80469,0.82471,0.81494,0.82471,0.81494,0.82471,0.81006,0.81982,0.81982,0.82471,0.82471,0.84473,0.85498,0.87988,0.89014,0.88477,0.86475,0.83984,0.80469,0.75488,0.73975,0.7749,0.79492,0.78516,0.81006,0.81494,0.80469,0.81494,0.82471,0.7998,0.81982,0.85498,1.1099,1.3799,1.5,1.5,1.5,1.0801,0.89014,0.7749,0.75488,0.74512,0.73486,0.72998,0.73975,0.75,0.75488,0.76514,0.75,0.75488,0.75977,0.77002,0.76514,0.7749,0.7749,0.78516,0.79004,0.7998,0.79492,0.81006,0.81006,0.82471,0.82471,0.82471,0.82471,0.83008,0.82471,0.83008,0.82471,0.83496,0.83984,0.83496,0.84473,0.83496,0.84473,0.83496,0.8501,0.83496,0.8501,0.84473,0.8501,0.84473,0.8501,0.83984,0.8501,0.83984,0.8501,0.83496,0.84473,0.83984,0.84473,0.8501,0.83984,0.8501,0.84473,0.8501,0.83984,0.8501,0.83984,0.84473,0.83984,0.8501,0.83984,0.8501,0.83984,0.84473,0.83984,0.84473,0.83984,0.8501,0.83984,0.8501,0.83496,0.8501,0.83496,0.8501,0.84473,0.8501,0.84473,0.8501,0.84473,0.8501,0.85498,0.84473,0.85498,0.8501,0.875,0.89014,0.8999,0.90967,0.91992,0.88477,0.86475,0.81982,0.7749,0.74512,0.77979,0.79492,0.81006,0.81982,0.83496,0.82471,0.83496,0.82471,0.81982,0.82471,0.90479,1.1597,1.4448,1.5,1.5,1.4048,1.0747,0.87988,0.7749,0.75977,0.74512,0.74512,0.73975,0.75488,0.74512,0.75488,0.75977,0.77002,0.76514,0.7749,0.77002,0.77979,0.7749,0.77979,0.79004,0.78516,0.79492,0.79004,0.80469,0.7998,0.81494,0.81006,0.81982,0.81494,0.81982,0.81006,0.81982,0.81006,0.82471,0.82471,0.83984,0.83496,0.8501,0.83984,0.8501,0.83984,0.8501,0.84473,0.83984,0.8501,0.83984,0.8501,0.83984,0.8501,0.83984,0.8501,0.83496,0.8501,0.84473,0.8501,0.83496,0.8501,0.83984,0.8501,0.83984,0.8501,0.83496,0.84473,0.83496,0.83984,0.83496,0.84473,0.83496,0.83008,0.84473,0.83496,0.84473,0.83984,0.8501,0.85986,0.86475,0.8501,0.85498,0.83984,0.8501,0.83008,0.83984,0.83496,0.83984,0.83008,0.84473,0.83496,0.84473,0.83008,0.85986,0.87988,0.89502,0.8999,0.89502,0.875,0.8501,0.80469,0.76514,0.75,0.7749,0.79492,0.80469,0.82471,0.82471,0.83008,0.82471,0.82471,0.81006,0.81982,0.85498,1.1147,1.4048,1.5,1.5,1.48,1.0898,0.89502,0.7749,0.75488,0.73975,0.73486,0.75,0.72998,0.75488,0.74512,0.75488,0.75,0.76514,0.75977,0.77002,0.76514,0.77979,0.7749,0.79004,0.77979,0.7998,0.7998,0.7998,0.7998,0.82471,0.81006,0.81982,0.82471,0.82471,0.81982,0.82471,0.81982,0.82471,0.83008,0.82471,0.83984,0.83496,0.83984,0.84473,0.8501,0.83984,0.84473,0.83984,0.83496,0.82471,0.83984,0.83008,0.83496,0.82471,0.84473,0.83496,0.83984,0.84473,0.83496,0.83008,0.82471,0.83496,0.82471,0.83984,0.83008,0.83984,0.83008,0.84473,0.83496,0.84473,0.83008,0.83496,0.82471,0.83496,0.82471,0.84473,0.83496,0.83984,0.83008,0.83984,0.83008,0.83984,0.83008,0.84473,0.83496,0.8501,0.83984,0.84473,0.83984,0.83496,0.84473,0.83496,0.84473,0.83984,0.875,0.89014,0.90479,0.90479,0.89502,0.86475,0.83496,0.78516,0.75977,0.76514,0.7998,0.7998,0.81982,0.82471,0.83008,0.82471,0.83008,0.81494,0.7998,0.84473,1.0498,1.355,1.5,1.5,1.5,1.125,0.91504,0.78516,0.75,0.73975,0.72998,0.73486,0.72998,0.73975,0.72998,0.75,0.75,0.75488,0.75488,0.75977,0.76514,0.75977,0.77002,0.76514,0.77979,0.77002,0.78516,0.77979,0.7998,0.79004,0.7998,0.7998,0.7998,0.7998,0.81006,0.7998,0.81006,0.80469,0.81982,0.81494,0.82471,0.81982,0.82471,0.82471,0.83496,0.82471,0.83008,0.83496,0.82471,0.83496,0.82471,0.83496,0.82471,0.83984,0.83008,0.84473,0.83496,0.8501,0.83496,0.83984,0.83008,0.83984,0.82471,0.84473,0.87012,0.89502,0.85498,0.8501,0.85986,0.875,0.85986,0.84473,0.80469,0.79492,0.7998,0.79004,0.79492,0.79004,0.79492,0.78516,0.75977,0.77979,0.92969,1.25,1.5,1.5,1.5,1.27,1,0.78516,0.73486,0.71484,0.71484,0.70508,0.70996,0.70996,0.70996,0.71484,0.7251,0.72998,0.73486,0.75,0.75977,0.77002,0.75977,0.76514,0.75488,0.77002,0.76514,0.77002,0.77979,0.7998,0.79004,0.7998,0.79004,0.7998,0.78516,0.7998,0.79492,0.7998,0.80469,0.81982,0.81494,0.82471,0.81982,0.82471,0.81982,0.81494,0.81494,0.81494,0.82471,0.81982,0.82471,0.81494,0.83496,0.82471,0.82471,0.81982,0.83496,0.81006,0.82471,0.81494,0.81982,0.80469,0.81982,0.82471,0.81494,0.80469,0.81982,0.80469,0.7998,0.81982,0.81006,0.81982,0.79492,0.7998,0.79492,0.7998,0.79492,0.7998,0.80469,0.7998,0.81494,0.7998,0.80469,0.7998,0.81494,0.81006,0.83496,0.84473,0.8501,0.8501,0.85498,0.84473,0.86475,0.8501,0.85986,0.8501,0.85986,0.87012,0.85986,0.8501,0.84473,0.85498,0.8501,0.85986,0.83984,0.85986,0.84473,0.8501,0.84473,0.8501,0.83984,0.8501,0.8501,0.8501,0.83984,0.83984,0.83496,0.83496,0.83496,0.8501,0.8501,0.84473,0.83008,0.84473,0.8501,0.83496,0.84473,0.8501,0.8501,0.86475,0.89014,0.8999,0.91992,0.89502,0.8999,0.875,0.82471,0.77002,0.75488,0.78516,0.81494,0.81006,0.83008,0.82471,0.83496,0.84473,0.83008,0.81006,0.83496,0.9248,1.2046,1.46,1.5,1.5,1.3496,1.0146,0.83496,0.77979,0.75977,0.75488,0.75,0.75488,0.75,0.75977,0.75977,0.77002,0.76514,0.77979,0.7749,0.77979,0.77979,0.78516,0.77979,0.79492,0.79492,0.7998,0.7998,0.7998,0.81006,0.7998,0.81494,0.81006,0.81982,0.81006,0.81982,0.81494,0.83008,0.82471,0.83496,0.83008,0.8501,0.84473,0.8501,0.84473,0.8501,0.8501,0.8501,0.8501,0.8501,0.84473,0.8501,0.83984,0.84473,0.8501,0.84473,0.8501,0.83496,0.84473,0.83984,0.8501,0.83984,0.84473,0.83496,0.84473,0.83496,0.84473,0.83984,0.84473,0.83984,0.84473,0.83496,0.84473,0.83008,0.83984,0.83008,0.83496,0.83984,0.83496,0.84473,0.83496,0.84473,0.85986,0.88477,0.89502,0.91504,0.89502,0.87988,0.8501,0.81494,0.75977,0.75,0.76514,0.7998,0.7998,0.82471,0.81982,0.82471,0.81982,0.82471,0.7998,0.82471,0.95996,1.2598,1.4849,1.5,1.5,1.2349,0.97998,0.79492,0.75,0.73486,0.73975,0.72998,0.73486,0.72998,0.75,0.73975,0.75488,0.75,0.75977,0.75488,0.76514,0.75977,0.77002,0.7749,0.77002,0.77979,0.78516,0.79492,0.79004,0.7998,0.79004,0.7998,0.79492,0.7998,0.79492,0.7998,0.7998,0.81006,0.81006,0.83008,0.82471,0.83496,0.83496,0.84473,0.83496,0.83984,0.83496,0.83984,0.83496,0.84473,0.83496,0.83984,0.84473,0.83496,0.83984,0.82471,0.84473,0.83496,0.83984,0.83496,0.84473,0.83008,0.83984,0.83008,0.83496,0.82471,0.83008,0.83008,0.83984,0.83008,0.83984,0.83008,0.82471,0.83496,0.83008,0.83984,0.83008,0.83984,0.83496,0.84473,0.83496,0.84473,0.8501,0.87988,0.89502,0.90479,0.90479,0.89502,0.87012,0.84473,0.78516,0.74512,0.72998,0.77002,0.78516,0.80469,0.81494,0.82471,0.81982,0.82471,0.80469,0.79492,0.82471,1.0049,1.3247,1.5,1.5,1.5,1.1548,0.91992,0.77002,0.74512,0.75488,0.72998,0.73486,0.73486,0.73975,0.73486,0.75977,0.76514,0.75488,0.75488,0.77002,0.76514,0.77979,0.77979,0.79004,0.79492,0.78516,0.7998,0.78516,0.7998,0.80469,0.81494,0.80469,0.80469,0.7998,0.81982,0.80469,0.81982,0.82471,0.83496,0.83496,0.84473,0.83984,0.8501,0.8501,0.8501,0.83984,0.84473,0.84473,0.8501,0.83984,0.83496,0.8501,0.83984,0.8501,0.83984,0.83496,0.82471,0.83984,0.83496,0.84473,0.83496,0.83984,0.82471,0.83496,0.82471,0.83984,0.83008,0.83984,0.83496,0.84473,0.83984,0.84473,0.83984,0.83496,0.84473,0.83496,0.84473,0.83496,0.84473,0.83496,0.84473,0.83496,0.8501,0.87012,0.89014,0.89502,0.91504,0.89014,0.875,0.84473,0.80469,0.75,0.76514,0.78516,0.80469,0.81494,0.81982,0.82471,0.82471,0.82471,0.81006,0.81006,0.8501,1.0649,1.355,1.5,1.5,1.5,1.0947,0.89014,0.77002,0.75488,0.73975,0.73975,0.72998,0.73486,0.72998,0.74512,0.75,0.75488,0.75488,0.75,0.75488,0.75977,0.76514,0.75977,0.7749,0.76514,0.77979,0.77002,0.77979,0.7749,0.77979,0.77979,0.79004,0.78516,0.7998,0.79492,0.7998,0.7998,0.81494,0.81982,0.82471,0.82471,0.83496,0.83984,0.83008,0.83984,0.83008,0.83984,0.84473,0.8501,0.84473,0.8501,0.84473,0.8501,0.83984,0.84473,0.83496,0.83984,0.82471,0.83496,0.82471,0.83008,0.82471,0.83496,0.82471,0.83008,0.82471,0.83008,0.82471,0.83008,0.83496,0.82471,0.83984,0.83008,0.83984,0.83008,0.83496,0.82471,0.83496,0.83008,0.83984,0.83496,0.83984,0.83008,0.85498,0.875,0.89502,0.89502,0.91504,0.88477,0.87012,0.83008,0.77979,0.74512,0.76514,0.79004,0.7998,0.81982,0.81982,0.82471,0.82471,0.83008,0.7998,0.81494,0.85986,1.1147,1.3896,1.5,1.5,1.4297,1.0547,0.87012,0.75977,0.75488,0.72998,0.73486,0.72998,0.73486,0.74512,0.75,0.75488,0.75,0.76514,0.75977,0.77002,0.76514,0.7749,0.77002,0.79004,0.78516,0.7998,0.79492,0.7998,0.79004,0.7998,0.78516,0.7998,0.78516,0.7998,0.7998,0.81006,0.7998,0.81006,0.82471,0.83008,0.82471,0.84473,0.8501,0.83984,0.8501,0.83984,0.84473,0.83496,0.84473,0.83496,0.8501,0.8501,0.84473,0.83008,0.8501,0.84473,0.8501,0.83984,0.8501,0.8501,0.84473,0.8501,0.83984,0.83984,0.8501,0.83496,0.83008,0.84473,0.83496,0.83984,0.82471,0.83984,0.82471,0.83496,0.82471,0.83984,0.83984,0.83496,0.82471,0.83984,0.83008,0.83496,0.83984,0.84473,0.85498,0.87988,0.89014,0.89502,0.8999,0.89014,0.85986,0.81982,0.7749,0.75488,0.78516,0.81494,0.82471,0.81982,0.83008,0.83008,0.83984,0.82471,0.81982,0.81982,0.91992,1.1748,1.4497,1.5,1.5,1.3799,1.02,0.83496,0.7749,0.75488,0.75,0.74512,0.73975,0.75488,0.75,0.76514,0.75977,0.77002,0.76514,0.7749,0.77002,0.77979,0.77979,0.79004,0.78516,0.7998,0.79492,0.80469,0.7998,0.81006,0.7998,0.81006,0.7998,0.81006,0.81982,0.81494,0.82471,0.81982,0.83496,0.82471,0.84473,0.83984,0.8501,0.84473,0.85498,0.8501,0.85498,0.8501,0.85498,0.8501,0.85498,0.8501,0.85498,0.8501,0.85498,0.8501,0.8501,0.84473,0.8501,0.84473,0.8501,0.84473,0.8501,0.84473,0.83984,0.8501,0.83984,0.8501,0.8501,0.85498,0.8501,0.8501,0.84473,0.8501,0.84473,0.8501,0.84473,0.8501,0.84473,0.8501,0.84473,0.8501,0.84473,0.8501,0.8501,0.87012,0.89502,0.8999,0.91504,0.89502,0.87988,0.8501,0.81494,0.75977,0.75488,0.77979,0.80469,0.7998,0.82471,0.82471,0.83984,0.83008,0.83496,0.81006,0.83984,0.98486,1.2949,1.5,1.5,1.5,1.21,0.96973,0.7998,0.75977,0.75,0.74512,0.73486,0.75,0.73975,0.75488,0.75,0.7749,0.75977,0.7749,0.77002,0.77979,0.77979,0.77979,0.77979,0.79004,0.78516,0.79492,0.7998,0.80469,0.7998,0.80469,0.81006,0.80469,0.81494,0.80469,0.83008,0.83008,0.84473,0.84473,0.8501,0.84473,0.8501,0.8501,0.85498,0.84473,0.85498,0.86475,0.85986,0.85498,0.8501,0.85498,0.84473,0.85498,0.85498,0.84473,0.8501,0.85498,0.8501,0.85498,0.8501,0.85498,0.8501,0.85498,0.84473,0.8501,0.83984,0.8501,0.83984,0.8501,0.84473,0.84473,0.83008,0.8501,0.8501,0.83984,0.82471,0.8501,0.84473,0.83496,0.82471,0.8501,0.85498,0.83984,0.8501,0.83496,0.84473,0.86475,0.89502,0.89014,0.8999,0.89502,0.88477,0.85986,0.82471,0.77002,0.75977,0.79004,0.81494,0.81006,0.82471,0.82471,0.83008,0.83496,0.83984,0.81494,0.83008,0.91992,1.2046,1.4546,1.5,1.5,1.3696,1.02,0.83984,0.78516,0.75977,0.75488,0.75,0.75977,0.75488,0.76514,0.75977,0.7749,0.76514,0.77979,0.77979,0.77979,0.77979,0.79004,0.79492,0.79004,0.7998,0.79492,0.80469,0.7998,0.81494,0.81494,0.82471,0.81494,0.82471,0.81494,0.82471,0.81982,0.83496,0.83008,0.84473,0.83984,0.8501,0.84473,0.8501,0.8501,0.85498,0.8501,0.85498,0.8501,0.85498,0.8501,0.85498,0.85986,0.8501,0.85986,0.8501,0.85986,0.8501,0.85498,0.8501,0.8501,0.84473,0.8501,0.84473,0.8501,0.84473,0.8501,0.84473,0.8501,0.84473,0.8501,0.84473,0.8501,0.84473,0.8501,0.8501,0.84473,0.8501,0.84473,0.8501,0.83984,0.8501,0.83984,0.8501,0.84473,0.85986,0.85498,0.89502,0.89502,0.91992,0.8999,0.88477,0.85986,0.82471,0.76514,0.75,0.77002,0.80469,0.81006,0.80469,0.82471,0.81982,0.83008,0.82471,0.80469,0.7998,0.90967,1.1899,1.4448,1.5,1.5,1.335,1.0347,0.83008,0.75977,0.73975,0.73486,0.72998,0.74512,0.73975,0.75488,0.75,0.75488,0.75977,0.75488,0.77002,0.76514,0.77979,0.77002,0.77979,0.77979,0.79004,0.77979,0.7998,0.79004,0.7998,0.7998,0.80469,0.7998,0.80469,0.80469,0.81006,0.80469,0.81982,0.81982,0.82471,0.83496,0.83984,0.84473,0.83984,0.8501,0.84473,0.8501,0.83984,0.8501,0.83984,0.8501,0.83984,0.8501,0.84473,0.84473,0.83008,0.8501,0.83008,0.83984,0.83496,0.84473,0.83496,0.84473,0.82471,0.83496,0.82471,0.83496,0.82471,0.83008,0.82471,0.82471,0.83008,0.82471,0.83008,0.82471,0.83496,0.82471,0.83008,0.83008,0.84473,0.83008,0.83984,0.83008,0.83984,0.83496,0.83984,0.83496,0.84473,0.85986,0.89502,0.83008,0.83984,0.83008,0.84473,0.83984,0.8501,0.84473,0.8501,0.84473,0.8501,0.8501,0.875,0.89014,0.90479,0.90967,0.89502,0.87988,0.8501,0.80469,0.7749,0.79004,0.81006,0.81982,0.81494,0.83008,0.82471,0.83496,0.83008,0.83984,0.81006,0.82471,0.875,1.1499,1.4199,1.5,1.5,1.4097,1.0547,0.86475,0.77002,0.75488,0.73975,0.73486,0.74512,0.73486,0.74512,0.74512,0.75488,0.75,0.75977,0.75488,0.7749,0.77002,0.77979,0.7749,0.78516,0.77979,0.7998,0.81006,0.7998,0.81006,0.80469,0.82471,0.81982,0.82471,0.82471,0.83008,0.81982,0.83008,0.81982,0.83496,0.83496,0.8501,0.83984,0.8501,0.83496,0.8501,0.84473,0.84473,0.83496,0.84473,0.8501,0.84473,0.84473,0.83984,0.83008,0.82471,0.84473,0.84473,0.82471,0.83984,0.8501,0.83496,0.82471,0.83008,0.83984,0.82471,0.83008,0.82471,0.83496,0.82471,0.83008,0.82471,0.83496,0.83008,0.83984,0.83008,0.83008,0.82471,0.83008,0.83496,0.83008,0.84473,0.83496,0.84473,0.83984,0.8501,0.84473,0.8501,0.84473,0.8501,0.84473,0.8501,0.84473,0.8501,0.8501,0.85498,0.8501,0.85498,0.8501,0.85498,0.8501,0.86475,0.875,0.8999,0.90479,0.91992,0.9248,0.89502,0.875,0.83496,0.78516,0.77002,0.81006,0.81982,0.83008,0.83496,0.8501,0.83984,0.8501,0.84473,0.83496,0.82471,0.87988,1.1196,1.4146,1.5,1.5,1.5,1.1001,0.88477,0.79004,0.75977,0.75488,0.74512,0.74512,0.75488,0.74512,0.75488,0.75488,0.77002,0.75977,0.77979,0.77002,0.77979,0.77979,0.79004,0.78516,0.7998,0.79492,0.80469,0.7998,0.81982,0.81494,0.82471,0.81982,0.82471,0.81982,0.81982,0.82471,0.82471,0.83008,0.82471,0.83984,0.83496,0.84473,0.84473,0.8501,0.84473,0.8501,0.84473,0.8501,0.8501,0.85498,0.8501,0.85986,0.8501,0.85498,0.8501,0.85986,0.8501,0.8501,0.85498,0.8501,0.85986,0.8501,0.85498,0.8501,0.85498,0.8501,0.8501,0.84473,0.8501,0.84473,0.8501,0.84473,0.8501,0.83984,0.8501,0.84473,0.8501,0.8501,0.85498,0.8501,0.8501,0.84473,0.8501,0.8501,0.8501,0.84473,0.84473,0.8501,0.83984,0.8501,0.83984,0.8501,0.83984,0.8501,0.83984,0.8501,0.84473,0.8501,0.84473,0.8501,0.84473,0.85498,0.8501,0.87012,0.88477,0.90479,0.91504,0.91992,0.89014,0.87012,0.83496,0.78516,0.7749,0.79004,0.81494,0.81494,0.83008,0.82471,0.83984,0.83496,0.84473,0.82471,0.81982,0.83008,1.0049,1.3047,1.5,1.5,1.5,1.1948,0.9751,0.80469,0.77979,0.75488,0.75,0.75488,0.73975,0.75,0.74512,0.76514,0.75488,0.77002,0.77002,0.7749,0.76514,0.78516,0.77979,0.79004,0.78516,0.79492,0.79004,0.80469,0.7998,0.81006,0.81982,0.82471,0.81006,0.81982,0.82471,0.81494,0.81982,0.81494,0.83008,0.82471,0.83008,0.82471,0.83984,0.83008,0.83984,0.83008,0.83496,0.83008,0.83496,0.82471,0.83496,0.83008,0.83984,0.83008,0.84473,0.83496,0.83984,0.82471,0.83984,0.83008,0.82471,0.83496,0.82471,0.83496,0.82471,0.83496,0.82471,0.83496,0.82471,0.83496,0.81982,0.83008,0.81982,0.83496,0.82471,0.83008,0.82471,0.83008,0.82471,0.83008,0.83496,0.82471,0.83496,0.83008,0.83496,0.82471,0.83008,0.82471,0.83008,0.82471,0.83984,0.83008,0.83984,0.83008,0.83984,0.82471,0.83496,0.82471,0.83496,0.82471,0.83984,0.8501,0.875,0.875,0.89502,0.87988,0.875,0.8501,0.81494,0.75977,0.75,0.78516,0.7998,0.81006,0.81494,0.81982,0.81982,0.83008,0.82471,0.81494,0.7998,0.85986,1.0698,1.3799,1.5,1.5,1.5,1.105,0.875,0.78516,0.75,0.74512,0.73975,0.74512,0.75,0.73975,0.75488,0.75488,0.75977,0.75488,0.77002,0.76514,0.77979,0.7749,0.77979,0.77979,0.79004,0.77979,0.7998,0.79004,0.80469,0.7998,0.81494,0.80469,0.81494,0.81006,0.81982,0.81982,0.82471,0.82471,0.81982,0.82471,0.82471,0.83008,0.82471,0.83984,0.83008,0.83984,0.83496,0.84473,0.83496,0.84473,0.83496,0.8501,0.83984,0.8501,0.83496,0.84473,0.83496,0.84473,0.83984,0.84473,0.83984,0.84473,0.83984,0.83984,0.84473,0.83496,0.84473,0.83984,0.84473,0.83496,0.84473,0.83496,0.83984,0.83496,0.83984,0.83008,0.84473,0.83496,0.84473,0.83008,0.83984,0.83008,0.83984,0.83008,0.83496,0.83984,0.83008,0.83984,0.83496,0.8501,0.83984,0.8501,0.83496,0.8501,0.83496,0.83984,0.83008,0.84473,0.83984,0.86475,0.875,0.89502,0.90967,0.90479,0.875,0.86475,0.81494,0.77979,0.77002,0.79492,0.80469,0.81494,0.81982,0.82471,0.83008,0.82471,0.83008,0.81494,0.81494,0.85498,1.0698,1.375,1.5,1.5,1.5,1.125,0.9248,0.78516,0.75977,0.75,0.75488,0.74512,0.75488,0.75,0.75488,0.75488,0.75977,0.76514,0.7749,0.77979,0.77002,0.77979,0.77979,0.79004,0.79004,0.7998,0.79492,0.81006,0.80469,0.81982,0.81494,0.82471,0.81006,0.82471,0.81982,0.82471,0.82471,0.82471,0.82471,0.83008,0.83984,0.83496,0.84473,0.83984,0.8501,0.83984,0.8501,0.84473,0.8501,0.84473,0.8501,0.84473,0.8501,0.84473,0.8501,0.84473,0.8501,0.83984,0.84473,0.83496,0.84473,0.83496,0.84473,0.83984,0.8501,0.83984,0.8501,0.83496,0.83984,0.84473,0.83008,0.83984,0.83008,0.83984,0.83008,0.83984,0.82471,0.83496,0.83496,0.83984,0.83008,0.83984,0.83008,0.83984,0.82471,0.83496,0.82471,0.83984,0.83008,0.83984,0.83008,0.83496,0.83984,0.83008,0.84473,0.83008,0.83984,0.83008,0.83984,0.83008,0.8501,0.86475,0.89502,0.89014,0.90967,0.89014,0.87988,0.8501,0.81494,0.75488,0.75,0.77979,0.7998,0.80469,0.82471,0.82471,0.82471,0.83008,0.82471,0.81006,0.7998,0.86475,1.1147,1.4048,1.5,1.5,1.4297,1.0747,0.87012,0.77979,0.75,0.75488,0.73486,0.74512,0.74512,0.76514,0.75488,0.76514,0.75488,0.76514,0.75977,0.77002,0.77979,0.7749,0.78516,0.77979,0.79004,0.77979,0.7998,0.79492,0.7998,0.7998,0.81494,0.81006,0.82471,0.81494,0.81982,0.81006,0.82471,0.82471,0.83008,0.82471,0.83496,0.82471,0.83984,0.84473,0.83496,0.84473,0.83496,0.8501,0.83984,0.8501,0.83496,0.83984,0.83496,0.84473,0.83008,0.83984,0.83008,0.83496,0.82471,0.83496,0.82471,0.83008,0.82471,0.83496,0.82471,0.83008,0.82471,0.82471,0.83008,0.82471,0.83008,0.82471,0.83496,0.82471,0.83984,0.82471,0.84473,0.83984,0.83496,0.82471,0.83984,0.82471,0.83008,0.82471,0.83008,0.82471,0.83984,0.83008,0.83984,0.83496,0.8501,0.83984,0.84473,0.8501,0.83984,0.8501,0.83984,0.8501,0.84473,0.8501,0.83984,0.85986,0.875,0.89502,0.8999,0.90967,0.875,0.87012,0.82471,0.78516,0.75488,0.79004,0.7998,0.81982,0.82471,0.83008,0.82471,0.83984,0.83008,0.82471,0.81982,0.85498,1.0449,1.3496,1.5,1.5,1.5,1.1396,0.91504,0.79004,0.76514,0.75,0.75488,0.74512,0.75488,0.75,0.76514,0.75488,0.77002,0.76514,0.7749,0.77002,0.77979,0.77979,0.79004,0.79492,0.78516,0.7998,0.7998,0.80469,0.81006,0.81982,0.81982,0.82471,0.82471,0.83008,0.82471,0.83496,0.82471,0.83984,0.83496,0.8501,0.83984,0.8501,0.83984,0.8501,0.8501,0.85498,0.8501,0.8501,0.85498,0.8501,0.85498,0.8501,0.85986,0.8501,0.85498,0.8501,0.86475,0.85498,0.86475,0.8501,0.85986,0.8501,0.85498,0.8501,0.85986,0.8501,0.85498,0.8501,0.85498,0.84473,0.8501,0.84473,0.8501,0.84473,0.8501,0.8501,0.84473,0.8501,0.84473,0.8501,0.84473,0.8501,0.84473,0.8501,0.84473,0.8501,0.84473,0.8501,0.84473,0.85498,0.84473,0.85498,0.84473,0.8501,0.84473,0.8501,0.84473,0.8501,0.84473,0.8501,0.84473,0.84473,0.8501,0.84473,0.8501,0.87012,0.89502,0.90479,0.91992,0.90479,0.89502,0.86475,0.83496,0.77979,0.77979,0.79492,0.82471,0.81494,0.82471,0.82471,0.83984,0.84473,0.83984,0.84473,0.81982,0.85498,1.0547,1.3599,1.5,1.5,1.5,1.1499,0.93506,0.80469,0.77002,0.76514,0.75,0.75488,0.74512,0.75488,0.75488,0.76514,0.77002,0.76514,0.77002,0.76514,0.77979,0.7749,0.79004,0.77979,0.79492,0.78516,0.7998,0.80469,0.81006,0.80469,0.82471,0.81494,0.81982,0.81494,0.83496,0.82471,0.83008,0.83008,0.83496,0.82471,0.83984,0.84473,0.84473,0.83984,0.8501,0.83984,0.83984,0.84473,0.8501,0.84473,0.8501,0.84473,0.83984,0.85498,0.8501,0.8501,0.83984,0.84473,0.83496,0.84473,0.83496,0.83984,0.83008,0.83984,0.82471,0.83008,0.82471,0.83008,0.82471,0.82471,0.82471,0.82471,0.83008,0.82471,0.83496,0.82471,0.81982,0.82471,0.83008,0.82471,0.83008,0.81494,0.82471,0.81982,0.83008,0.81982,0.82471,0.82471,0.83008,0.82471,0.83496,0.83496,0.83984,0.83008,0.82471,0.83008,0.82471,0.83496,0.82471,0.83008,0.83496,0.83984,0.83008,0.87012,0.875,0.89502,0.89502,0.89014,0.87012,0.8501,0.79004,0.75977,0.75488,0.80469,0.81006,0.82471,0.82471,0.83008,0.82471,0.83008,0.82471,0.81494,0.81982,0.8999,1.165,1.4346,1.5,1.5,1.3647,1.02,0.83984,0.76514,0.75488,0.74512,0.75,0.73975,0.75488,0.75,0.75977,0.75488,0.76514,0.76514,0.7749,0.77002,0.77979,0.7749,0.78516,0.79004,0.78516,0.79004,0.79492,0.7998,0.79492,0.81006,0.81006,0.81982,0.81006,0.81494,0.81006,0.82471,0.81494,0.82471,0.81494,0.82471,0.81982,0.83008,0.82471,0.83496,0.82471,0.83496,0.82471,0.83984,0.82471,0.83496,0.83984,0.83008,0.83984,0.83008,0.83984,0.83496,0.84473,0.83496,0.83984,0.83008,0.83496,0.82471,0.83984,0.83008,0.83984,0.83496,0.84473,0.83008,0.84473,0.82471,0.83496,0.83008,0.83496,0.83984,0.82471,0.83008,0.82471,0.83008,0.82471,0.83496,0.82471,0.83496,0.82471,0.83496,0.82471,0.83984,0.83008,0.83984,0.83008,0.83496,0.83008,0.83984,0.83008,0.83496,0.83496,0.84473,0.83496,0.84473,0.8501,0.83496,0.83984,0.83496,0.86475,0.88477,0.89502,0.89502,0.8999,0.875,0.8501,0.80469,0.77002,0.75977,0.79492,0.7998,0.81494,0.81494,0.82471,0.81982,0.82471,0.81494,0.80469,0.7998,0.85498,1.0747,1.3848,1.5,1.5,1.4746,1.1001,0.89502,0.76514,0.74512,0.72998,0.72998,0.72998,0.73486,0.72998,0.74512,0.73486,0.75488,0.75,0.75977,0.75977,0.77979,0.7749,0.77979,0.7749,0.77979,0.77979,0.79004,0.7998,0.78516,0.80469,0.7998,0.81006,0.7998,0.81494,0.7998,0.81494,0.7998,0.81006,0.81494,0.81982,0.81494,0.82471,0.82471,0.83984,0.82471,0.83008,0.82471,0.83008,0.82471,0.83984,0.83008,0.82471,0.83496,0.82471,0.83496,0.82471,0.83984,0.82471,0.83008,0.82471,0.83496,0.81494,0.81982,0.81494,0.82471,0.80469,0.82471,0.81494,0.82471,0.81006,0.82471,0.81494,0.81982,0.82471,0.83008,0.81494,0.81006,0.81494,0.81982,0.82471,0.81982,0.83008,0.81982,0.82471,0.81982,0.83008,0.81494,0.82471,0.81494,0.82471,0.81982,0.83008,0.82471,0.83496,0.81982,0.83008,0.83984,0.83008,0.82471,0.83496,0.82471,0.82471,0.83984,0.8501,0.86475,0.875,0.89502,0.89502,0.875,0.8501,0.81494,0.75977,0.75,0.7749,0.7998,0.7998,0.82471,0.81494,0.82471,0.81982,0.83008,0.81494,0.80469,0.83008,1,1.2998,1.5,1.5,1.5,1.1699,0.9248,0.79004,0.75488,0.74512,0.72998,0.73975,0.73486,0.75,0.74512,0.75488,0.75,0.75977,0.75488,0.77002,0.76514,0.77979,0.7749,0.77979,0.78516,0.79004,0.79492,0.79004,0.80469,0.7998,0.81006,0.80469,0.81006,0.7998,0.81494,0.81006,0.81982,0.81494,0.82471,0.81982,0.83008,0.82471,0.83984,0.83008,0.8501,0.83496,0.83984,0.83008,0.84473,0.83496,0.84473,0.83496,0.83496,0.83984,0.83008,0.8501,0.83984,0.8501,0.83496,0.83984,0.83008,0.83984,0.83496,0.83984,0.83008,0.84473,0.83008,0.83984,0.83008,0.83984,0.83008,0.83496,0.83008,0.83496,0.82471,0.83008,0.83496,0.82471,0.83984,0.83008,0.83496,0.83008,0.83496,0.82471,0.83496,0.82471,0.83008,0.82471,0.83984,0.83008,0.83496,0.83008,0.83984,0.82471,0.83496,0.82471,0.83984,0.83008,0.84473,0.83984,0.85986,0.87988,0.89502,0.90479,0.8999,0.88477,0.86475,0.82471,0.7749,0.76514,0.78516,0.80469,0.7998,0.81494,0.81006,0.82471,0.81982,0.82471,0.81006,0.80469,0.81982,0.95508,1.25,1.4897,1.5,1.5,1.2446,0.99512,0.81006,0.75488,0.73975,0.72998,0.73975,0.72998,0.73975,0.73486,0.75,0.74512,0.75977,0.75488,0.77002,0.76514,0.77979,0.77002,0.78516,0.77979,0.79004,0.79004,0.7998,0.79492,0.7998,0.80469,0.81494,0.81982,0.81006,0.82471,0.81982,0.82471,0.81982,0.82471,0.81494,0.82471,0.82471,0.83496,0.82471,0.83496,0.83008,0.83984,0.83496,0.84473,0.82471,0.83496,0.83496,0.83984,0.83496,0.83984,0.84473,0.83008,0.83984,0.8501,0.83984,0.83008,0.83984,0.83496,0.83984,0.82471,0.83008,0.82471,0.83496,0.82471,0.83496,0.83008,0.83008,0.82471,0.83496,0.82471,0.83496,0.83496,0.83984,0.82471,0.83984,0.83496,0.83496,0.82471,0.83008,0.83984,0.82471,0.83496,0.83008,0.84473,0.82471,0.83496,0.83008,0.84473,0.83008,0.84473,0.83984,0.84473,0.82471,0.83984,0.83496,0.8501,0.83496,0.83984,0.83496,0.8501,0.8501,0.85986,0.875,0.88477,0.89502,0.90479,0.89502,0.875,0.84473,0.79004,0.75488,0.7749,0.81006,0.7998,0.82471,0.82471,0.84473,0.83496,0.84473,0.82471,0.82471,0.82471,0.91992,1.2046,1.4546,1.5,1.5,1.335,1.0146,0.83984,0.7749,0.75977,0.75,0.75488,0.75,0.75488,0.75488,0.75977,0.75977,0.7749,0.77002,0.77979,0.77979,0.79004,0.78516,0.79492,0.79492,0.80469,0.81006,0.80469,0.81494,0.82471,0.81982,0.81494,0.83008,0.82471,0.83496,0.82471,0.83496,0.83008,0.83984,0.83008,0.83984,0.83496,0.8501,0.83496,0.8501,0.8501,0.8501,0.84473,0.85498,0.8501,0.85498,0.8501,0.85498,0.8501,0.8501,0.85498,0.84473,0.85498,0.8501,0.85986,0.8501,0.85498,0.8501,0.8501,0.8501,0.85498,0.8501,0.8501,0.84473,0.85498,0.84473,0.8501,0.83984,0.84473,0.83984,0.8501,0.83496,0.84473,0.83984,0.8501,0.84473,0.8501,0.84473,0.8501,0.8501,0.84473,0.8501,0.83984,0.8501,0.83984,0.8501,0.84473,0.8501,0.84473,0.8501,0.84473,0.85498,0.84473,0.8501,0.84473,0.8501,0.8501,0.84473,0.8501,0.84473,0.875,0.89502,0.90479,0.91504,0.8999,0.87988,0.85498,0.80469,0.77002,0.76514,0.7998,0.81006,0.82471,0.82471,0.83496,0.83008,0.83984,0.83008,0.81982,0.81006,0.87012,1.1147,1.4199,1.5,1.5,1.46,1.0898,0.88477,0.7749,0.75488,0.74512,0.73975,0.73486,0.75,0.74512,0.75488,0.75,0.75488,0.75977,0.7749,0.76514,0.77979,0.7749,0.78516,0.77979,0.79004,0.78516,0.7998,0.80469,0.81494,0.81982,0.81006,0.82471,0.81982,0.83008,0.81494,0.83008,0.83008,0.83496,0.82471,0.84473,0.83984,0.84473,0.83984,0.8501,0.84473,0.8501,0.83984,0.8501,0.84473,0.8501,0.83496,0.84473,0.83984,0.83984,0.8501,0.83984,0.8501,0.83984,0.8501,0.83984,0.84473,0.83008,0.84473,0.83496,0.83984,0.82471,0.83984,0.82471,0.82471,0.82471,0.83008,0.82471,0.83984,0.83008,0.83984,0.82471,0.83496,0.82471,0.83008,0.83496,0.82471,0.83496,0.83008,0.84473,0.83496,0.84473,0.83496,0.84473,0.83984,0.84473,0.83984,0.8501,0.83496,0.84473,0.83496,0.8501,0.83984,0.84473,0.83008,0.84473,0.83984,0.8501,0.85986,0.875,0.88477,0.8999,0.90967,0.89014,0.875,0.83984,0.79492,0.75977,0.77979,0.80469,0.81982,0.82471,0.83496,0.83008,0.84473,0.83984,0.84473,0.81982,0.83496,0.91992,1.2046,1.4546,1.5,1.5,1.3296,1.02,0.83984,0.7749,0.75488,0.75,0.73975,0.75,0.75,0.75488,0.75488,0.77002,0.76514,0.77979,0.7749,0.78516,0.77979,0.79492,0.78516,0.79004,0.79004,0.7998,0.7998,0.81006,0.81494,0.82471,0.81982,0.82471,0.81982,0.82471,0.81982,0.81494,0.83008,0.82471,0.83984,0.83008,0.84473,0.83984,0.8501,0.84473,0.8501,0.83984,0.8501,0.83984,0.8501,0.84473,0.85498,0.8501,0.85498,0.8501,0.85498,0.85986,0.8501,0.85986,0.8501,0.85498,0.8501,0.85498,0.84473,0.8501,0.84473,0.8501,0.83984,0.8501,0.83984,0.8501,0.83984,0.8501,0.84473,0.8501,0.83984,0.8501,0.83984,0.84473,0.83984,0.84473,0.83496,0.83984,0.84473,0.83984,0.8501,0.83496,0.84473,0.83984,0.8501,0.83984,0.8501,0.83984,0.8501,0.84473,0.8501,0.8501,0.85986,0.85498,0.85986,0.8501,0.85498,0.8501,0.85498,0.84473,0.8501,0.83984,0.8501,0.85986,0.87988,0.89502,0.90967,0.91992,0.89014,0.87012,0.83008,0.78516,0.75,0.77979,0.7998,0.81494,0.81982,0.82471,0.82471,0.83496,0.82471,0.83008,0.81006,0.83008,0.96973,1.2847,1.5,1.5,1.5,1.2148,0.96973,0.81006,0.75977,0.73975,0.75488,0.73486,0.74512,0.73975,0.75,0.73975,0.75488,0.75488,0.77002,0.75488,0.77002,0.76514,0.7749,0.77979,0.7998,0.78516,0.7998,0.80469,0.7998,0.81494,0.81006,0.82471,0.81494,0.83008,0.81982,0.82471,0.81982,0.82471,0.81982,0.82471,0.81982,0.83008,0.82471,0.83008,0.82471,0.83496,0.82471,0.83496,0.82471,0.83496,0.83008,0.83496,0.83984,0.83008,0.84473,0.83008,0.83984,0.82471,0.83984,0.83008,0.83984,0.83008,0.83984,0.82471,0.83008,0.82471,0.83496,0.82471,0.84473,0.83984,0.83984,0.83008,0.83984,0.83008,0.83984,0.83008,0.83496,0.82471,0.83496,0.83984,0.83496,0.84473,0.83008,0.83984,0.83496,0.83984,0.83008,0.83984,0.83984,0.8501,0.83984,0.8501,0.83496,0.84473,0.83496,0.8501,0.83984,0.8501,0.84473,0.8501,0.84473,0.8501,0.8501,0.84473,0.8501,0.87012,0.89014,0.8999,0.90967,0.8999,0.88477,0.86475,0.82471,0.7749,0.75488,0.77979,0.80469,0.80469,0.83008,0.82471,0.83496,0.83008,0.83984,0.81982,0.81006,0.83984,1.04,1.335,1.5,1.5,1.5,1.165,0.94482,0.79004,0.75488,0.74512,0.73486,0.73975,0.72998,0.74512,0.73975,0.75488,0.75488,0.76514,0.75977,0.77002,0.76514,0.7749,0.77002,0.77979,0.78516,0.79004,0.78516,0.79492,0.7998,0.7998,0.81006,0.81494,0.81982,0.81006,0.81982,0.81006,0.82471,0.81982,0.82471,0.81982,0.83496,0.82471,0.83496,0.83496,0.84473,0.83984,0.8501,0.83496,0.84473,0.83496,0.8501,0.83984,0.84473,0.83984,0.84473,0.83984,0.83496,0.8501,0.83496,0.84473,0.83496,0.8501,0.83984,0.8501,0.83984,0.8501,0.83496,0.84473,0.83496,0.84473,0.83008,0.83984,0.82471,0.83496,0.83008,0.83496,0.83008,0.83496,0.83984,0.82471,0.83984,0.83008,0.83496,0.82471,0.83496,0.83008,0.83984,0.83008,0.83496,0.83008,0.84473,0.83008,0.83984,0.83008,0.84473,0.83496,0.83984,0.83496,0.8501,0.8501,0.8501,0.84473,0.8501,0.84473,0.8501,0.87012,0.89014,0.89502,0.89502,0.8999,0.875,0.84473,0.79492,0.74512,0.73486,0.77979,0.78516,0.81006,0.81494,0.81982,0.81006,0.82471,0.81494,0.7998,0.7998,0.85986,1.0898,1.3848,1.5,1.5,1.4346,1.0698,0.87988,0.77002,0.75,0.72998,0.73975,0.72998,0.73975,0.72998,0.75,0.74512,0.75488,0.75,0.77002,0.75977,0.77979,0.7749,0.78516,0.79004,0.78516,0.79004,0.7998,0.80469,0.7998,0.80469,0.81494,0.81982,0.81006,0.81982,0.81494,0.82471,0.81494,0.82471,0.81982,0.83496,0.83008,0.83496,0.82471,0.83984,0.82471,0.83496,0.83496,0.84473,0.83008,0.83984,0.82471,0.83496,0.82471,0.83008,0.83496,0.82471,0.83496,0.83008,0.83984,0.82471,0.83008,0.82471,0.83008,0.81982,0.82471,0.82471,0.82471,0.81982,0.82471,0.81982,0.82471,0.82471,0.83008,0.82471,0.83496,0.83008,0.83984,0.83008,0.83008,0.83984,0.83008,0.83984,0.83984,0.8501,0.83008,0.84473,0.83496,0.84473,0.83984,0.8501,0.83984,0.8501,0.83984,0.8501,0.84473,0.8501,0.84473,0.8501,0.84473,0.8501,0.84473,0.8501,0.85498,0.8501,0.875,0.89502,0.90479,0.91504,0.91992,0.89014,0.87012,0.83008,0.78516,0.75977,0.79492,0.80469,0.82471,0.82471,0.83984,0.83008,0.84473,0.83496,0.83008,0.81982,0.85498,1.0449,1.3599,1.5,1.5,1.5,1.1597,0.93994,0.79492,0.75977,0.74512,0.75,0.73486,0.74512,0.73975,0.75,0.75,0.75977,0.75977,0.77002,0.76514,0.77979,0.76514,0.77979,0.77979,0.78516,0.78516,0.7998,0.7998,0.7998,0.80469,0.7998,0.81494,0.81006,0.81982,0.81494,0.82471,0.81982,0.82471,0.82471,0.83496,0.82471,0.83496,0.83008,0.84473,0.83984,0.8501,0.83984,0.8501,0.83984,0.8501,0.8501,0.8501,0.85498,0.8501,0.85986,0.84473,0.85498,0.84473,0.85498,0.8501,0.86475,0.8501,0.86475,0.8501,0.85498,0.84473,0.8501,0.84473,0.8501,0.83984,0.8501,0.85498,0.8501,0.84473,0.8501,0.83008,0.83984,0.84473,0.83984,0.8501,0.84473,0.83984,0.83008,0.8501,0.83496,0.84473,0.83984,0.8501,0.84473,0.8501,0.8501,0.8501,0.84473,0.8501,0.84473,0.8501,0.84473,0.8501,0.84473,0.8501,0.84473,0.8501,0.85498,0.84473,0.8501,0.85986,0.87988,0.89502,0.90479,0.91504,0.91992,0.87988,0.85498,0.80469,0.75977,0.74512,0.7998,0.7998,0.82471,0.82471,0.83984,0.83496,0.84473,0.83008,0.81982,0.81982,0.89502,1.165,1.4346,1.5,1.5,1.3848,1.0498,0.85986,0.77002,0.75977,0.74512,0.75,0.73486,0.75488,0.75488,0.75977,0.75488,0.77002,0.76514,0.7749,0.77002,0.77979,0.7749,0.78516,0.77979,0.79492,0.7998,0.79004,0.80469,0.7998,0.81494,0.82471,0.81982,0.81006,0.82471,0.81494,0.82471,0.81982,0.82471,0.81982,0.83496,0.83008,0.84473,0.83496,0.84473,0.83008,0.83984,0.83496,0.84473,0.83496,0.8501,0.83496,0.83984,0.8501,0.84473,0.8501,0.83984,0.84473,0.83496,0.83984,0.83496,0.83984,0.82471,0.83496,0.82471,0.83496,0.83496,0.83008,0.81982,0.82471,0.82471,0.83008,0.81982,0.83008,0.83008,0.83984,0.82471,0.83496,0.83984,0.82471,0.83008,0.82471,0.83496,0.82471,0.83496,0.82471,0.83984,0.83008,0.83984,0.83496,0.83984,0.83496,0.84473,0.83496,0.83984,0.83008,0.83984,0.83008,0.83984,0.83008,0.83984,0.8501,0.87012,0.87988,0.89502,0.90967,0.89502,0.875,0.85498,0.81494,0.77002,0.76514,0.79492,0.81982,0.81494,0.83008,0.83008,0.83984,0.83496,0.84473,0.81982,0.82471,0.85498,1.0947,1.3696,1.5,1.5,1.5,1.105,0.89502,0.79004,0.77002,0.75488,0.75488,0.75977,0.75,0.75977,0.75488,0.77002,0.76514,0.78516,0.77979,0.78516,0.77979,0.7998,0.79004,0.7998,0.7998,0.81006,0.80469,0.81982,0.81494,0.82471,0.83008,0.82471,0.83496,0.82471,0.83984,0.83008,0.83984,0.83008,0.83984,0.83008,0.8501,0.8501,0.85498,0.8501,0.85986,0.8501,0.85498,0.8501,0.85986,0.8501,0.85986,0.8501,0.85498,0.85986,0.8501,0.85986,0.85498,0.86475,0.85498,0.86475,0.8501,0.85986,0.8501,0.85986,0.8501,0.85498,0.8501,0.85498,0.8501,0.85986,0.8501,0.85498,0.8501,0.85498,0.8501,0.8501,0.84473,0.8501,0.84473,0.8501,0.84473,0.8501,0.8501,0.84473,0.8501,0.84473,0.8501,0.84473,0.8501,0.84473,0.8501,0.84473,0.85498,0.8501,0.85498,0.8501,0.85986,0.84473,0.85498,0.8501,0.85498,0.8501,0.85986,0.875,0.90479,0.90967,0.91992,0.90479,0.89014,0.85498,0.81494,0.77002,0.75488,0.7998,0.81006,0.82471,0.82471,0.83496,0.83008,0.83984,0.83496,0.82471,0.81982,0.875,1.1001,1.4097,1.5,1.5,1.4746,1.1099,0.8999,0.77979,0.75977,0.75488,0.75,0.75,0.75488,0.75977,0.76514,0.75977,0.77002,0.75977,0.77979,0.76514,0.77979,0.7749,0.77979,0.77979,0.79492,0.78516,0.7998,0.7998,0.81006,0.81982,0.81494,0.82471,0.81494,0.82471,0.82471,0.83008,0.81494,0.82471,0.81982,0.83496,0.83008,0.83496,0.83008,0.8501,0.83496,0.83984,0.83008,0.84473,0.83496,0.83984,0.82471,0.83984,0.84473,0.83496,0.83984,0.83008,0.83984,0.83008,0.83984,0.82471,0.83008,0.82471,0.83496,0.83008,0.83496,0.82471,0.82471,0.81982,0.82471,0.82471,0.82471,0.81494,0.82471,0.81494,0.81982,0.82471,0.83008,0.81494,0.82471,0.81982,0.83008,0.81982,0.82471,0.83008,0.82471,0.83984,0.82471,0.83496,0.82471,0.83496,0.82471,0.83984,0.83496,0.83984,0.83008,0.84473,0.83496,0.83984,0.83984,0.8501,0.84473,0.87012,0.875,0.88477,0.8999,0.89502,0.87988,0.85498,0.81982,0.7749,0.75977,0.78516,0.80469,0.81982,0.82471,0.81494,0.83496,0.83008,0.83984,0.82471,0.81982,0.84473,1.0498,1.355,1.5,1.5,1.5,1.1396,0.90967,0.79004,0.76514,0.75,0.75488,0.75,0.75488,0.75488,0.75,0.76514,0.75488,0.77002,0.77002,0.84473,0.83984,0.8501,0.84473,0.8501,0.8501,0.85498,0.8501,0.8501,0.84473,0.8501,0.84473,0.8501,0.84473,0.8501,0.84473,0.8501,0.84473,0.8501,0.84473,0.83984,0.8501,0.84473,0.8501,0.84473,0.8501,0.84473,0.8501,0.83496,0.8501,0.83984,0.8501,0.83984,0.8501,0.83984,0.8501,0.83984,0.8501,0.83984,0.8501,0.83984,0.84473,0.8501,0.83496,0.84473,0.83496,0.84473,0.83496,0.8501,0.83984,0.8501,0.83984,0.84473,0.83984,0.85498,0.875,0.8999,0.90479,0.91992,0.89502,0.87988,0.83496,0.80469,0.7749,0.79492,0.80469,0.81982,0.82471,0.83008,0.83496,0.83008,0.83496,0.82471,0.81494,0.81006,0.91504,1.1899,1.46,1.5,1.5,1.335,1.0601,0.8501,0.7749,0.75488,0.75488,0.73975,0.74512,0.73975,0.75,0.75488,0.75,0.75977,0.76514,0.77002,0.76514,0.77979,0.77979,0.78516,0.78516,0.7998,0.79004,0.80469,0.7998,0.81982,0.81006,0.82471,0.81982,0.83008,0.82471,0.82471,0.81982,0.82471,0.82471,0.82471,0.83496,0.84473,0.8501,0.84473,0.8501,0.83984,0.8501,0.83496,0.84473,0.83496,0.83984,0.83496,0.84473,0.83008,0.83496,0.83008,0.84473,0.83496,0.84473,0.83496,0.83984,0.83008,0.83984,0.83496,0.83008,0.83984,0.83008,0.83496,0.82471,0.83984,0.83008,0.83984,0.84473,0.8501,0.83496,0.83984,0.83008,0.84473,0.83496,0.83496,0.82471,0.83984,0.83496,0.84473,0.82471,0.83984,0.83496,0.83496,0.82471,0.83496,0.82471,0.83496,0.83984,0.84473,0.83984,0.83496,0.8501,0.83496,0.84473,0.83008,0.83984,0.83496,0.875,0.875,0.8999,0.89502,0.88477,0.85986,0.83008,0.77979,0.75,0.75488,0.79492,0.7998,0.79492,0.82471,0.83008,0.83496,0.82471,0.83008,0.81006,0.81982,0.89014,1.1699,1.4399,1.5,1.5,1.3398,1.0249,0.8501,0.75488,0.75488,0.73975,0.75,0.73486,0.75,0.74512,0.75,0.75488,0.76514,0.75977,0.77002,0.7749,0.77002,0.77979,0.7749,0.77979,0.79004,0.7998,0.79004,0.7998,0.80469,0.81982,0.81494,0.82471,0.81982,0.83008,0.82471,0.82471,0.81982,0.83496,0.82471,0.83496,0.82471,0.83008,0.82471,0.83008,0.82471,0.83496,0.83984,0.83496,0.84473,0.83008,0.83984,0.83496,0.83984,0.83496,0.8501,0.83984,0.84473,0.83984,0.8501,0.83496,0.84473,0.83984,0.8501,0.8501,0.8501,0.83984,0.8501,0.84473,0.8501,0.85498,0.8501,0.85986,0.85498,0.89014,0.89502,0.91992,0.91504,0.89014,0.86475,0.83008,0.7749,0.75977,0.7749,0.81006,0.80469,0.82471,0.81982,0.83008,0.82471,0.83496,0.81982,0.81006,0.83984,1.0249,1.3149,1.5,1.5,1.5,1.1997,0.95996,0.7998,0.75977,0.75,0.73975,0.74512,0.73975,0.75,0.74512,0.75977,0.75488,0.76514,0.75977,0.7749,0.77002,0.77979,0.7749,0.78516,0.79004,0.78516,0.7998,0.79004,0.80469,0.7998,0.81006,0.81494,0.82471,0.81494,0.82471,0.81006,0.82471,0.81982,0.82471,0.82471,0.83008,0.82471,0.83984,0.83008,0.83984,0.83984,0.84473,0.83984,0.84473,0.83496,0.83984,0.84473,0.83496,0.8501,0.83496,0.8501,0.83984,0.84473,0.83008,0.83984,0.83008,0.83984,0.83496,0.8501,0.83496,0.8501,0.83496,0.84473,0.83008,0.83496,0.83008,0.83496,0.82471,0.83496,0.83008,0.83984,0.84473,0.83496,0.83984,0.82471,0.83984,0.83008,0.83984,0.83008,0.84473,0.83984,0.8501,0.83496,0.83984,0.83496,0.83984,0.83008,0.8501,0.83984,0.8501,0.83496,0.84473,0.83496,0.84473,0.83984,0.8501,0.8501,0.85498,0.875,0.89014,0.8999,0.90967,0.8999,0.875,0.8501,0.80469,0.7749,0.76514,0.7998,0.81006,0.81982,0.81494,0.82471,0.82471,0.83496,0.81982,0.81494,0.81494,0.88477,1.145,1.4346,1.5,1.5,1.395,1.0601,0.87012,0.76514,0.75488,0.73486,0.73975,0.73486,0.74512,0.73486,0.75488,0.75,0.75977,0.75488,0.77979,0.76514,0.77979,0.7749,0.78516,0.77979,0.79004,0.78516,0.79492,0.7998,0.80469,0.81494,0.81494,0.81006,0.80469,0.81982,0.81494,0.82471,0.81494,0.82471,0.81982,0.82471,0.83008,0.83984,0.83008,0.8501,0.84473,0.8501,0.8501,0.84473,0.83008,0.84473,0.83984,0.84473,0.83496,0.84473,0.8501,0.83008,0.83984,0.83008,0.83496,0.83008,0.83984,0.82471,0.82471,0.82471,0.83008,0.81982,0.83008,0.82471,0.83008,0.82471,0.83496,0.82471,0.81982,0.82471,0.83496,0.82471,0.83984,0.82471,0.82471,0.82471,0.81982,0.83008,0.82471,0.83496,0.82471,0.83496,0.81982,0.82471,0.83496,0.83984,0.82471,0.83496,0.83496,0.83984,0.83008,0.83984,0.8501,0.87988,0.88477,0.89502,0.8999,0.88477,0.86475,0.83008,0.77979,0.75488,0.77979,0.81006,0.81982,0.81494,0.83008,0.82471,0.83984,0.83008,0.83496,0.81006,0.83496,0.94482,1.2549,1.4746,1.5,1.5,1.2847,0.96973,0.81982,0.77002,0.75488,0.74512,0.73975,0.75,0.74512,0.75488,0.75,0.75977,0.76514,0.77002,0.76514,0.7749,0.77002,0.78516,0.77979,0.79004,0.78516,0.7998,0.79004,0.80469,0.7998,0.81006,0.80469,0.81982,0.81006,0.82471,0.81982,0.81494,0.82471,0.81494,0.82471,0.82471,0.83496,0.83008,0.83984,0.83008,0.84473,0.83496,0.83984,0.83496,0.84473,0.83984,0.8501,0.83496,0.8501,0.83984,0.8501,0.84473,0.8501,0.84473,0.8501,0.83984,0.8501,0.83984,0.8501,0.84473,0.83984,0.8501,0.84473,0.8501,0.84473,0.8501,0.83984,0.8501,0.83984,0.84473,0.83984,0.8501,0.83984,0.8501,0.83984,0.84473,0.83008,0.83984,0.83496,0.83984,0.83008,0.83496,0.83008,0.82471,0.83496,0.83008,0.84473,0.83496,0.8501,0.83984,0.84473,0.83984,0.875,0.89014,0.90479,0.90479,0.89502,0.87012,0.8501,0.79004,0.75488,0.75,0.78516,0.79492,0.81494,0.81982,0.81494,0.82471,0.82471,0.83008,0.80469,0.81494,0.88477,1.1548,1.4199,1.5,1.5,1.3999,1.0498,0.86475,0.75977,0.75,0.72998,0.73486,0.72998,0.73975,0.73486,0.75,0.75488,0.75,0.75977,0.76514,0.7749,0.77002,0.77979,0.7749,0.78516,0.77979,0.79004,0.79492,0.7998,0.7998,0.81006,0.81006,0.82471,0.81494,0.82471,0.81006,0.82471,0.81982,0.82471,0.82471,0.83008,0.82471,0.83984,0.83008,0.84473,0.83984,0.83496,0.8501,0.84473,0.85498,0.84473,0.8501,0.83008,0.84473,0.83984,0.84473,0.82471,0.83496,0.83008,0.84473,0.83496,0.84473,0.83008,0.83984,0.83008,0.83496,0.81982,0.83008,0.82471,0.82471,0.83008,0.82471,0.83008,0.82471,0.83008,0.82471,0.83008,0.82471,0.83008,0.82471,0.83008,0.82471,0.83008,0.82471,0.83496,0.82471,0.83008,0.82471,0.83496,0.82471,0.84473,0.83008,0.83008,0.82471,0.83496,0.83984,0.83008,0.84473,0.83008,0.83984,0.83008,0.8501,0.87012,0.87988,0.89014,0.8999,0.875,0.85986,0.81982,0.78516,0.73975,0.76514,0.79004,0.7998,0.80469,0.81006,0.81006,0.83008,0.81982,0.82471,0.7998,0.81982,0.9248,1.2197,1.4546,1.5,1.5,1.2847,0.98975,0.81982,0.77002,0.75,0.74512,0.73975,0.74512,0.72998,0.75,0.75,0.76514,0.75488,0.76514,0.75977,0.77979,0.77002,0.77979,0.77979,0.78516,0.83496,0.83984,0.83496,0.83008,0.83984,0.83008,0.84473,0.83496,0.84473,0.83008,0.83496,0.83008,0.83984,0.82471,0.83008,0.82471,0.83008,0.82471,0.83496,0.82471,0.83496,0.83008,0.83496,0.82471,0.83496,0.82471,0.83496,0.83984,0.83008,0.83984,0.83008,0.83496,0.82471,0.83496,0.82471,0.83496,0.83008,0.83984,0.83008,0.83984,0.83008,0.84473,0.83496,0.84473,0.83008,0.84473,0.85498,0.87988,0.88477,0.8999,0.89014,0.875,0.84473,0.81006,0.75977,0.73975,0.77002,0.79004,0.80469,0.81006,0.81982,0.81494,0.82471,0.81982,0.82471,0.7998,0.85498,1.0698,1.3799,1.5,1.5,1.5,1.125,0.8999,0.76514,0.73975,0.72998,0.7251,0.72998,0.73486,0.72998,0.73975,0.73486,0.75,0.74512,0.75977,0.75488,0.77002,0.75977,0.7749,0.7749,0.77979,0.77979,0.79004,0.78516,0.7998,0.7998,0.80469,0.7998,0.81006,0.7998,0.80469,0.81006,0.7998,0.81982,0.81006,0.82471,0.82471,0.83008,0.82471,0.84473,0.83496,0.8501,0.83496,0.8501,0.83496,0.84473,0.83496,0.84473,0.83496,0.83984,0.83008,0.83984,0.83008,0.83496,0.83984,0.83496,0.84473,0.83496,0.84473,0.83008,0.83984,0.82471,0.83496,0.82471,0.83496,0.83008,0.83984,0.82471,0.83496,0.82471,0.83496,0.82471,0.82471,0.82471,0.83008,0.82471,0.83496,0.82471,0.83008,0.83496,0.82471,0.83008,0.82471,0.83496,0.82471,0.83496,0.82471,0.83984,0.83008,0.83496,0.82471,0.83496,0.82471,0.8501,0.86475,0.89014,0.88477,0.8999,0.875,0.86475,0.81982,0.77979,0.73486,0.75977,0.79004,0.7998,0.81006,0.80469,0.82471,0.81982,0.82471,0.81982,0.80469,0.81494,0.95996,1.2549,1.5,1.5,1.5,1.2197,0.9751,0.7998,0.75488,0.72998,0.72998,0.72998,0.72998,0.73486,0.73975,0.72998,0.74512,0.75488,0.75488,0.75977,0.75488,0.7749,0.77002,0.77979,0.77979,0.78516,0.78516,0.80469,0.79492,0.7998,0.80469,0.81982,0.80469,0.82471,0.81494,0.81982,0.81494,0.82471,0.83008,0.82471,0.83008,0.83496,0.83984,0.82471,0.83984,0.84473,0.83496,0.83008,0.83496,0.83008,0.83984,0.83496,0.83984,0.82471,0.83984,0.83496,0.83984,0.82471,0.83496,0.83008,0.83984,0.83008,0.83008,0.81982,0.82471,0.81494,0.81982,0.81494,0.82471,0.83008,0.81982,0.82471,0.81494,0.83008,0.81982,0.82471,0.81494,0.82471,0.81982,0.82471,0.81982,0.83008,0.81982,0.83008,0.82471,0.83008,0.82471,0.83496,0.82471,0.82471,0.83008,0.82471,0.83984,0.85986,0.875,0.88477,0.89502,0.89502,0.87988,0.85498,0.83008,0.7749,0.75488,0.7749,0.81006,0.80469,0.82471,0.81982,0.83008,0.82471,0.83496,0.82471,0.81494,0.83496,1,1.2847,1.5,1.5,1.5,1.23,0.95508,0.81006,0.76514,0.75,0.74512,0.75,0.74512,0.75488,0.75488,0.76514,0.75977,0.7749,0.77002,0.77979,0.7749,0.78516,0.77979,0.79004,0.79492,0.78516,0.7998,0.80469,0.81006,0.7998,0.81494,0.81006,0.82471,0.81982,0.82471,0.81982,0.82471,0.82471,0.83008,0.82471,0.8501,0.83984,0.8501,0.84473,0.85498,0.8501,0.85498,0.84473,0.8501,0.8501,0.85498,0.85986,0.8501,0.85498,0.8501,0.85498,0.8501,0.85498,0.8501,0.85986,0.85498,0.86475,0.8501,0.85498,0.8501,0.85986,0.87988,0.91992,0.88477,0.875,0.875,0.89502,0.87988,0.87012,0.83008,0.81982,0.82471,0.81982,0.81006,0.80469,0.81982,0.81006,0.79492,0.79004,0.88477,1.1548,1.4697,1.5,1.5,1.4399,1.0947,0.85986,0.75977,0.72998,0.72998,0.71484,0.71973,0.71973,0.72998,0.7251,0.73486,0.73975,0.73486,0.75,0.74512,0.75488,0.75,0.75977,0.75488,0.7749,0.76514,0.78516,0.79004,0.7998,0.79492,0.80469,0.7998,0.81006,0.7998,0.81494,0.81006,0.82471,0.82471,0.83496,0.83008,0.83984,0.83496,0.77979,0.79004,0.78516,0.7998,0.79492,0.80469,0.81006,0.82471,0.81494,0.82471,0.81494,0.82471,0.81982,0.82471,0.81982,0.82471,0.83008,0.82471,0.83008,0.82471,0.83984,0.83008,0.83984,0.83496,0.83984,0.83496,0.84473,0.83496,0.8501,0.83984,0.8501,0.83496,0.84473,0.83984,0.8501,0.83496,0.83984,0.83008,0.83984,0.83496,0.84473,0.83984,0.83984,0.83496,0.83984,0.84473,0.83984,0.84473,0.83496,0.84473,0.83008,0.83496,0.82471,0.83008,0.82471,0.83496,0.83008,0.83984,0.83008,0.83984,0.83008,0.83496,0.82471,0.83496,0.83008,0.83496,0.83984,0.83496,0.8501,0.83496,0.84473,0.83496,0.8501,0.87012,0.89014,0.89502,0.90479,0.88477,0.87012,0.83984,0.79492,0.74512,0.73975,0.7749,0.79492,0.79004,0.81006,0.81494,0.82471,0.81494,0.82471,0.79492,0.81006,0.89502,1.1797,1.4346,1.5,1.5,1.3496,1.04,0.83984,0.75977,0.73975,0.73486,0.72998,0.72998,0.72998,0.73975,0.73486,0.75,0.74512,0.75488,0.75488,0.75977,0.76514,0.75488,0.7749,0.77002,0.77979,0.77979,0.79004,0.77979,0.7998,0.79004,0.7998,0.7998,0.80469,0.79492,0.7998,0.7998,0.81006,0.80469,0.81006,0.81006,0.82471,0.82471,0.83496,0.82471,0.83008,0.82471,0.82471,0.81982,0.83008,0.82471,0.82471,0.83008,0.82471,0.83496,0.82471,0.83008,0.82471,0.83496,0.82471,0.83008,0.82471,0.82471,0.81982,0.82471,0.82471,0.83008,0.82471,0.83008,0.82471,0.82471,0.81982,0.82471,0.81982,0.81494,0.82471,0.81494,0.81982,0.81494,0.82471,0.83984,0.84473,0.82471,0.83008,0.81982,0.82471,0.82471,0.82471,0.82471,0.82471,0.81982,0.82471,0.82471,0.82471,0.81006,0.83008,0.83496,0.86475,0.875,0.875,0.87988,0.875,0.84473,0.82471,0.77979,0.73486,0.75,0.7749,0.79004,0.78516,0.81006,0.7998,0.82471,0.81494,0.81006,0.79004,0.81006,0.87988,1.1597,1.4146,1.5,1.5,1.355,1.02,0.83984,0.75977,0.73486,0.71973,0.7251,0.72998,0.72998,0.73486,0.72998,0.74512,0.75,0.75977,0.75488,0.77002,0.76514,0.7749,0.77002,0.77979,0.77979,0.79492,0.78516,0.79492,0.7998,0.81494,0.81982,0.81006,0.81982,0.81006,0.81982,0.81006,0.83008,0.81982,0.82471,0.81982,0.83008,0.81982,0.83008,0.83496,0.83984,0.82471,0.83496,0.82471,0.83008,0.81982,0.82471,0.82471,0.84473,0.83008,0.84473,0.82471,0.83496,0.82471,0.81982,0.82471,0.83008,0.83496,0.82471,0.82471,0.81982,0.82471,0.81494,0.82471,0.81982,0.83008,0.82471,0.83008,0.82471,0.83496,0.82471,0.83496,0.82471,0.83984,0.83496,0.84473,0.83008,0.83984,0.84473,0.83984,0.83008,0.82471,0.83984,0.83008,0.84473,0.83496,0.8501,0.83984,0.86475,0.875,0.89502,0.8999,0.91504,0.88477,0.875,0.83496,0.79492,0.75488,0.78516,0.7998,0.81494,0.82471,0.83008,0.82471,0.83496,0.82471,0.82471,0.81982,0.83984,1.0146,1.3247,1.5,1.5,1.5,1.1997,0.94482,0.79492,0.76514,0.73975,0.74512,0.73486,0.75,0.73975,0.75488,0.74512,0.75977,0.75488,0.77002,0.76514,0.7749,0.77979,0.7749,0.77979,0.7749,0.79492,0.77979,0.7998,0.79492,0.80469,0.7998,0.81494,0.81006,0.81982,0.81006,0.82471,0.81982,0.83008,0.82471,0.83496,0.83008,0.83984,0.83496,0.84473,0.8501,0.83984,0.8501,0.83984,0.8501,0.84473,0.8501,0.83984,0.8501,0.84473,0.8501,0.84473,0.8501,0.83984,0.84473,0.83496,0.85498,0.89502,0.8999,0.85498,0.87012,0.87012,0.88477,0.86475,0.8501,0.81006,0.80469,0.81494,0.80469,0.81494,0.80469,0.81494,0.80469,0.77979,0.79492,0.90479,1.1948,1.4946,1.5,1.5,1.375,1.0498,0.82471,0.75,0.7251,0.72998,0.70996,0.71973,0.71484,0.7251,0.72998,0.7251,0.72998,0.73975,0.74512,0.73486,0.75488,0.75488,0.76514,0.75488,0.7749,0.77002,0.78516,0.77979,0.79492,0.79004,0.7998,0.79492,0.7998,0.79492,0.81006,0.80469,0.81982,0.81982,0.82471,0.83008,0.82471,0.83984,0.83008,0.84473,0.83984,0.84473,0.83496,0.83984,0.83008,0.83984,0.83008,0.83984,0.83496,0.8501,0.8501,0.8501,0.83496,0.8501,0.83984,0.83496,0.82471,0.83496,0.82471,0.84473,0.83008,0.83984,0.82471,0.82471,0.82471,0.83008,0.82471,0.81982,0.84473,0.83496,0.82471,0.83008,0.83496,0.82471,0.83496,0.83008,0.83496,0.83496,0.84473,0.83008,0.83984,0.83008,0.83984,0.81982,0.83008,0.83496,0.84473,0.84473,0.8501,0.83984,0.83496,0.8501,0.83984,0.8501,0.83496,0.8501,0.83496,0.8501,0.8501,0.8501,0.84473,0.8501,0.8501,0.8501,0.84473,0.87988,0.89502,0.91504,0.90479,0.89502,0.87988,0.8501,0.79004,0.75977,0.77979,0.81006,0.81494,0.81006,0.83496,0.83008,0.83984,0.83984,0.84473,0.81494,0.85498,1.0249,1.335,1.5,1.5,1.5,1.1597,0.91992,0.7998,0.75488,0.75488,0.74512,0.75,0.74512,0.75488,0.75977,0.75488,0.77002,0.76514,0.7749,0.77002,0.79004,0.77979,0.78516,0.77979,0.7998,0.79492,0.81006,0.80469,0.81494,0.7998,0.81006,0.81006,0.82471,0.81982,0.83008,0.82471,0.83008,0.82471,0.83008,0.83496,0.83008,0.84473,0.8501,0.8501,0.8501,0.85986,0.8501,0.85986,0.8501,0.85986,0.85498,0.85986,0.8501,0.85498,0.8501,0.85986,0.8501,0.85986,0.8501,0.85498,0.8501,0.85498,0.8501,0.85498,0.8501,0.8501,0.85498,0.84473,0.85498,0.84473,0.8501,0.84473,0.8501,0.83984,0.84473,0.83496,0.8501,0.83496,0.84473,0.83496,0.84473,0.83008,0.84473,0.83496,0.84473,0.83984,0.8501,0.83496,0.84473,0.83496,0.83984,0.83496,0.84473,0.8501,0.87012,0.89014,0.89502,0.90479,0.89502,0.87012,0.83984,0.7998,0.75,0.75488,0.78516,0.80469,0.7998,0.82471,0.81982,0.82471,0.81982,0.82471,0.7998,0.81982,0.90479,1.1997,1.4546,1.5,1.5,1.3398,1.0298,0.83496,0.75977,0.73975,0.73486,0.72998,0.73975,0.72998,0.74512,0.73486,0.75488,0.75488,0.76514,0.75488,0.76514,0.77002,0.76514,0.77979,0.77002,0.7749,0.77979,0.78516,0.79492,0.7998,0.79492,0.80469,0.79492,0.7998,0.7998,0.80469,0.7998,0.81982,0.81006,0.82471,0.81982,0.83008,0.83008,0.83984,0.83496,0.84473,0.83496,0.8501,0.83984,0.8501,0.83496,0.84473,0.83496,0.83984,0.84473,0.82471,0.83496,0.82471,0.83496,0.82471,0.83984,0.83008,0.83984,0.83008,0.83984,0.82471,0.83008,0.82471,0.83008,0.82471,0.83008,0.82471,0.83008,0.82471,0.81982,0.82471,0.81982,0.82471,0.82471,0.82471,0.81982,0.83008,0.81982,0.82471,0.82471,0.83008,0.82471,0.83984,0.83008,0.83496,0.82471,0.83496,0.82471,0.83496,0.82471,0.85986,0.875,0.89014,0.89502,0.89014,0.86475,0.83984,0.79004,0.74512,0.74512,0.7749,0.79004,0.7998,0.81494,0.80469,0.81982,0.81494,0.82471,0.7998,0.81006,0.89014,1.1851,1.4346,1.5,1.5,1.3247,1.0146,0.83496,0.75,0.74512,0.72998,0.73486,0.73975,0.75488,0.75,0.75488,0.75488,0.75,0.75977,0.75488,0.77002,0.75977,0.77979,0.7749,0.77979,0.77979,0.79004,0.77979,0.7998,0.79492,0.7998,0.79492,0.81006,0.7998,0.81006,0.80469,0.81494,0.81982,0.81006,0.81982,0.82471,0.83008,0.81982,0.83496,0.83008,0.83984,0.82471,0.83496,0.82471,0.83496,0.82471,0.83496,0.82471,0.83496,0.81982,0.82471,0.82471,0.83008,0.81982,0.82471,0.83008,0.82471,0.81982,0.82471,0.81982,0.82471,0.81494,0.81982,0.82471,0.81494,0.82471,0.81982,0.82471,0.81006,0.81982,0.81494,0.82471,0.81494,0.81982,0.81982,0.81982,0.80469,0.82471,0.81982,0.81494,0.81982,0.82471,0.81982,0.82471,0.83008,0.82471,0.81982,0.82471,0.83496,0.82471,0.85986,0.87012,0.88477,0.87988,0.87012,0.85986,0.83008,0.7749,0.75,0.76514,0.7998,0.79492,0.81494,0.81982,0.81494,0.82471,0.82471,0.80469,0.7998,0.83008,0.98975,1.2847,1.5,1.5,1.5,1.1997,0.93994,0.7998,0.75488,0.74512,0.73486,0.73975,0.73486,0.75,0.73975,0.75488,0.75,0.76514,0.75488,0.7749,0.76514,0.77979,0.7749,0.77979,0.78516,0.77979,0.79004,0.77979,0.7998,0.80469,0.81006,0.7998,0.81982,0.81494,0.81982,0.81494,0.82471,0.81494,0.82471,0.81982,0.83008,0.82471,0.83496,0.83008,0.83984,0.83496,0.84473,0.84473,0.8501,0.83984,0.8501,0.84473,0.84473,0.8501,0.83984,0.8501,0.84473,0.8501,0.84473,0.8501,0.83496,0.84473,0.83496,0.84473,0.83496,0.84473,0.83984,0.84473,0.83984,0.8501,0.83984,0.8501,0.83984,0.84473,0.83496,0.83984,0.84473,0.83496,0.83984,0.83008,0.84473,0.83496,0.84473,0.83496,0.84473,0.83496,0.8501,0.83984,0.8501,0.83984,0.8501,0.84473,0.85498,0.86475,0.89502,0.89502,0.91992,0.8999,0.88477,0.85498,0.81006,0.75977,0.75,0.78516,0.7998,0.80469,0.81982,0.82471,0.82471,0.83496,0.82471,0.81494,0.81006,0.91992,1.1948,1.4546,1.5,1.5,1.3398,1.04,0.83984,0.76514,0.74512,0.75,0.73486,0.74512,0.73975,0.74512,0.75488,0.75,0.75977,0.75488,0.77002,0.76514,0.77979,0.77979,0.78516,0.77979,0.79004,0.78516,0.7998,0.7998,0.80469,0.80469,0.81494,0.80469,0.81494,0.81006,0.81982,0.81494,0.82471,0.81982,0.82471,0.83008,0.82471,0.83984,0.83008,0.8501,0.84473,0.8501,0.83984,0.8501,0.83984,0.8501,0.83984,0.8501,0.83984,0.8501,0.83984,0.8501,0.83984,0.8501,0.83984,0.84473,0.83496,0.83984,0.83496,0.83008,0.84473,0.83984,0.8501,0.84473,0.8501,0.83496,0.8501,0.83984,0.8501,0.83984,0.8501,0.83984,0.8501,0.83496,0.8501,0.84473,0.8501,0.84473,0.8501,0.83496,0.84473,0.83496,0.83984,0.83984,0.83496,0.8501,0.83984,0.8501,0.83984,0.875,0.89014,0.90479,0.8999,0.89014,0.85986,0.84473,0.79004,0.75488,0.75,0.79004,0.7998,0.82471,0.81982,0.83008,0.82471,0.82471,0.81982,0.80469,0.81982,0.92969,1.2197,1.4648,1.5,1.5,1.3047,1.0098,0.83008,0.75488,0.75,0.73486,0.74512,0.75,0.75488,0.73975,0.75488,0.75488,0.77002,0.75977,0.7749,0.76514,0.7749,0.77979,0.7749,0.79004,0.7998,0.80469,0.7998,0.81982,0.81006,0.82471,0.82471,0.83496,0.82471,0.83984,0.82471,0.83496,0.83008,0.84473,0.83496,0.8501,0.8501,0.85498,0.8501,0.85498,0.8501,0.85498,0.8501,0.85986,0.85498,0.8501,0.84473,0.8501,0.8501,0.8501,0.85498,0.84473,0.85498,0.84473,0.8501,0.8501,0.85498,0.84473,0.8501,0.83984,0.8501,0.84473,0.8501,0.8501,0.8501,0.84473,0.8501,0.8501,0.85498,0.8501,0.85498,0.85986,0.85498,0.86475,0.85498,0.86475,0.85498,0.86475,0.85498,0.85986,0.85498,0.85986,0.85498,0.86475,0.85986,0.87012,0.85498,0.87012,0.85986,0.87988,0.89014,0.91504,0.91992,0.93506,0.91504,0.8999,0.86475,0.82471,0.78516,0.7749,0.81006,0.81982,0.83984,0.83496,0.84473,0.83984,0.8501,0.83984,0.83496,0.84473,1.0049,1.29,1.5,1.5,1.5,1.2446,0.98486,0.81982,0.77979,0.75488,0.75488,0.74512,0.75488,0.75,0.75488,0.76514,0.75488,0.7749,0.77002,0.77979,0.77979,0.79004,0.77979,0.7998,0.79492,0.80469,0.7998,0.81006,0.80469,0.81982,0.81006,0.81494,0.81006,0.81982,0.81494,0.82471,0.82471,0.83008,0.83008,0.83496,0.84473,0.83984,0.85498,0.8501,0.85986,0.8501,0.85986,0.8501,0.85986,0.85498,0.86475,0.85498,0.86475,0.85498,0.86475,0.8501,0.85986,0.85498,0.86475,0.8501,0.85498,0.8501,0.8501,0.85498,0.84473,0.85498,0.8501,0.8501,0.8501,0.85498,0.8501,0.8501,0.84473,0.8501,0.84473,0.8501,0.83984,0.8501,0.83984,0.8501,0.83984,0.8501,0.83984,0.84473,0.8501,0.84473,0.8501,0.84473,0.8501,0.84473,0.85498,0.8501,0.85498,0.8501,0.88477,0.89502,0.91992,0.90967,0.89502,0.87012,0.8501,0.78516,0.75977,0.77002,0.80469,0.80469,0.82471,0.83008,0.83984,0.83008,0.83984,0.81982,0.81006,0.83984,1.0146,1.3198,1.5,1.5,1.5,1.1948,0.96484,0.80469,0.75977,0.75488,0.73975,0.74512,0.73486,0.75,0.74512,0.75977,0.75977,0.77979,0.76514,0.7749,0.77979,0.7749,0.77979,0.7749,0.77979,0.79004,0.79492,0.7998,0.81006,0.7998,0.81006,0.7998,0.81494,0.81006,0.81982,0.81494,0.82471,0.81982,0.82471,0.82471,0.83984,0.83496,0.84473,0.83496,0.84473,0.8501,0.8501,0.83496,0.83984,0.84473,0.83496,0.83984,0.83008,0.84473,0.83496,0.84473,0.83008,0.83496,0.83496,0.83984,0.82471,0.83984,0.83008,0.83496,0.82471,0.82471,0.82471,0.82471,0.82471,0.83496,0.81982,0.82471,0.82471,0.82471,0.83008,0.81982,0.82471,0.82471,0.82471,0.81982,0.82471,0.83008,0.83008,0.83008,0.83984,0.82471,0.83008,0.82471,0.83496,0.82471,0.83008,0.82471,0.8501,0.84473,0.86475,0.86475,0.89014,0.89502,0.87988,0.86475,0.83008,0.7749,0.75488,0.77979,0.79492,0.81006,0.82471,0.83008,0.83008,0.83496,0.82471,0.81982,0.7998,0.83496,1,1.3047,1.5,1.5,1.5,1.1997,0.92969,0.80469,0.75488,0.75,0.73486,0.73975,0.73486,0.74512,0.75488,0.75,0.75488,0.75488,0.76514,0.75977,0.77002,0.76514,0.77979,0.83496,0.8501,0.83984,0.8501,0.84473,0.8501,0.83984,0.8501,0.84473,0.8501,0.8501,0.84473,0.8501,0.83984,0.8501,0.84473,0.8501,0.84473,0.8501,0.83984,0.8501,0.83984,0.84473,0.83496,0.8501,0.83496,0.8501,0.83984,0.8501,0.84473,0.8501,0.84473,0.8501,0.84473,0.8501,0.84473,0.83984,0.8501,0.83984,0.8501,0.83984,0.8501,0.84473,0.8501,0.84473,0.8501,0.84473,0.86475,0.88477,0.90479,0.8999,0.91992,0.89502,0.87988,0.83984,0.79004,0.75,0.7749,0.79492,0.80469,0.81494,0.82471,0.83008,0.82471,0.83984,0.82471,0.81494,0.83984,1.0298,1.335,1.5,1.5,1.5,1.1699,0.95508,0.77979,0.75488,0.73975,0.73975,0.72998,0.74512,0.73486,0.75,0.75,0.75488,0.75488,0.75977,0.76514,0.75488,0.7749,0.76514,0.77979,0.7749,0.79004,0.77979,0.7998,0.79492,0.81006,0.80469,0.81006,0.80469,0.81494,0.81006,0.81982,0.81006,0.82471,0.81494,0.82471,0.82471,0.83984,0.83008,0.83496,0.83008,0.83496,0.82471,0.83008,0.83496,0.82471,0.83984,0.83008,0.83984,0.83496,0.84473,0.83496,0.83984,0.83496,0.83984,0.82471,0.83496,0.83008,0.83496,0.83008,0.83984,0.82471,0.83984,0.83496,0.83984,0.84473,0.83496,0.83984,0.82471,0.83008,0.82471,0.83008,0.82471,0.83008,0.82471,0.82471,0.82471,0.82471,0.81982,0.83008,0.82471,0.83008,0.82471,0.82471,0.81494,0.83008,0.82471,0.83008,0.82471,0.83008,0.82471,0.81982,0.83984,0.86475,0.87012,0.89014,0.89502,0.87012,0.8501,0.81494,0.76514,0.72998,0.76514,0.79004,0.7998,0.79492,0.81494,0.81982,0.82471,0.81494,0.81006,0.7998,0.83008,0.99512,1.3149,1.5,1.5,1.5,1.1597,0.91992,0.7749,0.75,0.73486,0.72998,0.7251,0.73486,0.72998,0.74512,0.74512,0.75,0.75488,0.75977,0.75,0.75977,0.75977,0.77979,0.77002,0.77979,0.77979,0.79492,0.78516,0.7998,0.7998,0.81494,0.80469,0.81494,0.81982,0.81494,0.81006,0.81494,0.82471,0.81982,0.83008,0.81982,0.83008,0.82471,0.84473,0.82471,0.83496,0.82471,0.83496,0.82471,0.83496,0.82471,0.83984,0.82471,0.83496,0.82471,0.83008,0.83496,0.82471,0.83984,0.83008,0.83496,0.82471,0.83496,0.82471,0.83496,0.82471,0.83496,0.82471,0.83984,0.83008,0.83984,0.83008,0.84473,0.83496,0.84473,0.83496,0.84473,0.83496,0.84473,0.83496,0.84473,0.83984,0.8501,0.8501,0.84473,0.8501,0.84473,0.85498,0.8501,0.85498,0.84473,0.8501,0.8501,0.85498,0.8501,0.86475,0.85986,0.89502,0.8999,0.91992,0.9248,0.90967,0.875,0.85498,0.80469,0.7749,0.77979,0.81006,0.81982,0.83008,0.83984,0.83008,0.8501,0.83496,0.84473,0.81982,0.85498,1.0146,1.3296,1.5,1.5,1.5,1.2246,0.96973,0.81006,0.75977,0.75488,0.74512,0.75,0.75488,0.74512,0.75977,0.75488,0.77002,0.76514,0.77979,0.77979,0.79004,0.77979,0.79492,0.79004,0.7998,0.79492,0.80469,0.7998,0.81494,0.80469,0.82471,0.81982,0.83008,0.82471,0.83008,0.81982,0.83008,0.82471,0.83984,0.84473,0.83984,0.8501,0.85498,0.85986,0.85498,0.86475,0.85498,0.86475,0.8501,0.86475,0.85986,0.87012,0.85986,0.86475,0.85498,0.85986,0.8501,0.86475,0.8501,0.85986,0.8501,0.85986,0.8501,0.85498,0.8501,0.85498,0.8501,0.8501,0.85986,0.84473,0.85498,0.8501,0.85986,0.8501,0.85986,0.8501,0.85986,0.8501,0.85986,0.85498,0.85986,0.8501,0.85498,0.8501,0.85986,0.8501,0.85498,0.85986,0.8501,0.85986,0.85498,0.86475,0.85986,0.875,0.875,0.87012,0.85986,0.875,0.89014,0.90967,0.90479,0.91992,0.8999,0.89014,0.8501,0.81006,0.75488,0.7749,0.78516,0.80469,0.7998,0.83008,0.82471,0.83496,0.81982,0.82471,0.7998,0.82471,0.92969,1.2148,1.4746,1.5,1.5,1.2949,1.0146,0.83008,0.7749,0.74512,0.73486,0.73486,0.75,0.73975,0.75488,0.75488,0.75977,0.75977,0.77002,0.77002,0.77979,0.78516,0.77979,0.79004,0.78516,0.7998,0.79492,0.80469,0.79492,0.81494,0.81494,0.81982,0.81006,0.83496,0.82471,0.82471,0.82471,0.83496,0.83008,0.83496,0.82471,0.84473,0.83496,0.83984,0.83984,0.8501,0.83008,0.83984,0.83008,0.82471,0.83496,0.83008,0.83984,0.82471,0.83984,0.83008,0.83496,0.83496,0.83984,0.82471,0.83496,0.82471,0.83008,0.83008,0.83496,0.83008,0.83984,0.83008,0.83496,0.82471,0.83008,0.83496,0.83008,0.83984,0.83496,0.84473,0.83496,0.84473,0.83496,0.8501,0.83984,0.84473,0.83984,0.84473,0.83984,0.8501,0.84473,0.8501,0.84473,0.8501,0.84473,0.85498,0.8501,0.85498,0.8501,0.85498,0.85986,0.8501,0.87012,0.89014,0.8999,0.91992,0.91992,0.90479,0.89014,0.85498,0.80469,0.77002,0.79492,0.81982,0.81494,0.81006,0.82471,0.81982,0.83008,0.82471,0.83496,0.83008,0.83984,0.83008,0.83984,0.83008,0.84473,0.83496,0.84473,0.83984,0.84473,0.83984,0.8501,0.8501,0.8501,0.83984,0.84473,0.83496,0.83984,0.83008,0.83496,0.83008,0.83008,0.83496,0.82471,0.83496,0.82471,0.83008,0.82471,0.83008,0.82471,0.83008,0.82471,0.83008,0.82471,0.83496,0.82471,0.83008,0.82471,0.83496,0.82471,0.83496,0.82471,0.83496,0.83008,0.83496,0.82471,0.83496,0.83984,0.83008,0.83984,0.82471,0.83496,0.83008,0.83984,0.83008,0.8501,0.87012,0.89502,0.89502,0.90479,0.875,0.87012,0.82471,0.78516,0.73975,0.75977,0.78516,0.7998,0.81006,0.81494,0.82471,0.81494,0.82471,0.81982,0.80469,0.82471,0.95996,1.25,1.4897,1.5,1.5,1.23,0.98486,0.81006,0.76514,0.73975,0.73975,0.72998,0.73975,0.73975,0.75488,0.75,0.75488,0.75977,0.76514,0.77002,0.76514,0.77979,0.7749,0.77979,0.77979,0.79004,0.77979,0.7998,0.79492,0.80469,0.7998,0.81494,0.80469,0.81494,0.80469,0.81494,0.80469,0.81494,0.81006,0.82471,0.81982,0.83984,0.8501,0.8501,0.84473,0.8501,0.83984,0.84473,0.8501,0.83008,0.84473,0.83008,0.83984,0.83008,0.83496,0.82471,0.83008,0.83008,0.83496,0.82471,0.83984,0.82471,0.83496,0.83008,0.82471,0.81494,0.82471,0.83008,0.82471,0.82471,0.81982,0.82471,0.81982,0.83008,0.82471,0.81982,0.81494,0.82471,0.81982,0.82471,0.81982,0.82471,0.81982,0.83008,0.82471,0.82471,0.81494,0.82471,0.81982,0.83008,0.82471,0.83496,0.83008,0.82471,0.82471,0.83496,0.82471,0.82471,0.83496,0.83984,0.83008,0.83984,0.84473,0.8501,0.875,0.87988,0.89502,0.88477,0.89014,0.8501,0.81982,0.76514,0.75488,0.7749,0.80469,0.7998,0.81982,0.81982,0.82471,0.81006,0.82471,0.83008,0.81006,0.83984,1.0601,1.3647,1.5,1.5,1.5,1.1099,0.88477,0.78516,0.75488,0.75,0.72998,0.73975,0.72998,0.74512,0.75,0.75488,0.75,0.76514,0.75977,0.7749,0.7749,0.7749,0.7749,0.78516,0.79492,0.77979,0.7998,0.7998,0.81006,0.80469,0.82471,0.82471,0.83008,0.82471,0.83008,0.82471,0.83496,0.82471,0.83496,0.83008,0.83984,0.83496,0.8501,0.84473,0.8501,0.84473,0.8501,0.83984,0.84473,0.8501,0.84473,0.8501,0.84473,0.8501,0.84473,0.8501,0.83984,0.84473,0.83984,0.84473,0.83496,0.84473,0.83496,0.8501,0.83984,0.8501,0.83984,0.8501,0.83984,0.84473,0.83496,0.84473,0.83984,0.83496,0.84473,0.83496,0.8501,0.83496,0.84473,0.83496,0.84473,0.83984,0.8501,0.83984,0.8501,0.8501,0.8501,0.84473,0.8501,0.84473,0.8501,0.84473,0.8501,0.84473,0.8501,0.8501,0.8501,0.85498,0.8501,0.8501,0.87012,0.89502,0.89502,0.91504,0.91504,0.89014,0.87012,0.83496,0.7749,0.75977,0.77979,0.81006,0.80469,0.83008,0.82471,0.83984,0.83496,0.84473,0.81982,0.81494,0.87012,1.1099,1.3896,1.5,1.5,1.5,1.1147,0.91992,0.79004,0.75977,0.75488,0.74512,0.75488,0.74512,0.75488,0.75488,0.76514,0.76514,0.7749,0.7749,0.77979,0.7749,0.78516,0.78516,0.79004,0.79492,0.78516,0.7998,0.79492,0.81494,0.81006,0.82471,0.81494,0.81982,0.80469,0.81982,0.81982,0.82471,0.81494,0.82471,0.82471,0.83496,0.83008,0.8501,0.83984,0.8501,0.84473,0.8501,0.84473,0.85498,0.8501,0.85498,0.8501,0.8501,0.85498,0.8501,0.85498,0.8501,0.85498,0.8501,0.8501,0.8501,0.8501,0.83984,0.8501,0.84473,0.8501,0.83984,0.8501,0.83496,0.84473,0.83496,0.84473,0.83008,0.83984,0.83008,0.83984,0.83496,0.83984,0.84473,0.83496,0.84473,0.83008,0.83984,0.83496,0.84473,0.83496,0.8501,0.83984,0.84473,0.83984,0.8501,0.84473,0.85498,0.84473,0.85498,0.84473,0.8501,0.84473,0.8501,0.84473,0.8501,0.8501,0.875,0.89014,0.8999,0.90967,0.90479,0.89014,0.85498,0.81006,0.75977,0.75488,0.79004,0.80469,0.81494,0.83008,0.82471,0.83984,0.83008,0.8501,0.82471,0.83496,0.89502,1.1499,1.4199,1.5,1.5,1.4048,1.0547,0.87012,0.77002,0.75488,0.74512,0.73975,0.74512,0.73975,0.75488,0.75488,0.75488,0.75488,0.77002,0.76514,0.7749,0.77002,0.78516,0.78516,0.79492,0.79004,0.7998,0.7998,0.81494,0.81006,0.8501,0.84473,0.85498,0.84473,0.8501,0.85498,0.83984,0.8501,0.83984,0.8501,0.82471,0.83496,0.83008,0.83496,0.83008,0.84473,0.83008,0.83984,0.83496,0.83984,0.83008,0.84473,0.82471,0.83984,0.83008,0.82471,0.83496,0.83008,0.83496,0.83008,0.83496,0.82471,0.83984,0.83008,0.83984,0.83496,0.8501,0.83984,0.8501,0.83984,0.8501,0.83984,0.8501,0.83984,0.8501,0.84473,0.8501,0.8501,0.875,0.88477,0.89502,0.90479,0.90967,0.89502,0.875,0.83984,0.79004,0.77002,0.79492,0.81494,0.81982,0.83496,0.83008,0.83984,0.83008,0.83984,0.82471,0.83008,0.82471,1.04,1.335,1.5,1.5,1.5,1.1597,0.91992,0.79492,0.76514,0.75,0.74512,0.75488,0.75,0.75488,0.75488,0.75977,0.75488,0.77002,0.75977,0.7749,0.76514,0.78516,0.77979,0.79004,0.78516,0.7998,0.79004,0.7998,0.7998,0.81494,0.81006,0.81982,0.82471,0.81982,0.82471,0.81982,0.82471,0.81982,0.83008,0.82471,0.83008,0.82471,0.83984,0.83496,0.84473,0.83496,0.84473,0.83984,0.8501,0.83984,0.8501,0.83984,0.8501,0.83984,0.8501,0.83984,0.8501,0.83984,0.8501,0.83984,0.84473,0.8501,0.83984,0.8501,0.83984,0.84473,0.83984,0.8501,0.83984,0.8501,0.83984,0.84473,0.83984,0.84473,0.83496,0.84473,0.83496,0.83984,0.83496,0.84473,0.83008,0.84473,0.83496,0.84473,0.83984,0.83984,0.84473,0.83496,0.84473,0.83496,0.83984,0.83008,0.83984,0.83008,0.83984,0.83008,0.84473,0.83984,0.84473,0.83496,0.8501,0.83496,0.8501,0.85986,0.89014,0.89502,0.8999,0.89014,0.875,0.8501,0.81494,0.75977,0.74512,0.7749,0.7998,0.80469,0.81982,0.82471,0.81982,0.82471,0.82471,0.81494,0.7998,0.85498,1.0601,1.355,1.5,1.5,1.5,1.1348,0.91992,0.78516,0.74512,0.75,0.73975,0.75488,0.74512,0.75,0.73975,0.75,0.75488,0.74512,0.75977,0.75488,0.77002,0.75977,0.77979,0.7749,0.78516,0.78516,0.79004,0.78516,0.7998,0.7998,0.81006,0.81494,0.82471,0.80469,0.81982,0.82471,0.81494,0.82471,0.81982,0.82471,0.81494,0.83496,0.83008,0.84473,0.83496,0.83984,0.83496,0.83008,0.82471,0.83984,0.82471,0.83496,0.83984,0.84473,0.83008,0.84473,0.82471,0.82471,0.83008,0.83496,0.82471,0.83008,0.83496,0.82471,0.83496,0.82471,0.83496,0.82471,0.82471,0.81982,0.83984,0.82471,0.83984,0.83008,0.83496,0.81494,0.83008,0.83008,0.83496,0.82471,0.83984,0.81494,0.82471,0.83008,0.82471,0.83496,0.83008,0.83496,0.84473,0.82471,0.83008,0.83496,0.83984,0.83008,0.83496,0.83984,0.83496,0.85498,0.84473,0.85986,0.87012,0.88477,0.89014,0.91504,0.88477,0.875,0.83496,0.7998,0.75488,0.78516,0.7998,0.81494,0.81982,0.82471,0.82471,0.83008,0.83496,0.82471,0.81982,0.81494,0.90967,1.1851,1.46,1.5,1.5,1.355,1.0249,0.83496,0.7749,0.75488,0.75488,0.74512,0.75,0.74512,0.75488,0.75488,0.76514,0.75488,0.77002,0.77002,0.7749,0.77979,0.7749,0.79492,0.78516,0.7998,0.79492,0.7998,0.7998,0.81006,0.80469,0.82471,0.81982,0.82471,0.82471,0.83008,0.82471,0.83008,0.82471,0.83496,0.82471,0.83984,0.84473,0.83496,0.84473,0.83496,0.84473,0.83984,0.8501,0.84473,0.8501,0.84473,0.8501,0.8501,0.8501,0.84473,0.8501,0.84473,0.8501,0.84473,0.8501,0.83984,0.8501,0.84473,0.85498,0.84473,0.8501,0.84473,0.8501,0.84473,0.8501,0.84473,0.8501,0.8501,0.84473,0.8501,0.83496,0.84473,0.83984,0.8501,0.84473,0.8501,0.83496,0.84473,0.83496,0.84473,0.83496,0.84473,0.83496,0.84473,0.83496,0.84473,0.83496,0.83984,0.84473,0.83496,0.84473,0.83984,0.8501,0.84473,0.8501,0.84473,0.8501,0.83984,0.86475,0.87988,0.89502,0.89502,0.90967,0.875,0.87012,0.82471,0.78516,0.76514,0.79492,0.80469,0.81494,0.81006,0.82471,0.82471,0.83008,0.83496,0.82471,0.80469,0.83496,0.99512,1.2998,1.5,1.5,1.5,1.1997,0.98975,0.80469,0.76514,0.73975,0.74512,0.73486,0.73975,0.73486,0.75,0.74512,0.75488,0.75977,0.76514,0.75488,0.77002,0.77979,0.7749,0.78516,0.77979,0.79004,0.78516,0.7998,0.7998,0.81006,0.80469,0.82471,0.81982,0.81494,0.81006,0.82471,0.81982,0.82471,0.82471,0.83496,0.81982,0.83496,0.83984,0.83496,0.83008,0.83496,0.83984,0.84473,0.8501,0.84473,0.8501,0.83984,0.84473,0.83496,0.8501,0.83984,0.84473,0.83496,0.84473,0.83008,0.83984,0.82471,0.83984,0.83496,0.83984,0.82471,0.83008,0.82471,0.83496,0.82471,0.83496,0.83008,0.83496,0.82471,0.83008,0.83984,0.82471,0.83008,0.82471,0.83496,0.82471,0.83496,0.83496,0.83984,0.82471,0.8501,0.83984,0.84473,0.83496,0.83984,0.83496,0.8501,0.83984,0.8501,0.83496,0.84473,0.8501,0.83984,0.8501,0.84473,0.85498,0.875,0.89014,0.89502,0.90479,0.89502,0.87988,0.8501,0.81494,0.76514,0.78516,0.81006,0.81982,0.82471,0.83496,0.83008,0.83984,0.83008,0.84473,0.81494,0.82471,0.88477,1.1499,1.4199,1.5,1.5,1.4497,1.0601,0.85986,0.78516,0.77002,0.76514,0.75488,0.75977,0.75488,0.76514,0.75488,0.7749,0.76514,0.77979,0.77979,0.78516,0.77979,0.79004,0.78516,0.7998,0.80469,0.7998,0.81006,0.7998,0.82471,0.81982,0.83008,0.82471,0.83496,0.82471,0.83008,0.83496,0.83984,0.83496,0.84473,0.83496,0.8501,0.83984,0.84473,0.83984,0.8501,0.84473,0.8501,0.83984,0.8501,0.84473,0.8501,0.84473,0.83984,0.8501,0.84473,0.8501,0.83984,0.8501,0.83984,0.8501,0.83984,0.8501,0.84473,0.8501,0.84473,0.8501,0.84473,0.8501,0.84473,0.8501,0.83984,0.84473,0.83984,0.84473,0.8501,0.83496,0.8501,0.84473,0.8501,0.83496,0.84473,0.83496,0.84473,0.83496,0.84473,0.83496,0.8501,0.84473,0.8501,0.84473,0.8501,0.83984,0.8501,0.83984,0.8501,0.84473,0.8501,0.8501,0.85498,0.8501,0.85498,0.8501,0.86475,0.87988,0.89502,0.90479,0.91504,0.8999,0.87988,0.85498,0.80469,0.77979,0.78516,0.81494,0.81494,0.82471,0.82471,0.83496,0.83008,0.83984,0.83008,0.82471,0.82471,0.90479,1.1699,1.4497,1.5,1.5,1.3696,1.0601,0.85498,0.77002,0.75488,0.73975,0.74512,0.72998,0.74512,0.74512,0.75488,0.75488,0.75977,0.75488,0.76514,0.76514,0.77979,0.7749,0.78516,0.77979,0.79004,0.78516,0.7998,0.7998,0.81006,0.81494,0.81006,0.81982,0.81006,0.82471,0.81982,0.83496,0.81494,0.82471,0.81982,0.83008,0.81982,0.82471,0.82471,0.83984,0.82471,0.83984,0.83984,0.84473,0.83008,0.82471,0.83496,0.83008,0.83984,0.83008,0.84473,0.83008,0.84473,0.83984,0.83496,0.83984,0.8501,0.83008,0.83984,0.83008,0.83984,0.83008,0.83496,0.82471,0.82471,0.82471,0.83496,0.82471,0.83496,0.82471,0.81982,0.82471,0.81982,0.82471,0.82471,0.81982,0.82471,0.81494,0.81006,0.82471,0.82471,0.82471,0.83008,0.83496,0.81494,0.82471,0.82471,0.83984,0.82471,0.83984,0.83008,0.83496,0.83008,0.83984,0.83008,0.84473,0.8501,0.87988,0.88477,0.89502,0.89014,0.875,0.8501,0.81006,0.75977,0.74512,0.79492,0.79492,0.80469,0.81494,0.82471,0.81982,0.82471,0.82471,0.81982,0.7998,0.8501,1.0449,1.355,1.5,1.5,1.5,1.1299,0.8999,0.79004,0.75488,0.75488,0.73975,0.74512,0.75,0.73975,0.75488,0.75,0.75488,0.75977,0.77002,0.76514,0.77979,0.7749,0.78516,0.77979,0.79492,0.78516,0.7998,0.80469,0.81982,0.81494,0.82471,0.81982,0.83008,0.82471,0.82471,0.83008,0.82471,0.83008,0.81982,0.83008,0.83496,0.83984,0.83496,0.84473,0.83496,0.84473,0.83984,0.8501,0.84473,0.8501,0.84473,0.8501,0.84473,0.8501,0.84473,0.8501,0.8501,0.84473,0.8501,0.84473,0.8501,0.84473,0.8501,0.83984,0.8501,0.83984,0.8501,0.83496,0.8501,0.83984,0.8501,0.83984,0.84473,0.83984,0.8501,0.83984,0.8501,0.84473,0.8501,0.84473,0.8501,0.84473,0.8501,0.84473,0.8501,0.84473,0.8501,0.84473,0.84473,0.8501,0.83984,0.8501,0.84473,0.8501,0.84473,0.8501,0.83984,0.8501,0.83984,0.8501,0.83984,0.8501,0.8501,0.85498,0.85498,0.88477,0.89502,0.91504,0.91992,0.89502,0.87012,0.83984,0.79004,0.7749,0.79004,0.81006,0.81494,0.81982,0.83008,0.82471,0.83496,0.82471,0.83496,0.81006,0.83984,0.94971,1.2549,1.4946,1.5,1.5,1.2598,1.0098,0.83008,0.76514,0.75488,0.73975,0.75,0.75488,0.74512,0.75488,0.75,0.76514,0.75488,0.77002,0.76514,0.7749,0.77002,0.77979,0.7749,0.78516,0.77979,0.79492,0.79492,0.80469,0.7998,0.81494,0.81494,0.81982,0.81494,0.81006,0.82471,0.81982,0.83496,0.83496,0.83984,0.83008,0.83496,0.83008,0.83984,0.82471,0.83984,0.83984,0.84473,0.83496,0.84473,0.83008,0.84473,0.83496,0.83984,0.83008,0.83496,0.83008,0.83496,0.83008,0.83496,0.83008,0.83496,0.83984,0.82471,0.83008,0.82471,0.83008,0.82471,0.83496,0.83008,0.82471,0.82471,0.82471,0.81982,0.83008,0.82471,0.83496,0.83008,0.83008,0.81982,0.82471,0.82471,0.83008,0.82471,0.83008,0.82471,0.83008,0.83496,0.82471,0.83496,0.82471,0.83984,0.82471,0.83008,0.82471,0.83984,0.82471,0.83496,0.83008,0.84473,0.8501,0.875,0.88477,0.89502,0.875,0.87012,0.83984,0.80469,0.75,0.74512,0.78516,0.79492,0.81006,0.81982,0.82471,0.81494,0.82471,0.81982,0.7998,0.80469,0.8501,1.0898,1.3896,1.5,1.5,1.5,1.0947,0.87012,0.77979,0.75,0.75,0.72998,0.73486,0.74512,0.74512,0.73486,0.75,0.75488,0.75977,0.75488,0.77002,0.77979,0.77002,0.77979,0.76514,0.77979,0.77979,0.7998,0.79492,0.81006,0.81006,0.82471,0.81494,0.83008,0.82471,0.83496,0.82471,0.83496,0.82471,0.83008,0.82471,0.83984,0.83008,0.83984,0.83496,0.83984,0.84473,0.83008,0.83984,0.83008,0.84473,0.83496,0.8501,0.84473,0.8501,0.84473,0.8501,0.83984,0.84473,0.83984,0.84473,0.83984,0.8501,0.83496,0.84473,0.83496,0.84473,0.83984,0.84473,0.83984,0.84473,0.8501,0.83984,0.8501,0.83984,0.8501,0.83496,0.84473,0.83496,0.8501,0.83984,0.8501,0.83984,0.8501,0.84473,0.8501,0.84473,0.85498,0.8501,0.85498,0.84473,0.8501,0.8501,0.8501,0.84473,0.8501,0.8501,0.84473,0.8501,0.85986,0.88477,0.89502,0.91504,0.91504,0.91992,0.875,0.85498,0.7998,0.77002,0.75488,0.80469,0.80469,0.82471,0.82471,0.83496,0.83984,0.84473,0.83008,0.81494,0.82471,0.93506,1.23,1.4746,1.5,1.5,1.3198,1.0347,0.84473,0.76514,0.75488,0.73975,0.75,0.73975,0.75,0.74512,0.75488,0.75,0.75977,0.75488,0.76514,0.76514,0.7749,0.7749,0.77979,0.78516,0.77979,0.79492,0.79004,0.7998,0.7998,0.81006,0.80469,0.81982,0.81006,0.81982,0.81006,0.82471,0.81494,0.82471,0.81494,0.82471,0.81982,0.83496,0.83008,0.84473,0.83496,0.84473,0.83496,0.84473,0.83496,0.83984,0.84473,0.83496,0.83984,0.83496,0.84473,0.83496,0.8501,0.84473,0.8501,0.84473,0.8501,0.8501,0.8501,0.83984,0.8501,0.83496,0.83984,0.83008,0.83984,0.82471,0.83008,0.82471,0.8501,0.84473,0.84473,0.83008,0.82471,0.83496,0.82471,0.84473,0.83984,0.85498,0.85498,0.86475,0.8501,0.83984,0.81982,0.81494,0.81006,0.83008,0.82471,0.84473,0.83984,0.8501,0.83008,0.83008,0.81982,0.81494,0.82471,0.83008,0.82471,0.84473,0.85986,0.87012,0.88477,0.89014,0.875,0.8501,0.83008,0.7749,0.75,0.77002,0.80469,0.7998,0.81982,0.81494,0.83008,0.82471,0.83496,0.81982,0.81006,0.82471,0.96484,1.2549,1.4946,1.5,1.5,1.2349,0.9751,0.81494,0.7749,0.75488,0.74512,0.75488,0.74512,0.75488,0.75488,0.76514,0.75977,0.78516,0.77979,0.78516,0.77979,0.79004,0.78516,0.7998,0.7998,0.80469,0.7998,0.81494,0.81494,0.82471,0.82471,0.83008,0.83496,0.83008,0.83496,0.83008,0.83984,0.83496,0.83984,0.83008,0.84473,0.83496,0.8501,0.84473,0.8501,0.84473,0.8501,0.84473,0.8501,0.8501,0.85498,0.8501,0.8501,0.85498,0.8501,0.85498,0.8501,0.8501,0.8501,0.8501,0.8501,0.85498,0.84473,0.8501,0.84473,0.8501,0.84473,0.8501,0.83984,0.8501,0.83984,0.84473,0.83984,0.84473,0.83496,0.84473,0.83984,0.8501,0.84473,0.8501,0.84473,0.8501,0.83984,0.83496,0.8501,0.83496,0.84473,0.83496,0.8501,0.84473,0.8501,0.84473,0.8501,0.84473,0.8501,0.83984,0.84473,0.84473,0.875,0.89014,0.90967,0.91504,0.89502,0.875,0.8501,0.7998,0.75977,0.75488,0.79492,0.81006,0.80469,0.82471,0.82471,0.83496,0.83008,0.83496,0.81494,0.83008,0.90967,1.2046,1.4546,1.5,1.5,1.335,1.0347,0.8501,0.75977,0.75488,0.74512,0.73975,0.74512,0.73975,0.75488,0.75977,0.76514,0.77002,0.77979,0.77002,0.77979,0.77979,0.78516,0.77979,0.7998,0.79004,0.7998,0.7998,0.81006,0.80469,0.82471,0.81494,0.82471,0.81982,0.82471,0.81982,0.81494,0.82471,0.81494,0.82471,0.83008,0.83984,0.83496,0.8501,0.83984,0.8501,0.84473,0.8501,0.84473,0.8501,0.83496,0.84473,0.83008,0.84473,0.83496,0.84473,0.83496,0.83984,0.83496,0.84473,0.83496,0.84473,0.83496,0.83984,0.84473,0.83008,0.83984,0.83008,0.84473,0.82471,0.83496,0.83008,0.84473,0.83984,0.84473,0.83984,0.84473,0.83496,0.84473,0.83496,0.8501,0.83984,0.8501,0.83984,0.84473,0.83496,0.83984,0.83496,0.84473,0.8501,0.84473,0.8501,0.84473,0.8501,0.84473,0.85986,0.88477,0.8999,0.89502,0.91504,0.89502,0.88477,0.8501,0.81006,0.75977,0.7749,0.79492,0.81494,0.81982,0.83496,0.82471,0.7998,0.81982,0.9248,1.1948,1.4697,1.5,1.5,1.3247,1.04,0.83984,0.76514,0.73975,0.74512,0.72998,0.74512,0.73486,0.75,0.74512,0.75488,0.75488,0.75977,0.76514,0.75488,0.7749,0.77002,0.77979,0.77979,0.79004,0.78516,0.7998,0.79004,0.80469,0.7998,0.81006,0.7998,0.81494,0.80469,0.81494,0.80469,0.81494,0.81006,0.82471,0.82471,0.83496,0.83984,0.83008,0.83984,0.83008,0.84473,0.83008,0.83984,0.83008,0.84473,0.83496,0.84473,0.83984,0.8501,0.83984,0.8501,0.83984,0.8501,0.83496,0.8501,0.83496,0.84473,0.83496,0.83984,0.83008,0.83984,0.83008,0.83496,0.83984,0.82471,0.83008,0.82471,0.83008,0.82471,0.83008,0.82471,0.83008,0.82471,0.83008,0.82471,0.82471,0.82471,0.83984,0.83008,0.83984,0.83008,0.83496,0.82471,0.83496,0.83008,0.85498,0.875,0.88477,0.89502,0.89502,0.875,0.8501,0.81006,0.76514,0.73975,0.75488,0.79492,0.81006,0.82471,0.82471,0.83008,0.81982,0.82471,0.79492,0.80469,0.8501,1.0947,1.3848,1.5,1.5,1.4546,1.0801,0.89014,0.75977,0.74512,0.72998,0.72998,0.72998,0.72998,0.74512,0.74512,0.75488,0.74512,0.75,0.74512,0.76514,0.77002,0.77979,0.77002,0.77979,0.77979,0.79004,0.78516,0.7998,0.79492,0.81006,0.7998,0.80469,0.80469,0.81006,0.80469,0.81494,0.82471,0.81494,0.82471,0.82471,0.83008,0.83496,0.8501,0.83008,0.84473,0.83984,0.84473,0.83496,0.8501,0.83984,0.84473,0.83984,0.84473,0.83984,0.8501,0.83984,0.84473,0.83496,0.84473,0.82471,0.83008,0.83984,0.83008,0.83496,0.83008,0.83984,0.82471,0.82471,0.82471,0.82471,0.82471,0.83496,0.83008,0.83984,0.82471,0.83008,0.83008,0.83008,0.82471,0.83008,0.82471,0.83008,0.82471,0.83008,0.83984,0.83008,0.82471,0.82471,0.83984,0.83496,0.8501,0.85986,0.875,0.87988,0.8999,0.89014,0.875,0.83984,0.81006,0.75488,0.75,0.78516,0.80469,0.81006,0.82471,0.82471,0.83496,0.82471,0.82471,0.80469,0.83008,0.91504,1.1948,1.4546,1.5,1.5,1.355,1.0049,0.83008,0.7749,0.75,0.74512,0.73486,0.75,0.73975,0.75488,0.74512,0.75977,0.75488,0.77002,0.76514,0.77002,0.77002,0.77979,0.78516,0.77979,0.79492,0.78516,0.7998,0.79004,0.81006,0.80469,0.81494,0.81006,0.81982,0.81006,0.81982,0.81006,0.82471,0.81982,0.82471,0.82471,0.83984,0.83008,0.84473,0.83984,0.8501,0.83496,0.84473,0.83984,0.8501,0.8501,0.84473,0.8501,0.83984,0.8501,0.83984,0.8501,0.83984,0.8501,0.83496,0.84473,0.83496,0.8501,0.84473,0.8501,0.84473,0.8501,0.83984,0.8501,0.83984,0.8501,0.83496,0.84473,0.83496,0.83984,0.84473,0.83496,0.83984,0.82471,0.84473,0.83008,0.84473,0.83984,0.84473,0.83984,0.8501,0.84473,0.8501,0.84473,0.8501,0.85498,0.88477,0.89502,0.90967,0.91504,0.89502,0.87012,0.84473,0.78516,0.75488,0.75977,0.79004,0.7998,0.81982,0.82471,0.83008,0.83496,0.82471,0.83496,0.80469,0.8501,1.0298,1.335,1.5,1.5,1.5,1.1851,0.95508,0.7998,0.75488,0.75488,0.73975,0.75,0.74512,0.75488,0.75488,0.75977,0.77002,0.75977,0.7749,0.77979,0.77979,0.77979,0.78516,0.78516,0.7998,0.7998,0.80469,0.7998,0.81982,0.81006,0.82471,0.81494,0.82471,0.81494,0.82471,0.81982,0.82471,0.81982,0.83496,0.85498,0.88477,0.8999,0.90967,0.91504,0.89502,0.87988,0.86475,0.83008,0.79492,0.81006,0.82471,0.83008,0.81494,0.82471,0.81982,0.82471,0.82471,0.83496,0.83984,0.83984,0.82471,0.80469,0.7998,0.85498,1.125,1.4897,1.5,1.5,1.4297,1.0698,0.8501,0.75977,0.73975,0.7251,0.72998,0.72998,0.72998,0.72998,0.74512,0.73486,0.74512,0.73975,0.75977,0.75488,0.75977,0.75977,0.77002,0.75977,0.7749,0.77979,0.78516,0.77002,0.77979,0.78516,0.77979,0.79492,0.79492,0.7998,0.80469,0.82471,0.81982,0.82471,0.81494,0.84473,0.83008,0.83984,0.84473,0.8501,0.83496,0.84473,0.83984,0.83984,0.83496,0.8501,0.83496,0.83984,0.83008,0.82471,0.83008,0.82471,0.83984,0.82471,0.83008,0.82471,0.82471,0.82471,0.83008,0.82471,0.83008,0.82471,0.83008,0.82471,0.83984,0.82471,0.83984,0.83008,0.83008,0.81982,0.8501,0.83008,0.83008,0.83496,0.83008,0.83984,0.83008,0.84473,0.83984,0.84473,0.83008,0.84473,0.83496,0.84473,0.83496,0.83984,0.83984,0.85498,0.8501,0.875,0.87988,0.89502,0.8999,0.90479,0.87012,0.8501,0.80469,0.7749,0.77002,0.81494,0.81982,0.81494,0.83496,0.83008,0.84473,0.83984,0.84473,0.81982,0.84473,0.98486,1.29,1.5,1.5,1.5,1.2397,0.94482,0.81982,0.76514,0.75488,0.74512,0.75488,0.74512,0.75488,0.75977,0.75488,0.75977,0.75488,0.77002,0.75977,0.7749,0.77002,0.78516,0.7749,0.78516,0.77979,0.79004,0.78516,0.7998,0.79492,0.80469,0.7998,0.80469,0.7998,0.81006,0.80469,0.81494,0.81006,0.81982,0.82471,0.83496,0.83984,0.8501,0.8501,0.85498,0.86475,0.85986,0.875,0.86475,0.875,0.85986,0.86475,0.85986,0.87012,0.85986,0.87012,0.86475,0.875,0.86475,0.875,0.87012,0.875,0.87012,0.875,0.86475,0.87012,0.86475,0.86475,0.85986,0.85498,0.86475,0.85498,0.8501,0.8501,0.8501,0.8501,0.85498,0.84473,0.8501,0.83984,0.8501,0.83984,0.8501,0.84473,0.8501,0.83984,0.8501,0.83984,0.8501,0.84473,0.85986,0.875,0.8999,0.91504,0.91992,0.89014,0.875,0.83984,0.79492,0.75977,0.75488,0.7998,0.81006,0.82471,0.81982,0.83008,0.82471,0.83496,0.81494,0.81006,0.83496,1.0347,1.3198,1.5,1.5,1.5,1.165,0.94971,0.79004,0.75488,0.73975,0.73486,0.75,0.73975,0.75,0.74512,0.75488,0.75488,0.76514,0.75977,0.77002,0.76514,0.77979,0.77979,0.79004,0.77979,0.7998,0.79004,0.7998,0.7998,0.80469,0.7998,0.81006,0.7998,0.80469,0.81006,0.81006,0.81982,0.81006,0.82471,0.82471,0.83496,0.83008,0.8501,0.84473,0.85498,0.8501,0.85498,0.8501,0.85498,0.8501,0.85498,0.8501,0.8501,0.84473,0.8501,0.8501,0.8501,0.84473,0.84473,0.8501,0.84473,0.8501,0.83984,0.84473,0.83496,0.84473,0.83496,0.84473,0.83984,0.84473,0.83984,0.8501,0.8501,0.85986,0.84473,0.8501,0.83984,0.84473,0.82471,0.83496,0.83008,0.83496,0.82471,0.81982,0.83984,0.82471,0.83496,0.82471,0.83984,0.82471,0.83984,0.85986,0.89502,0.89014,0.90479,0.88477,0.875,0.83496,0.79004,0.74512,0.75977,0.78516,0.81006,0.80469,0.82471,0.82471,0.83496,0.82471,0.83008,0.80469,0.83008,1.0098,1.3096,1.5,1.5,1.5,1.1797,0.95508,0.79492,0.75977,0.74512,0.75,0.73975,0.74512,0.73486,0.75488,0.74512,0.76514,0.75488,0.7749,0.77002,0.77979,0.77979,0.7749,0.79004,0.77979,0.79492,0.79004,0.81006,0.7998,0.81982,0.81006,0.82471,0.81982,0.81006,0.7998,0.82471,0.82471,0.82471,0.81982,0.83008,0.82471,0.84473,0.82471,0.84473,0.84473,0.84473,0.84473,0.8501,0.83984,0.84473,0.83984,0.83496,0.83984,0.83008,0.83984,0.83008,0.83984,0.83008,0.84473,0.83496,0.83984,0.83008,0.83984,0.82471,0.83008,0.82471,0.83008,0.82471,0.83984,0.83008,0.83984,0.83008,0.82471,0.83496,0.83008,0.84473,0.83496,0.84473,0.83496,0.84473,0.83496,0.84473,0.83496,0.83984,0.83008,0.83984,0.83496,0.84473,0.83984,0.85498,0.86475,0.89014,0.89502,0.91504,0.8999,0.89502,0.86475,0.83008,0.7749,0.75488,0.77979,0.81006,0.81494,0.82471,0.83496,0.83008,0.83984,0.83008,0.81494,0.81006,0.8999,1.1699,1.4399,1.5,1.5,1.375,1.0347,0.83008,0.77002,0.73975,0.73486,0.72998,0.72998,0.72998,0.73975,0.74512,0.73975,0.75488,0.75,0.75977,0.75488,0.77002,0.76514,0.7749,0.77002,0.78516,0.77979,0.79492,0.79004,0.7998,0.79492,0.80469,0.7998,0.81006,0.7998,0.81494,0.81006,0.81982,0.81982,0.82471,0.82471,0.83496,0.83984,0.83496,0.8501,0.84473,0.8501,0.84473,0.8501,0.8501,0.8501,0.84473,0.8501,0.84473,0.8501,0.84473,0.8501,0.84473,0.8501,0.83984,0.8501,0.83496,0.83984,0.83496,0.84473,0.83496,0.83984,0.84473,0.83496,0.84473,0.83496,0.83984,0.83496,0.84473,0.83496,0.83984,0.83008,0.83984,0.83496,0.84473,0.83496,0.84473,0.83496,0.84473,0.83496,0.84473,0.83984,0.8501,0.83984,0.85498,0.87012,0.89502,0.90479,0.90479,0.88477,0.86475,0.83008,0.7749,0.75,0.74512,0.7998,0.79492,0.81494,0.80469,0.82471,0.81982,0.82471,0.7998,0.80469,0.83984,1.085,1.3696,1.5,1.5,1.4897,1.0947,0.89014,0.77002,0.75488,0.73486,0.72998,0.72998,0.72998,0.7251,0.7251,0.73975,0.74512,0.75488,0.75,0.76514,0.75488,0.76514,0.75488,0.7749,0.7749,0.78516,0.77979,0.79004,0.77979,0.79492,0.78516,0.7998,0.79004,0.7998,0.79004,0.7998,0.80469,0.7998,0.81494,0.81006,0.82471,0.81494,0.83008,0.82471,0.83008,0.82471,0.82471,0.82471,0.82471,0.81982,0.82471,0.82471,0.82471,0.81494,0.82471,0.82471,0.82471,0.82471,0.82471,0.81494,0.80469,0.82471,0.81494,0.80469,0.81006,0.81494,0.81982,0.81494,0.80469,0.81982,0.81494,0.81006,0.80469,0.81982,0.80469,0.81494,0.80469,0.81494,0.81006,0.82471,0.81006,0.80469,0.81982,0.81494,0.81982,0.81494,0.82471,0.81982,0.82471,0.84473,0.85986,0.875,0.88477,0.85986,0.86475,0.81982,0.77002,0.73486,0.75488,0.77979,0.79004,0.7998,0.81494,0.80469,0.81982,0.81006,0.7998,0.7998,0.83008,1.0249,1.3296,1.5,1.5,1.5,1.1597,0.90479,0.78516,0.75,0.73486,0.73486,0.73486,0.73975,0.73975,0.75488,0.75,0.75977,0.75488,0.76514,0.76514,0.7749,0.76514,0.77979,0.77979,0.77979,0.79004,0.78516,0.7998,0.7998,0.81006,0.7998,0.81494,0.80469,0.81982,0.81494,0.82471,0.81494,0.82471,0.81982,0.82471,0.82471,0.83984,0.83008,0.83984,0.83008,0.84473,0.83496,0.8501,0.83984,0.84473,0.83496,0.83984,0.83496,0.83008,0.8501,0.83984,0.8501,0.84473,0.85498,0.8501,0.85498,0.83984,0.8501,0.84473,0.8501,0.83984,0.8501,0.83984,0.8501,0.83984,0.8501,0.83984,0.84473,0.83984,0.84473,0.83984,0.84473,0.83496,0.83496,0.83984,0.83496,0.8501,0.84473,0.8501,0.83984,0.84473,0.83984,0.8501,0.85986,0.89502,0.89502,0.91504,0.90479,0.89502,0.86475,0.83984,0.7749,0.75488,0.77002,0.7998,0.80469,0.81982,0.82471,0.83008,0.83496,0.82471,0.81006,0.80469,0.875,1.1299,1.4146,1.5,1.5,1.4546,1.105,0.87988,0.7749,0.75,0.75488,0.73975,0.74512,0.73486,0.74512,0.75,0.75977,0.75488,0.75977,0.76514,0.75977,0.7749,0.77002,0.77979,0.7749,0.78516,0.77979,0.7998,0.7998,0.80469,0.7998,0.81006,0.80469,0.81494,0.80469,0.81494,0.81006,0.82471,0.81494,0.82471,0.83496,0.84473,0.83496,0.83984,0.84473,0.83984,0.8501,0.83984,0.8501,0.83984,0.8501,0.84473,0.83984,0.83984,0.8501,0.83496,0.8501,0.83984,0.8501,0.83496,0.8501,0.83984,0.8501,0.83496,0.84473,0.83496,0.83984,0.83984,0.84473,0.83008,0.83496,0.83984,0.83008,0.83984,0.83008,0.84473,0.83008,0.83984,0.83008,0.83984,0.83496,0.84473,0.83984,0.85986,0.8501,0.8501,0.83984,0.8501,0.84473,0.8501,0.87012,0.89502,0.89502,0.91504,0.89502,0.875,0.83984,0.79004,0.75,0.73975,0.78516,0.7998,0.81494,0.82471,0.82471,0.81982,0.83008,0.81494,0.81006,0.83008,1.0298,1.3296,1.5,1.5,1.5,1.1499,0.93506,0.77002,0.75488,0.73975,0.72998,0.73975,0.75,0.73486,0.72998,0.75488,0.74512,0.75488,0.76514,0.7749,0.77002,0.77979,0.7749,0.78516,0.78516,0.7998,0.79492,0.7998,0.79492,0.83984,0.83008,0.8501,0.83984,0.83008,0.83984,0.83496,0.82471,0.83984,0.84473,0.82471,0.83496,0.82471,0.83496,0.82471,0.83496,0.83008,0.84473,0.83496,0.83984,0.83496,0.84473,0.83984,0.8501,0.83496,0.84473,0.83984,0.8501,0.84473,0.8501,0.8501,0.85498,0.8501,0.8501,0.85986,0.87988,0.89502,0.90967,0.91992,0.90479,0.88477,0.85986,0.82471,0.7749,0.77002,0.7998,0.81982,0.81982,0.83496,0.83008,0.84473,0.83984,0.83984,0.82471,0.85498,1.0146,1.3149,1.5,1.5,1.5,1.2046,0.94482,0.80469,0.76514,0.75488,0.75,0.73975,0.75488,0.75,0.75977,0.75488,0.77002,0.76514,0.77979,0.77979,0.79004,0.77979,0.79492,0.79492,0.7998,0.7998,0.7998,0.81006,0.81494,0.81006,0.81982,0.82471,0.81494,0.82471,0.81982,0.82471,0.81982,0.83008,0.82471,0.83984,0.83496,0.8501,0.84473,0.8501,0.8501,0.85498,0.8501,0.85498,0.8501,0.85498,0.8501,0.84473,0.8501,0.83984,0.8501,0.83496,0.8501,0.84473,0.85498,0.84473,0.8501,0.83984,0.84473,0.83496,0.83984,0.83496,0.84473,0.83008,0.8501,0.83984,0.84473,0.83008,0.83984,0.83984,0.8501,0.83008,0.83984,0.83008,0.83984,0.83496,0.83984,0.84473,0.83008,0.83984,0.83008,0.84473,0.83008,0.83984,0.85498,0.87988,0.88477,0.90479,0.89014,0.87988,0.84473,0.81494,0.75488,0.74512,0.76514,0.79492,0.7998,0.81982,0.81494,0.82471,0.81982,0.82471,0.7998,0.81982,0.9248,1.1997,1.4546,1.5,1.5,1.3096,1.0249,0.83008,0.75977,0.73486,0.73486,0.7251,0.73486,0.72998,0.73975,0.73486,0.75488,0.75,0.75977,0.76514,0.75977,0.7749,0.76514,0.7749,0.77979,0.77979,0.78516,0.79492,0.79004,0.80469,0.7998,0.80469,0.7998,0.7998,0.79492,0.80469,0.7998,0.81006,0.80469,0.82471,0.81982,0.83008,0.82471,0.83008,0.82471,0.83496,0.82471,0.83008,0.83984,0.83496,0.82471,0.81982,0.83496,0.81982,0.82471,0.81982,0.83008,0.82471,0.83008,0.81982,0.82471,0.81494,0.83008,0.82471,0.82471,0.81494,0.82471,0.81006,0.82471,0.81494,0.81982,0.82471,0.81982,0.82471,0.81982,0.82471,0.81006,0.82471,0.82471,0.81982,0.81006,0.82471,0.81006,0.82471,0.81982,0.82471,0.81494,0.82471,0.82471,0.84473,0.8501,0.875,0.88477,0.87988,0.85986,0.8501,0.81006,0.76514,0.73975,0.7749,0.79492,0.78516,0.80469,0.81006,0.81494,0.81982,0.82471,0.7998,0.80469,0.85498,1.1001,1.3848,1.5,1.5,1.4697,1.0601,0.85986,0.75488,0.74512,0.72998,0.7251,0.71973,0.72998,0.72998,0.73486,0.73975,0.73486,0.75,0.74512,0.75488,0.75,0.77002,0.77002,0.77979,0.77979,0.79004,0.77979,0.7998,0.79492,0.7998,0.79492,0.81006,0.7998,0.81006,0.7998,0.81494,0.81006,0.81982,0.81494,0.81982,0.82471,0.81982,0.83008,0.82471,0.83008,0.82471,0.83008,0.82471,0.83496,0.82471,0.83496,0.82471,0.83008,0.82471,0.83008,0.82471,0.83008,0.82471,0.83008,0.82471,0.83008,0.81982,0.82471,0.81982,0.82471,0.81982,0.82471,0.83008,0.82471,0.81982,0.81982,0.82471,0.82471,0.83008,0.82471,0.83008,0.82471,0.82471,0.82471,0.83008,0.82471,0.83496,0.82471,0.83984,0.82471,0.83496,0.83008,0.84473,0.8501,0.88477,0.89502,0.8999,0.90479,0.875,0.8501,0.81006,0.75977,0.73486,0.77002,0.79492,0.7998,0.80469,0.81982,0.81006,0.81982,0.80469,0.7998,0.81006,0.92969,1.1997,1.4648,1.5,1.5,1.29,1.02,0.81982,0.75488,0.72998,0.7251,0.72998,0.7251,0.72998,0.71973,0.73486,0.72998,0.75488,0.75,0.75977,0.75488,0.76514,0.75488,0.77002,0.76514,0.7749,0.7749,0.79004,0.77979,0.79492,0.79004,0.7998,0.79004,0.78516,0.7998,0.79004,0.7998,0.79492,0.81006,0.80469,0.82471,0.81494,0.82471,0.83008,0.83984,0.83008,0.83008,0.82471,0.83008,0.82471,0.83008,0.82471,0.83496,0.82471,0.83496,0.83008,0.83496,0.82471,0.83008,0.82471,0.83008,0.83496,0.82471,0.83008,0.81982,0.83008,0.81982,0.82471,0.82471,0.83496,0.82471,0.83496,0.82471,0.82471,0.81982,0.82471,0.82471,0.83496,0.82471,0.83008,0.82471,0.83496,0.82471,0.83496,0.82471,0.83496,0.83984,0.82471,0.83984,0.83008,0.8501,0.87012,0.89502,0.89502,0.90479,0.88477,0.87012,0.82471,0.78516,0.73975,0.75977,0.78516,0.7998,0.80469,0.82471,0.81982,0.82471,0.82471,0.81982,0.81982,0.86475,1.1001,1.3848,1.5,1.5,1.4746,1.0801,0.87988,0.76514,0.74512,0.72998,0.72998,0.71484,0.73486,0.73975,0.73486,0.73975,0.75488,0.75,0.75488,0.75488,0.76514,0.7749,0.77002,0.77979,0.77979,0.77979,0.78516,0.79492,0.79004,0.80469,0.7998,0.81494,0.7998,0.80469,0.7998,0.81982,0.81982,0.82471,0.81982,0.83496,0.82471,0.83984,0.83008,0.83984,0.83496,0.8501,0.84473,0.84473,0.82471,0.83496,0.84473,0.82471,0.83496,0.83008,0.83496,0.82471,0.83496,0.82471,0.84473,0.82471,0.83008,0.82471,0.83496,0.82471,0.82471,0.82471,0.83984,0.81982,0.83008,0.83008,0.83008,0.81982,0.82471,0.83008,0.82471,0.83496,0.82471,0.82471,0.83984,0.83008,0.82471,0.83496,0.83008,0.84473,0.83008,0.83984,0.83496,0.83008,0.83008,0.8501,0.85986,0.88477,0.89014,0.91504,0.89014,0.875,0.8501,0.81006,0.76514,0.75488,0.79004,0.80469,0.81006,0.81494,0.81982,0.81494,0.82471,0.82471,0.81006,0.81982,0.94482,1.2397,1.48,1.5,1.5,1.2949,0.98486,0.81006,0.76514,0.73975,0.73486,0.72998,0.73975,0.73486,0.74512,0.75488,0.75,0.75488,0.75488,0.76514,0.75488,0.77002,0.76514,0.77979,0.7749,0.78516,0.77979,0.79492,0.78516,0.7998,0.7998,0.81006,0.7998,0.81006,0.80469,0.82471,0.81494,0.82471,0.81982,0.82471,0.83008,0.82471,0.83984,0.83496,0.84473,0.83496,0.8501,0.83984,0.8501,0.84473,0.8501,0.83496,0.8501,0.84473,0.8501,0.83984,0.84473,0.83984,0.8501,0.83984,0.8501,0.83496,0.84473,0.83496,0.84473,0.83984,0.8501,0.84473,0.83984,0.8501,0.83984,0.8501,0.83984,0.8501,0.83984,0.84473,0.83496,0.84473,0.83496,0.84473,0.83984,0.8501,0.83496,0.84473,0.83496,0.83984,0.84473,0.83008,0.83984,0.82471,0.83984,0.83496,0.83984,0.82471,0.83496,0.83008,0.84473,0.82471,0.83008,0.82471,0.83008,0.82471,0.82471,0.83496,0.82471,0.83496,0.82471,0.82471,0.81982,0.82471,0.81494,0.82471,0.81982,0.82471,0.81982,0.83496,0.81982,0.82471,0.82471,0.82471,0.81982,0.82471,0.82471,0.81982,0.81494,0.81982,0.82471,0.81982,0.83496,0.81982,0.82471,0.81494,0.83008,0.82471,0.83008,0.83008,0.83984,0.82471,0.83496,0.83008,0.85498,0.875,0.89014,0.89502,0.89502,0.87012,0.85498,0.81006,0.7749,0.75,0.78516,0.7998,0.79492,0.81494,0.81006,0.81982,0.81494,0.82471,0.7998,0.81006,0.83984,1.0698,1.3496,1.5,1.5,1.5,1.1001,0.89502,0.7749,0.75488,0.73975,0.73975,0.73975,0.74512,0.73975,0.75,0.75488,0.75,0.75977,0.76514,0.7749,0.77002,0.77979,0.78516,0.79492,0.78516,0.7998,0.7998,0.81494,0.80469,0.81982,0.81982,0.83008,0.82471,0.83008,0.82471,0.83008,0.82471,0.83008,0.82471,0.83496,0.83984,0.83496,0.84473,0.83984,0.8501,0.8501,0.85498,0.84473,0.85498,0.8501,0.85498,0.8501,0.85498,0.84473,0.8501,0.84473,0.8501,0.84473,0.8501,0.83984,0.8501,0.83496,0.84473,0.83496,0.83984,0.84473,0.83496,0.84473,0.83496,0.84473,0.83008,0.84473,0.83496,0.84473,0.83984,0.8501,0.83984,0.84473,0.83496,0.84473,0.83984,0.84473,0.83496,0.84473,0.83496,0.84473,0.83008,0.83984,0.83008,0.84473,0.8501,0.84473,0.8501,0.84473,0.8501,0.84473,0.8501,0.84473,0.85498,0.87012,0.89502,0.89502,0.91504,0.90479,0.89014,0.85498,0.82471,0.77002,0.75488,0.7749,0.80469,0.7998,0.82471,0.82471,0.83008,0.83496,0.82471,0.83008,0.80469,0.87012,1.1147,1.4097,1.5,1.5,1.4697,1.105,0.89502,0.7749,0.75,0.75,0.73975,0.75,0.73975,0.75,0.74512,0.75488,0.75488,0.76514,0.75977,0.7749,0.77002,0.77979,0.77979,0.78516,0.79004,0.78516,0.79492,0.7998,0.80469,0.7998,0.81006,0.80469,0.81982,0.81006,0.81982,0.80469,0.81982,0.81494,0.83008,0.82471,0.83496,0.82471,0.84473,0.83984,0.8501,0.8501,0.84473,0.8501,0.83496,0.84473,0.83496,0.8501,0.83984,0.84473,0.83984,0.8501,0.83496,0.84473,0.83984,0.8501,0.83496,0.84473,0.83008,0.83984,0.83008,0.83496,0.82471,0.83008,0.82471,0.83496,0.82471,0.82471,0.83008,0.81982,0.82471,0.83008,0.83496,0.82471,0.83496,0.83008,0.83496,0.82471,0.83008,0.82471,0.83496,0.82471,0.83008,0.81982,0.82471,0.82471,0.83496,0.83008,0.83496,0.81982,0.83008,0.82471,0.83008,0.82471,0.83008,0.83984,0.87012,0.88477,0.89014,0.89502,0.87988,0.87012,0.83984,0.79492,0.75488,0.76514,0.79004,0.7998,0.79492,0.82471,0.81006,0.82471,0.81494,0.81006,0.79492,0.81494,0.89014,1.1797,1.4346,1.5,1.5,1.3296,1.0049,0.82471,0.75,0.73486,0.73975,0.72998,0.73486,0.72998,0.73975,0.73486,0.74512,0.75,0.75977,0.75488,0.75977,0.75488,0.77002,0.76514,0.77979,0.7749,0.77979,0.77979,0.79492,0.7998,0.81006,0.81494,0.81982,0.82471,0.81982,0.82471,0.82471,0.83496,0.83008,0.83984,0.83008,0.83984,0.83496,0.83984,0.83008,0.83984,0.83496,0.83984,0.83008,0.83984,0.83984,0.8501,0.83984,0.84473,0.83496,0.83008,0.84473,0.83008,0.83984,0.83496,0.83008,0.82471,0.83984,0.83008,0.83496,0.83008,0.83496,0.83008,0.83984,0.83008,0.83984,0.82471,0.84473,0.83496,0.84473,0.83496,0.83984,0.83008,0.83984,0.83008,0.83496,0.83984,0.83008,0.83984,0.83008,0.8501,0.83984,0.84473,0.83984,0.8501,0.83496,0.84473,0.83984,0.84473,0.83496,0.84473,0.83496,0.84473,0.83984,0.84473,0.83496,0.8501,0.85986,0.88477,0.89502,0.90479,0.90967,0.87988,0.8501,0.81006,0.75977,0.74512,0.77979,0.79004,0.80469,0.81494,0.82471,0.81982,0.82471,0.81494,0.80469,0.81006,0.89502,1.165,1.4448,1.5,1.5,1.3447,1.0498,0.84473,0.75977,0.73975,0.72998,0.73486,0.72998,0.73975,0.73486,0.75,0.74512,0.75488,0.75,0.75977,0.75488,0.77002,0.75977,0.77979,0.77002,0.77979,0.77979,0.79004,0.78516,0.7998,0.7998,0.80469,0.7998,0.80469,0.81006,0.7998,0.80469,0.7998,0.81494,0.80469,0.81982,0.81494,0.82471,0.81982,0.83008,0.82471,0.83008,0.82471,0.83496,0.82471,0.83496,0.82471,0.83496,0.82471,0.83496,0.82471,0.83008,0.82471,0.83008,0.82471,0.83496,0.83008,0.82471,0.83496,0.82471,0.83496,0.82471,0.83008,0.82471,0.83008,0.82471,0.83008,0.82471,0.83008,0.82471,0.82471,0.81982,0.82471,0.81494,0.82471,0.81982,0.82471,0.81982,0.81494,0.82471,0.82471,0.82471,0.82471,0.83008,0.82471,0.83008,0.82471,0.83008,0.82471,0.82471,0.82471,0.82471,0.81982,0.82471,0.82471,0.84473,0.83496,0.83984,0.83008,0.83496,0.8501,0.875,0.875,0.89014,0.875,0.8501,0.81494,0.77002,0.7251,0.73975,0.7749,0.77979,0.79492,0.7998,0.81006,0.80469,0.81494,0.7998,0.79004,0.80469,0.93994,1.23,1.48,1.5,1.5,1.2148,0.96973,0.78516,0.73975,0.7251,0.71973,0.71484,0.72998,0.73486,0.7251,0.72998,0.73975,0.75,0.73486,0.75488,0.75488,0.75488,0.75488,0.77002,0.75977,0.77979,0.77979,0.79492,0.78516,0.7998,0.7998,0.81006,0.7998,0.81006,0.81982,0.81006,0.7998,0.80469,0.81006,0.80469,0.82471,0.81982,0.81494,0.81982,0.83008,0.81982,0.82471,0.82471,0.83008,0.81006,0.82471,0.81982,0.83496,0.83008,0.83984,0.82471,0.83008,0.82471,0.83496,0.81982,0.82471,0.81006,0.82471,0.82471,0.81982,0.81494,0.82471,0.81982,0.81494,0.82471,0.81006,0.81006,0.81006,0.82471,0.81494,0.82471,0.81494,0.81982,0.81982,0.82471,0.81006,0.82471,0.81006,0.82471,0.81494,0.82471,0.81494,0.82471,0.81982,0.82471,0.83008,0.82471,0.83496,0.82471,0.83984,0.83496,0.84473,0.84473,0.86475,0.87012,0.88477,0.88477,0.89502,0.875,0.86475,0.82471,0.78516,0.75488,0.79004,0.7998,0.81494,0.82471,0.81982,0.82471,0.82471,0.83008,0.81982,0.81494,0.83984,1.02,1.3096,1.5,1.5,1.5,1.1851,0.93506,0.79004,0.76514,0.73975,0.75,0.73975,0.75488,0.74512,0.75488,0.75,0.75977,0.75488,0.76514,0.7749,0.77002,0.77979,0.77979,0.79004,0.77979,0.7998,0.79004,0.7998,0.7998,0.81494,0.81006,0.81982,0.81006,0.82471,0.81982,0.82471,0.81982,0.82471,0.82471,0.83008,0.83008,0.84473,0.83984,0.8501,0.84473,0.8501,0.84473,0.83984,0.8501,0.83984,0.84473,0.83984,0.8501,0.83984,0.8501,0.84473,0.8501,0.83984,0.8501,0.83984,0.8501,0.83984,0.84473,0.83496,0.84473,0.83984,0.84473,0.83984,0.8501,0.84473,0.84473,0.8501,0.83984,0.8501,0.83496,0.83984,0.83496,0.84473,0.83008,0.83984,0.82471,0.83496,0.83496,0.84473,0.83496,0.84473,0.83008,0.83984,0.83008,0.83984,0.83008,0.83496,0.83008,0.83984,0.83496,0.84473,0.83984,0.83496,0.84473,0.83496,0.84473,0.83496,0.87012,0.88477,0.89502,0.8999,0.90479,0.87012,0.8501,0.79492,0.75977,0.74512,0.78516,0.79492,0.80469,0.81006,0.82471,0.81494,0.82471,0.82471,0.81006,0.81494,0.90479,1.1748,1.4448,1.5,1.5,1.3496,1.0498,0.85498,0.75977,0.75,0.73486,0.73975,0.73486,0.74512,0.74512,0.75488,0.75488,0.76514,0.75977,0.77002,0.75977,0.77979,0.77979,0.77979,0.79004,0.78516,0.79492,0.7998,0.80469,0.7998,0.81494,0.81006,0.81982,0.81494,0.82471,0.81494,0.82471,0.81494,0.82471,0.82471,0.83984,0.83496,0.8501,0.84473,0.8501,0.84473,0.8501,0.84473,0.8501,0.8501,0.8501,0.85986,0.8501,0.85498,0.84473,0.8501,0.84473,0.8501,0.83496,0.8501,0.83984,0.8501,0.84473,0.8501,0.83496,0.84473,0.83496,0.83984,0.83496,0.83984,0.83496,0.83984,0.83008,0.83984,0.83496,0.84473,0.83496,0.83008,0.84473,0.83496,0.83496,0.83008,0.83984,0.83008,0.84473,0.83008,0.83984,0.83496,0.83984,0.83008,0.84473,0.83496,0.84473,0.83496,0.84473,0.83984,0.8501,0.84473,0.8501,0.83984,0.8501,0.875,0.88477,0.89014,0.88477,0.90967,0.88477,0.87012,0.83008,0.78516,0.75488,0.79004,0.80469,0.81982,0.81494,0.83008,0.82471,0.83984,0.82471,0.82471,0.7998,0.83496,1,1.3047,1.5,1.5,1.5,1.1797,0.93994,0.79492,0.75488,0.75,0.73975,0.73486,0.75,0.73975,0.75488,0.75,0.75488,0.75488,0.7749,0.76514,0.77979,0.7749,0.77979,0.79004,0.7998,0.79004,0.7998,0.81006,0.81982,0.82471,0.81982,0.82471,0.82471,0.83008,0.82471,0.83984,0.82471,0.83008,0.83008,0.84473,0.83496,0.84473,0.83008,0.8501,0.83496,0.84473,0.83496,0.8501,0.84473,0.8501,0.84473,0.8501,0.85498,0.8501,0.85498,0.8501,0.85498,0.8501,0.85498,0.8501,0.84473,0.84473,0.8501,0.84473,0.8501,0.84473,0.8501,0.84473,0.8501,0.83984,0.8501,0.84473,0.8501,0.83984,0.8501,0.83984,0.84473,0.84473,0.8501,0.84473,0.8501,0.84473,0.8501,0.8501,0.84473,0.8501,0.8501,0.8501,0.84473,0.8501,0.84473,0.8501,0.84473,0.8501,0.84473,0.85498,0.8501,0.85498,0.8501,0.85498,0.8501,0.85986,0.875,0.89502,0.90479,0.91992,0.90967,0.89502,0.87012,0.82471,0.77979,0.75488,0.78516,0.80469,0.81982,0.82471,0.83984,0.83008,0.83984,0.83496,0.82471,0.81982,0.875,1.1147,1.4048,1.5,1.5,1.5,1.1196,0.91504,0.78516,0.75,0.75,0.73486,0.72998,0.73975,0.73486,0.75488,0.75,0.75488,0.75488,0.76514,0.75977,0.7749,0.76514,0.77979,0.7749,0.78516,0.78516,0.79492,0.7998,0.80469,0.81006,0.80469,0.81982,0.81006,0.81982,0.81494,0.82471,0.81494,0.82471,0.81982,0.83008,0.82471,0.83496,0.83496,0.8501,0.84473,0.8501,0.83984,0.8501,0.84473,0.8501,0.84473,0.8501,0.84473,0.8501,0.83984,0.84473,0.83984,0.84473,0.83496,0.83984,0.84473,0.83496,0.8501,0.83984,0.8501,0.84473,0.8501,0.83496,0.84473,0.83496,0.84473,0.83008,0.83984,0.83008,0.83984,0.82471,0.83984,0.83496,0.84473,0.83496,0.83984,0.83496,0.83984,0.83496,0.83984,0.83008,0.83496,0.84473,0.83008,0.84473,0.83496,0.83984,0.83984,0.84473,0.83496,0.84473,0.83984,0.84473,0.83496,0.8501,0.83984,0.8501,0.84473,0.86475,0.875,0.8999,0.90479,0.8999,0.87988,0.85986,0.81494,0.7749,0.75488,0.7749,0.80469,0.81006,0.82471,0.82471,0.83496,0.83008,0.83984,0.81982,0.82471,0.84473,1.0601,1.3599,1.5,1.5,1.5,1.1396,0.9248,0.77979,0.75488,0.74512,0.73975,0.74512,0.73486,0.74512,0.73975,0.75488,0.75488,0.76514,0.75488,0.77002,0.76514,0.77979,0.7749,0.77979,0.77979,0.79492,0.79004,0.80469,0.7998,0.81494,0.81006,0.82471,0.82471,0.82471,0.81982,0.82471,0.81982,0.81494,0.82471,0.81982,0.83496,0.83008,0.8501,0.83496,0.8501,0.83984,0.84473,0.83984,0.84473,0.83008,0.83984,0.83008,0.83984,0.83008,0.82471,0.83496,0.83984,0.82471,0.83496,0.82471,0.83008,0.83496,0.82471,0.83008,0.81494,0.82471,0.81982,0.83496,0.82471,0.82471,0.81494,0.82471,0.81982,0.83496,0.82471,0.83008,0.82471,0.83008,0.81982,0.82471,0.81982,0.83008,0.82471,0.83008,0.83496,0.82471,0.81982,0.82471,0.83496,0.82471,0.83008,0.82471,0.83496,0.82471,0.83008,0.82471,0.83496,0.82471,0.8501,0.86475,0.87988,0.875,0.8999,0.87012,0.85986,0.81982,0.77979,0.75,0.77002,0.79004,0.81006,0.81982,0.81006,0.81982,0.81494,0.82471,0.81982,0.80469,0.7998,0.93994,1.2397,1.4849,1.5,1.5,1.2798,0.9751,0.81006,0.75977,0.73975,0.73975,0.72998,0.73486,0.73486,0.75,0.75488,0.75977,0.76514,0.75488,0.76514,0.75977,0.7749,0.77002,0.77979,0.79004,0.7998,0.79492,0.7998,0.7998,0.81494,0.80469,0.82471,0.81494,0.82471,0.81982,0.83496,0.82471,0.83496,0.83008,0.83496,0.83008,0.83984,0.84473,0.83984,0.8501,0.83984,0.8501,0.84473,0.85498,0.8501,0.85498,0.8501,0.85498,0.8501,0.85498,0.8501,0.85986,0.85498,0.85986,0.8501,0.85986,0.85498,0.85986,0.85498,0.85498,0.8501,0.85498,0.85986,0.8501,0.85986,0.85498,0.85986,0.8501,0.85498,0.8501,0.85498,0.84473,0.85498,0.84473,0.8501,0.84473,0.8501,0.8501,0.8501,0.84473,0.8501,0.83496,0.8501,0.84473,0.8501,0.84473,0.85498,0.8501,0.8501,0.8501,0.84473,0.8501,0.84473,0.8501,0.84473,0.8501,0.84473,0.85498,0.8501,0.88477,0.89502,0.90967,0.90479,0.89502,0.87012,0.84473,0.79004,0.75977,0.75488,0.79492,0.80469,0.82471,0.82471,0.83008,0.83496,0.83008,0.83984,0.81494,0.83496,0.95508,1.2446,1.4897,1.5,1.5,1.2749,1.0146,0.83008,0.75977,0.75488,0.73975,0.74512,0.73486,0.75,0.74512,0.75488,0.75977,0.76514,0.75977,0.76514,0.7749,0.77002,0.77979,0.7749,0.78516,0.78516,0.79492,0.7998,0.81006,0.80469,0.81982,0.81006,0.82471,0.81494,0.82471,0.81982,0.82471,0.81982,0.82471,0.82471,0.83496,0.83984,0.83496,0.8501,0.84473,0.8501,0.84473,0.8501,0.84473,0.8501,0.84473,0.8501,0.84473,0.8501,0.83984,0.84473,0.83496,0.84473,0.83496,0.8501,0.84473,0.8501,0.84473,0.85986,0.8501,0.8501,0.83984,0.84473,0.83008,0.83984,0.83008,0.83496,0.83008,0.82471,0.83496,0.82471,0.82471,0.83008,0.83496,0.83008,0.83008,0.82471,0.82471,0.82471,0.83008,0.82471,0.83496,0.83008,0.83496,0.82471,0.83984,0.82471,0.83008,0.82471,0.83496,0.83008,0.83984,0.84473,0.83008,0.83496,0.83008,0.83496,0.82471,0.83496,0.83008,0.87012,0.87988,0.89014,0.88477,0.89502,0.86475,0.84473,0.79492,0.76514,0.75977,0.79492,0.7998,0.82471,0.81494,0.82471,0.83008,0.82471,0.81982,0.80469,0.81006,0.87988,1.1499,1.4146,1.5,1.5,1.3896,1.04,0.85986,0.75977,0.74512,0.73486,0.74512,0.73486,0.74512,0.73975,0.75,0.75,0.75488,0.75488,0.76514,0.75977,0.7749,0.77979,0.77002,0.78516,0.79004,0.78516,0.7998,0.80469,0.7998,0.81006,0.81982,0.82471,0.82471,0.82471,0.81982,0.81982,0.81982,0.83984,0.82471,0.83496,0.82471,0.83008,0.83496,0.83008,0.82471,0.83496,0.83984,0.82471,0.84473,0.83496,0.83984,0.83496,0.84473,0.83496,0.83984,0.83984,0.84473,0.82471,0.83008,0.83496,0.83984,0.82471,0.83984,0.83008,0.83008,0.82471,0.82471,0.82471,0.83008,0.82471,0.82471,0.81982,0.82471,0.81982,0.82471,0.82471,0.83008,0.83496,0.82471,0.83496,0.82471,0.83496,0.82471,0.83496,0.82471,0.83984,0.83496,0.84473,0.83984,0.8501,0.83984,0.8501,0.83984,0.8501,0.83984,0.84473,0.83984,0.8501,0.85498,0.875,0.89502,0.89014,0.91992,0.90479,0.89014,0.87012,0.83496,0.77979,0.77002,0.79492,0.82471,0.81982,0.83984,0.83496,0.84473,0.83496,0.8501,0.82471,0.83008,0.86475,1.1001,1.395,1.5,1.5,1.5,1.1348,0.91504,0.79492,0.76514,0.75488,0.74512,0.75488,0.75,0.75977,0.75488,0.77002,0.76514,0.77979,0.7749,0.77979,0.77979,0.79004,0.79004,0.7998,0.7998,0.80469,0.81006,0.80469,0.81982,0.81494,0.83008,0.82471,0.83008,0.82471,0.83008,0.82471,0.83496,0.82471,0.83984,0.83984,0.8501,0.84473,0.85498,0.8501,0.85498,0.8501,0.85498,0.84473,0.8501,0.8501,0.85498,0.8501,0.85498,0.85986,0.8501,0.85986,0.8501,0.85498,0.8501,0.85498,0.84473,0.8501,0.84473,0.8501,0.84473,0.8501,0.83984,0.8501,0.83984,0.84473,0.83496,0.8501,0.83496,0.84473,0.83496,0.83984,0.83496,0.83984,0.83008,0.83984,0.84473,0.83008,0.83984,0.83008,0.83984,0.83008,0.83984,0.83496,0.84473,0.83496,0.84473,0.83984,0.8501,0.83984,0.84473,0.83496,0.84473,0.83496,0.84473,0.83496,0.83984,0.83496,0.83984,0.8501,0.87988,0.89502,0.90479,0.90967,0.89014,0.87012,0.83008,0.79004,0.74512,0.75977,0.79004,0.80469,0.81006,0.82471,0.82471,0.83496,0.83008,0.83008,0.7998,0.83008,0.93506,1.25,1.48,1.5,1.5,1.2549,1,0.81494,0.75977,0.74512,0.73975,0.73486,0.74512,0.73975,0.75,0.74512,0.75488,0.75,0.75977,0.75977,0.7749,0.76514,0.77979,0.7749,0.78516,0.77979,0.79004,0.79004,0.7998,0.80469,0.7998,0.81494,0.7998,0.81982,0.81006,0.81982,0.81006,0.81982,0.81006,0.82471,0.82471,0.83008,0.82471,0.83496,0.83008,0.83984,0.83496,0.84473,0.83496,0.8501,0.8501,0.8501,0.83984,0.8501,0.83984,0.84473,0.83496,0.83008,0.84473,0.83496,0.83984,0.83496,0.83008,0.82471,0.83008,0.82471,0.83496,0.82471,0.83496,0.82471,0.83496,0.82471,0.83008,0.82471,0.82471,0.81494,0.82471,0.82471,0.82471,0.82471,0.83008,0.83496,0.81982,0.82471,0.81982,0.83008,0.81982,0.83008,0.82471,0.83008,0.83496,0.83984,0.83008,0.83008,0.82471,0.83496,0.82471,0.84473,0.83496,0.83008,0.83984,0.84473,0.83984,0.85498,0.86475,0.87988,0.89502,0.8999,0.88477,0.86475,0.83008,0.78516,0.75,0.76514,0.80469,0.80469,0.81982,0.81982,0.82471,0.81982,0.82471,0.81982,0.81494,0.81982,0.93506,1.21,1.4648,1.5,1.5,1.2847,0.98486,0.81982,0.75977,0.73975,0.74512,0.73486,0.72998,0.74512,0.75,0.74512,0.75488,0.76514,0.75488,0.75488,0.75977,0.77979,0.77002,0.77979,0.77979,0.79004,0.79492,0.7998,0.79492,0.81494,0.81006,0.81982,0.83008,0.82471,0.83008,0.83496,0.82471,0.82471,0.84473,0.83496,0.84473,0.83496,0.84473,0.83496,0.83984,0.83496,0.8501,0.83984,0.8501,0.83496,0.84473,0.83984,0.8501,0.83984,0.8501,0.83984,0.8501,0.84473,0.84473,0.8501,0.84473,0.8501,0.84473,0.8501,0.84473,0.8501,0.84473,0.8501,0.84473,0.8501,0.8501,0.85498,0.84473,0.85498,0.8501,0.86475,0.875,0.8999,0.90479,0.91992,0.89502,0.88477,0.85498,0.81006,0.76514,0.75488,0.7998,0.80469,0.82471,0.82471
