1.2659,1.2502,1.2356,1.2219,1.2121,1.2033,1.1935,1.1828,1.174,1.1652,1.1544,1.1427,1.1329,1.1281,1.131,1.1457,1.174,1.217,1.2727,1.3402,1.4066,1.4731,1.5455,1.6178,1.6852,1.7419,1.783,1.8074,1.8152,1.8084,1.7898,1.7634,1.7292,1.695,1.6608,1.6217,1.5777,1.5318,1.4868,1.4457,1.4086,1.3724,1.3372,1.306,1.2835,1.2708,1.2639,1.263,1.2688,1.2776,1.2874,1.2991,1.3128,1.3245,1.3363,1.348,1.3578,1.3646,1.3675,1.3666,1.3392,1.3011,1.2796,1.263,1.2522,1.2434,1.2336,1.2229,1.2121,1.2004,1.1916,1.1848,1.176,1.1672,1.1593,1.1496,1.1398,1.132,1.1251,1.1202,1.1163,1.1124,1.1105,1.1124,1.1183,1.1241,1.13,1.1349,1.1388,1.1398,1.1398,1.1398,1.1398,1.1417,1.1427,1.1457,1.1505,1.1544,1.1564,1.1574,1.1603,1.1652,1.1691,1.1711,1.172,1.172,1.172,1.172,1.175,1.1789,1.1808,1.1818,1.1828,1.1828,1.1828,1.1828,1.1828,1.1828,1.1857,1.1916,1.1975,1.2033,1.2092,1.2141,1.219,1.2239,1.2278,1.2326,1.2366,1.2414,1.2473,1.2522,1.261,1.2698,1.2766,1.2845,1.2942,1.3021,1.3089,1.3177,1.3275,1.3372,1.3451,1.3519,1.3578,1.3636,1.3695,1.3724,1.3734,1.3773,1.3822,1.3871,1.393,1.3998,1.4076,1.4145,1.4203,1.4262,1.4291,1.4291,1.4311,1.436,1.4497,1.4819,1.5435,1.6422,1.7771,1.9462,2.1408,2.347,2.5239,2.6794,2.8416,2.9932,3.1241,3.2326,3.3196,3.3881,3.436,3.4663,3.4809,3.4839,3.4741,3.4585,3.4448,3.4291,3.4086,3.3822,3.35,3.3138,3.2737,3.2258,3.172,3.1124,3.0469,2.9795,2.9091,2.8289,2.741,2.6471,2.5494,2.4526,2.3597,2.2727,2.1955,2.1281,2.0714,2.0274,1.9912,1.957,1.9277,1.9022,1.8847,1.87,1.8563,1.8436,1.8289,1.8133,1.7967,1.7801,1.7644,1.7478,1.7292,1.7136,1.697,1.6774,1.6569,1.6383,1.6188,1.5992,1.5806,1.5621,1.5455,1.5327,1.52,1.5044,1.4888,1.4721,1.4555,1.4409,1.4291,1.4194,1.4106,1.4018,1.3939,1.3891,1.3832,1.3763,1.3685,1.3607,1.3539,1.347,1.3421,1.3402,1.3392,1.3372,1.3333,1.3314,1.3304,1.3255,1.3187,1.3128,1.3079,1.306,1.305,1.304,1.304,1.304,1.304,1.305,1.3089,1.3118,1.3138,1.3148,1.3118,1.3079,1.306,1.3089,1.3265,1.3656,1.4321,1.5308,1.6373,1.7546,1.9032,2.0665,2.2307,2.3891,2.5337,2.6588,2.7615,2.8416,2.9013,2.9453,2.9765,2.9892,2.9892,2.9863,2.9795,2.9707,2.9589,2.9433,2.9218,2.8974,2.868,2.8319,2.7908,2.7468,2.6999,2.6461,2.5855,2.5161,2.4399,2.3587,2.2757,2.1906,2.045,1.8768,1.7674,1.6921,1.6403,1.6022,1.5709,1.5474,1.5279,1.5122,1.5024,1.4946,1.4868,1.478,1.4682,1.4585,1.4506,1.4418,1.4291,1.4125,1.3949,1.3763,1.3597,1.3441,1.3284,1.3138,1.2991,1.2845,1.2708,1.259,1.2454,1.2278,1.2102,1.1926,1.1779,1.1662,1.1554,1.1447,1.1349,1.1251,1.1153,1.1095,1.1056,1.0997,1.0938,1.088,1.0802,1.0714,1.0635,1.0567,1.0508,1.0479,1.0469,1.0459,1.0479,1.0489,1.0489,1.0489,1.0489,1.0489,1.0499,1.0518,1.0528,1.0528,1.0518,1.0489,1.0489,1.0508,1.0518,1.0528,1.0528,1.0528,1.0528,1.0528,1.0528,1.0518,1.0508,1.0547,1.0626,1.0802,1.1183,1.1799,1.2678,1.3803,1.5103,1.651,1.7947,1.9335,2.0606,2.1701,2.261,2.3245,2.3685,2.4057,2.434,2.4526,2.4624,2.4633,2.4575,2.4457,2.4272,2.4076,2.3871,2.3636,2.3372,2.3089,2.2776,2.2434,2.2033,2.1564,2.1036,2.043,1.9775,1.9071,1.8348,1.7615,1.6979,1.6422,1.5855,1.5327,1.4858,1.4457,1.4145,1.3891,1.3695,1.3558,1.347,1.3402,1.3353,1.3304,1.3236,1.3138,1.3021,1.2884,1.2747,1.261,1.2454,1.2297,1.2141,1.1984,1.1808,1.1662,1.1525,1.1359,1.1183,1.0997,1.0811,1.0645,1.0518,1.0391,1.0254,1.0127,1.002,0.99413,0.98729,0.97947,0.97067,0.96285,0.95503,0.94624,0.93842,0.93157,0.92669,0.9218,0.91691,0.91105,0.90616,0.90518,0.90518,0.90225,0.89834,0.89638,0.89541,0.89541,0.89541,0.89541,0.89541,0.89541,0.89736,0.90127,0.90323,0.9042,0.9042,0.9042,0.9042,0.9042,0.9042,0.9042,0.9042,0.9042,0.9042,0.90518,0.90714,0.91105,0.9218,0.94819,0.99413,1.0665,1.1662,1.2903,1.4291,1.5748,1.7204,1.8426,1.9433,2.0411,2.1261,2.1935,2.2444,2.2786,2.3001,2.3089,2.3089,2.3001,2.2854,2.2659,2.2444,2.2219,2.1984,2.172,2.1408,2.1065,2.0665,2.0186,1.9648,1.9042,1.8387,1.7683,1.7048,1.6452,1.5806,1.5171,1.4565,1.4008,1.3509,1.3109,1.2815,1.261,1.2463,1.2366,1.2307,1.2278,1.2248,1.2209,1.217,1.2141,1.2111,1.2072,1.2043,1.2033,1.2023,1.2004,1.1965,1.1916,1.1867,1.1799,1.2151,1.2717,1.2933,1.2981,1.2952,1.2874,1.2757,1.262,1.2493,1.2366,1.2278,1.2199,1.2121,1.2053,1.1984,1.1916,1.1857,1.1828,1.1828,1.1838,1.1848,1.1818,1.1808,1.1799,1.1779,1.1769,1.1779,1.1818,1.1867,1.1887,1.1887,1.1887,1.1887,1.1887,1.1896,1.1935,1.1975,1.1994,1.2004,1.2004,1.2004,1.2004,1.2004,1.2004,1.2004,1.2004,1.1994,1.1984,1.1994,1.2004,1.2023,1.2151,1.2502,1.3148,1.4125,1.5425,1.7028,1.8837,2.0723,2.2366,2.3822,2.5327,2.6745,2.7996,2.9032,2.9844,3.043,3.0831,3.1056,3.1153,3.1163,3.1085,3.0929,3.0723,3.0538,3.0332,3.0098,2.9814,2.9472,2.9062,2.8563,2.7986,2.7331,2.6608,2.5894,2.5181,2.437,2.349,2.2561,2.1642,2.0772,1.998,1.9277,1.8671,1.8152,1.7722,1.737,1.7126,1.696,1.6813,1.6676,1.6549,1.6422,1.6305,1.6178,1.6061,1.5924,1.5767,1.5601,1.5455,1.5318,1.5191,1.5064,1.4917,1.4751,1.4575,1.4399,1.4203,1.4018,1.3861,1.3724,1.3587,1.349,1.3412,1.3314,1.3206,1.3089,1.2972,1.2854,1.2747,1.2649,1.2571,1.2502,1.2405,1.2326,1.2268,1.2209,1.2151,1.2111,1.2092,1.2082,1.2072,1.2072,1.2072,1.2072,1.2053,1.2033,1.2033,1.2033,1.2023,1.2014,1.2014,1.2014,1.2014,1.2014,1.2014,1.2023,1.2043,1.2053,1.2072,1.2102,1.2102,1.2082,1.2092,1.218,1.2454,1.2972,1.3803,1.5024,1.6598,1.8436,2.0401,2.2111,2.3607,2.5122,2.652,2.7732,2.8749,2.956,3.0137,3.0489,3.0674,3.0733,3.0694,3.0547,3.0352,3.0166,2.9951,2.9687,2.9394,2.9062,2.869,2.824,2.7742,2.7195,2.6559,2.5846,2.5152,2.4438,2.3617,2.2717,2.1779,2.0841,1.9932,1.9071,1.828,1.7576,1.6979,1.6491,1.6129,1.5875,1.567,1.5523,1.5415,1.5298,1.5152,1.4985,1.4809,1.4633,1.4457,1.4282,1.4115,1.3998,1.391,1.3803,1.3675,1.3539,1.3372,1.3206,1.304,1.2874,1.2708,1.2571,1.2405,1.2268,1.217,1.2053,1.1935,1.1838,1.172,1.1603,1.1515,1.1437,1.1369,1.131,1.1251,1.1202,1.1193,1.1193,1.1163,1.1114,1.1056,1.0997,1.0968,1.0958,1.0919,1.0684,1.0362,1.0186,1.0127,1.0108,1.0098,1.0108,1.0117,1.0137,1.0176,1.0215,1.0244,1.0293,1.0342,1.0401,1.0469,1.0547,1.0606,1.0635,1.0635,1.0616,1.0626,1.0704,1.0919,1.1349,1.2092,1.3167,1.4585,1.6022,1.7527,1.9326,2.1241,2.3118,2.4848,2.6334,2.7566,2.8563,2.9335,2.9883,3.0244,3.0411,3.045,3.044,3.0381,3.0254,3.0078,2.9873,2.9629,2.9335,2.8974,2.8573,2.8123,2.7615,2.7077,2.6491,2.5826,2.5083,2.4252,2.3363,2.2424,2.1496,2.0616,1.9756,1.8954,1.826,1.7722,1.7302,1.695,1.6667,1.6452,1.6285,1.6139,1.6022,1.5924,1.5816,1.5699,1.5562,1.5396,1.522,1.5064,1.4897,1.4721,1.4545,1.437,1.4194,1.3998,1.3783,1.3558,1.3343,1.3157,1.304,1.2952,1.2815,1.2659,1.2493,1.2317,1.217,1.2043,1.1916,1.1789,1.1672,1.1554,1.1447,1.1378,1.1329,1.1281,1.1222,1.1183,1.1163,1.1134,1.1105,1.1095,1.1085,1.1095,1.1114,1.1144,1.1173,1.1183,1.1193,1.1193,1.1193,1.1183,1.1163,1.1153,1.1144,1.1144,1.1144,1.1144,1.1153,1.1163,1.1134,1.1095,1.1036,1.1007,1.1046,1.1163,1.1447,1.1975,1.2805,1.3959,1.5171,1.6491,1.8162,1.999,2.1828,2.3558,2.5112,2.6422,2.7478,2.8299,2.8876,2.9228,2.9413,2.9462,2.9423,2.9374,2.9326,2.9257,2.915,2.8993,2.8778,2.8495,2.8143,2.7742,2.7273,2.6774,2.6237,2.563,2.4966,2.4233,2.3421,2.2561,1.2522,1.2454,1.2405,1.2366,1.2336,1.2307,1.2297,1.2287,1.2268,1.2239,1.2209,1.218,1.2151,1.2131,1.2151,1.218,1.2199,1.2219,1.2229,1.2239,1.2239,1.2239,1.2239,1.2239,1.2239,1.2239,1.2239,1.2239,1.2239,1.2248,1.2258,1.2258,1.2258,1.2258,1.2258,1.2258,1.2258,1.2258,1.2258,1.2258,1.2258,1.2268,1.2278,1.2278,1.2278,1.2278,1.2278,1.2287,1.2326,1.2414,1.26,1.2923,1.3392,1.4008,1.4624,1.5249,1.6002,1.6804,1.7586,1.8299,1.8925,1.9453,1.9883,2.0235,2.0489,2.0674,2.0762,2.0792,2.0811,2.0811,2.0782,2.2952,2.6178,2.7683,2.8299,2.8446,2.8289,2.7947,2.7507,2.7009,2.6481,2.5885,2.522,2.4477,2.3675,2.2854,2.2014,2.1163,2.0323,1.9521,1.8778,1.8025,1.7439,1.7038,1.6647,1.6295,1.6002,1.5758,1.5543,1.5337,1.5142,1.4946,1.4751,1.4575,1.4428,1.4272,1.4076,1.3861,1.3636,1.3402,1.3177,1.2972,1.2786,1.262,1.2454,1.2278,1.2141,1.2023,1.1877,1.172,1.1564,1.1427,1.13,1.1173,1.1065,1.0978,1.088,1.0782,1.0714,1.0674,1.0655,1.0626,1.0567,1.0479,1.0381,1.0274,1.0176,1.0098,1.0049,1.0029,1.0029,1.0049,1.0059,1.0039,1.002,1.001,1.001,1.001,1.001,1.001,1.001,1.002,1.0049,1.0088,1.0137,1.0186,1.0205,1.0186,1.0156,1.0117,1.0068,1.0049,1.0098,1.0264,1.0606,1.1183,1.1867,1.2698,1.3812,1.5112,1.652,1.7947,1.9306,2.0538,2.1613,2.2512,2.3206,2.3734,2.4057,2.4233,2.434,2.4379,2.437,2.4291,2.4154,2.3978,2.3763,2.3529,2.3284,2.3021,2.2698,2.2346,2.1975,2.1525,2.0997,2.0401,1.9765,1.9101,1.8407,1.7732,1.7087,1.6461,1.5894,1.5445,1.5083,1.478,1.4545,1.437,1.4242,1.4154,1.4086,1.4027,1.3978,1.3949,1.3939,1.391,1.3881,1.3851,1.3812,1.3724,1.3627,1.3539,1.3421,1.3304,1.3196,1.3109,1.304,1.2972,1.2913,1.2864,1.2786,1.2708,1.262,1.2522,1.2424,1.2336,1.2239,1.217,1.2111,1.2033,1.1945,1.1877,1.1818,1.174,1.1652,1.1574,1.1525,1.1486,1.1447,1.1427,1.1417,1.1388,1.1349,1.1339,1.1359,1.1369,1.1378,1.1378,1.1378,1.1378,1.1378,1.1388,1.1417,1.1447,1.1466,1.1476,1.1476,1.1466,1.1437,1.1398,1.1378,1.1408,1.1505,1.174,1.217,1.2835,1.3783,1.4976,1.6149,1.7312,1.8671,2.0088,2.1447,2.2678,2.3734,2.4594,2.5269,2.5777,2.6119,2.6354,2.651,2.6549,2.652,2.6481,2.6403,2.6295,2.6168,2.6012,2.5816,2.5582,2.5318,2.5005,2.4633,2.4233,2.3803,2.3304,2.2737,2.2092,2.1398,2.0655,1.9892,1.913,1.8377,1.7664,1.7019,1.6452,1.6031,1.5699,1.5415,1.5181,1.4966,1.479,1.4643,1.4497,1.435,1.4213,1.4066,1.3949,1.3871,1.3783,1.3666,1.3529,1.3392,1.3245,1.3099,1.2952,1.2805,1.2659,1.2502,1.2326,1.2141,1.2004,1.1887,1.174,1.1603,1.1496,1.1398,1.1271,1.1173,1.1105,1.1026,1.0968,1.0909,1.088,1.087,1.0841,1.0802,1.0753,1.0704,1.0655,1.0606,1.0547,1.0469,1.0391,1.0332,1.0274,1.0244,1.0235,1.0205,1.0166,1.0117,1.0088,1.0059,1.0039,1.0059,1.0068,1.0068,1.0068,1.0068,1.0068,1.0049,1.0029,1.002,1.0059,1.0225,1.0587,1.1202,1.2082,1.3226,1.4585,1.61,1.7449,1.868,1.999,2.1251,2.2395,2.3363,2.4125,2.4702,2.5112,2.5386,2.5562,2.565,2.563,2.5552,2.5445,2.5318,2.5122,2.4927,2.478,2.4585,2.433,2.4027,2.3656,2.3206,2.2757,2.2268,2.1681,2.1026,2.0303,1.9541,1.8759,1.7977,1.7058,1.6256,1.5718,1.521,1.477,1.4438,1.4184,1.3959,1.3773,1.3627,1.3509,1.3421,1.3314,1.3196,1.3089,1.2991,1.2854,1.2727,1.261,1.2463,1.2317,1.217,1.2014,1.1838,1.1662,1.1505,1.1349,1.1193,1.0997,1.0782,1.0596,1.045,1.0274,1.0088,0.99218,0.97654,0.95992,0.94428,0.9306,0.91789,0.90518,0.89443,0.88759,0.8827,0.87586,0.86706,0.85924,0.85142,0.84555,0.84066,0.83578,0.82991,0.82307,0.81916,0.81525,0.81525,0.8172,0.81916,0.82307,0.83089,0.84066,0.84751,0.85435,0.86413,0.87195,0.87781,0.8827,0.89052,0.89638,0.90518,0.92571,0.9609,1.0147,1.0929,1.1955,1.3187,1.4575,1.607,1.7576,1.8847,1.9951,2.1056,2.2043,2.2884,2.3558,2.4076,2.4457,2.4721,2.4897,2.5024,2.5103,2.5103,2.5073,2.5073,2.5073,2.5064,2.5024,2.4936,2.479,2.4555,2.4262,2.39,2.347,2.2942,2.2414,2.1857,2.1212,2.0518,1.9824,1.914,1.8504,1.7967,1.7546,1.7195,1.6921,1.6716,1.6549,1.6393,1.6227,1.607,1.5934,1.5816,1.5709,1.5611,1.5513,1.5415,1.5318,1.5191,1.5054,1.4936,1.4829,1.4721,1.4604,1.4506,1.4418,1.434,1.4262,1.4194,1.4135,1.4086,1.4037,1.3998,1.3969,1.393,1.3881,1.3832,1.3812,1.3822,1.3851,1.3891,1.3939,1.3998,1.4076,1.4164,1.4242,1.4311,1.437,1.4409,1.4438,1.5142,1.6178,1.6725,1.7009,1.7136,1.7204,1.7253,1.7273,1.7283,1.7292,1.7292,1.7292,1.7292,1.7292,1.7292,1.7283,1.7253,1.7204,1.7155,1.7146,1.7195,1.7341,1.7693,1.8309,1.9208,2.0411,2.1848,2.3421,2.5073,2.6696,2.8182,2.9472,3.0391,3.1075,3.173,3.2297,3.2747,3.3089,3.3363,3.3578,3.3773,3.3949,3.4135,3.4311,3.4389,3.4399,3.4418,3.4399,3.4291,3.4086,3.3793,3.3412,3.2972,3.2483,3.1935,3.13,3.0587,2.9873,2.913,2.8289,2.741,2.6549,2.5767,2.5083,2.4516,2.4066,2.3715,2.3431,2.3177,2.2952,2.2757,2.259,2.2454,2.2307,2.2151,2.1984,2.1789,2.1574,2.131,2.1026,2.0753,2.0499,2.0303,2.0137,1.9971,1.9804,1.9638,1.9472,1.9306,1.9159,1.9003,1.8807,1.8602,1.8387,1.8201,1.8025,1.7849,1.7703,1.7576,1.7458,1.7361,1.7273,1.7175,1.7067,1.696,1.6852,1.6745,1.6667,1.6608,1.654,1.6432,1.6295,1.6149,1.5992,1.5826,1.5679,1.5552,1.5415,1.5269,1.5152,1.5064,1.4936,1.4761,1.4565,1.436,1.4154,1.3969,1.3793,1.3627,1.349,1.3402,1.3412,1.3558,1.3881,1.4467,1.5376,1.6569,1.8006,1.9609,2.1241,2.2796,2.4174,2.5318,2.6227,2.6843,2.7253,2.7556,2.7742,2.784,2.7849,2.7791,2.7713,2.7615,2.7507,2.739,2.7243,2.7077,2.6872,2.6628,2.6344,2.5992,2.5552,2.5015,2.4399,2.3705,2.2962,2.217,2.1349,2.0518,1.9804,1.9159,1.8456,1.7781,1.7136,1.654,1.6031,1.563,1.5308,1.5034,1.48,1.4614,1.4438,1.4291,1.4174,1.4037,1.3881,1.3724,1.3558,1.3392,1.3226,1.305,1.2835,1.259,1.2346,1.217,1.2033,1.1887,1.172,1.1554,1.1388,1.1222,1.1085,1.0938,1.0782,1.0635,1.0499,1.0342,1.0254,1.0205,1.0117,1.002,0.99413,0.98729,0.98143,0.97556,0.9697,0.96285,0.95503,0.94819,0.94624,0.94721,0.94721,0.95015,0.95406,0.95601,0.95601,0.95601,0.95699,0.9609,0.96481,0.9697,0.97556,0.98338,0.99316,1.001,1.0078,1.0137,1.0196,1.0254,1.0303,1.0362,1.042,1.0528,1.0792,1.1202,1.1828,1.2805,1.4115,1.5689,1.7449,1.9277,2.1105,2.2835,2.4379,2.5699,2.6794,2.6725,2.5992,2.5767,2.5758,2.5806,2.5826,2.5826,2.5806,2.5748,2.566,2.5523,2.5367,2.5191,2.4985,2.4741,2.4448,2.4106,2.3705,2.3236,2.2698,2.2102,2.1457,2.0782,2.0117,1.9492,1.8954,1.8485,1.8045,1.7674,1.7351,1.7087,1.6862,1.6686,1.6549,1.6452,1.6393,1.6354,1.6315,1.6285,1.6256,1.6197,1.6109,1.6022,1.5924,1.5816,1.5718,1.5621,1.5503,1.5376,1.5249,1.5142,1.5054,1.4946,1.4809,1.4663,1.4506,1.436,1.4242,1.4145,1.4047,1.3959,1.3871,1.3763,1.3666,1.3578,1.348,1.3392,1.3314,1.3255,1.3196,1.3148,1.3099,1.304,1.2972,1.2884,1.2805,1.2747,1.2678,1.26,1.2522,1.2463,1.2405,1.2356,1.2307,1.2268,1.2239,1.2219,1.2209,1.2219,1.2219,1.2219,1.2219,1.2209,1.219,1.217,1.217,1.2248,1.2463,1.2864,1.35,1.4242,1.5122,1.6276,1.7595,1.8983,2.0352,2.1623,2.2757,2.3754,2.4585,2.5239,2.5728,2.609,2.6285,2.6373,2.6442,2.6481,2.6471,2.6432,2.6364,2.6256,2.61,2.5924,2.5718,2.5474,2.52,2.4888,2.4526,2.4106,2.3617,2.306,2.2444,2.1769,2.1065,2.0323,1.958,1.8866,1.8192,1.7634,1.7165,1.6716,1.6315,1.5973,1.5679,1.5445,1.5259,1.5112,1.4995,1.4897,1.48,1.4721,1.4624,1.4487,1.433,1.4184,1.4047,1.391,1.3783,1.3646,1.3529,1.3402,1.3275,1.2297,1.2317,1.2473,1.2815,1.3421,1.436,1.564,1.7214,1.8974,2.0577,2.2063,2.3666,2.5191,2.654,2.7683,2.8602,2.9316,2.9834,3.0176,3.0371,3.0469,3.045,3.0342,3.0205,3.0039,2.9853,2.9638,2.9374,2.9062,2.87,2.8309,2.7859,2.7322,2.6764,2.6158,2.5435,2.4604,2.3695,2.2717,2.1711,2.0733,1.9804,1.8856,1.7967,1.7253,1.6657,1.6207,1.5875,1.5601,1.5376,1.52,1.5044,1.4907,1.479,1.4643,1.4487,1.433,1.4164,1.4027,1.3891,1.3715,1.3519,1.3304,1.3089,1.2874,1.2649,1.2444,1.2258,1.2092,1.1975,1.1877,1.1799,1.1711,1.1584,1.1447,1.129,1.1163,1.1065,1.0987,1.0929,1.087,1.0811,1.0753,1.0723,1.0684,1.0626,1.0596,1.0577,1.0567,1.0567,1.0567,1.0567,1.0567,1.0567,1.0567,1.0567,1.0577,1.0577,1.0567,1.0567,1.0577,1.0606,1.0655,1.0694,1.0723,1.0733,1.0714,1.0674,1.0655,1.0674,1.0753,1.0987,1.1466,1.2248,1.3392,1.4858,1.6559,1.8407,2.0293,2.2121,2.3793,2.5083,2.61,2.7038,2.781,2.8426,2.8886,2.9198,2.9404,2.9521,2.955,2.9511,2.9433,2.9296,2.912,2.8935,2.87,2.8407,2.8055,2.7644,2.7165,2.6608,2.5963,2.5249,2.4438,2.3548,2.2727,2.1965,2.1134,2.0303,1.9531,1.8847,1.825,1.7761,1.737,1.7048,1.6774,1.653,1.6325,1.6149,1.5982,1.5836,1.5689,1.5533,1.5376,1.521,1.5044,1.4868,1.4682,1.4497,1.4291,1.4135,1.4018,1.3861,1.3685,1.35,1.3294,1.3079,1.2893,1.2717,1.2551,1.2424,1.2336,1.2278,1.2219,1.2151,1.2053,1.1955,1.1877,1.1808,1.175,1.1691,1.1632,1.1574,1.1525,1.1466,1.1437,1.1427,1.1408,1.1378,1.1339,1.129,1.1241,1.1222,1.1222,1.1222,1.1232,1.1271,1.131,1.1329,1.1339,1.1349,1.1329,1.129,1.1241,1.1193,1.1163,1.1193,1.1329,1.1662,1.2239,1.2942,1.3861,1.5171,1.6764,1.8534,2.0371,2.216,2.3803,2.521,2.6383,2.7341,2.8094,2.8573,2.8856,2.9081,2.9218,2.9277,2.9257,2.9179,2.9062,2.8915,2.8759,2.8573,2.8328,2.8025,2.7683,2.7263,2.6755,2.6168,2.5484,2.4731,2.39,2.3001,2.2072,2.1105,2.0156,1.9257,1.8485,1.783,1.7195,1.6628,1.6158,1.5787,1.5503,1.5279,1.5112,1.4985,1.4848,1.4702,1.4575,1.4457,1.4311,1.4174,1.4047,1.393,1.3812,1.3705,1.3587,1.348,1.3372,1.3245,1.3099,1.2972,1.2845,1.2669,1.2483,1.2336,1.2199,1.2082,1.1994,1.1926,1.1867,1.1808,1.175,1.172,1.1701,1.1672,1.1496,1.1261,1.1114,1.1007,1.0929,1.086,1.0811,1.0772,1.0753,1.0743,1.0753,1.0782,1.0802,1.0811,1.0811,1.0811,1.0811,1.0811,1.0811,1.0811,1.0802,1.0762,1.0762,1.0772,1.0753,1.0714,1.0674,1.0674,1.0743,1.0968,1.1408,1.2151,1.3265,1.4712,1.6413,1.8016,1.9589,2.1369,2.3148,2.477,2.6178,2.7341,2.827,2.8964,2.9462,2.9795,2.999,3.0029,2.9961,2.9873,2.9785,2.9697,2.958,2.9423,2.9198,2.8895,2.8524,2.8094,2.7595,2.7028,2.6452,2.5826,2.5083,2.4223,2.3255,2.2239,2.1212,2.0205,1.9247,1.8377,1.7644,1.7048,1.6598,1.6266,1.5982,1.5767,1.5601,1.5474,1.5357,1.521,1.5054,1.4888,1.4721,1.4536,1.4321,1.4125,1.3959,1.3773,1.3568,1.3363,1.3157,1.2952,1.2747,1.2551,1.2366,1.217,1.1965,1.1838,1.175,1.1613,1.1486,1.1369,1.1251,1.1163,1.1065,1.0958,1.086,1.0753,1.0655,1.0577,1.0538,1.0518,1.0479,1.043,1.0381,1.0323,1.0264,1.0205,1.0147,1.0088,1.002,0.99511,0.99511,0.99804,0.99902,1,1,1,1,1,1,1,1,0.99902,0.99511,0.99511,0.99804,1.002,1.0156,1.0469,1.1046,1.1955,1.3206,1.4761,1.653,1.8426,2.0342,2.1955,2.3304,2.4633,2.5806,2.6755,2.7488,2.8045,2.8436,2.87,2.8876,2.8964,2.8964,2.8895,2.8749,2.8543,2.8309,2.8065,2.7791,2.7458,2.7028,2.652,2.5934,2.5249,2.4477,2.3617,2.2796,2.1975,2.1046,2.0059,1.9062,1.8084,1.7175,1.6393,1.5748,1.523,1.4848,1.4555,1.435,1.4184,1.4037,1.39,1.3773,1.3666,1.3568,1.346,1.3353,1.3245,1.3128,1.3011,1.2893,1.2805,1.2737,1.2639,1.2542,1.2414,1.2268,1.2092,1.1906,1.172,1.1544,1.1369,1.1202,1.1114,1.1065,1.1017,1.0958,1.0899,1.0841,1.0772,1.0674,1.0587,1.0508,1.044,1.0381,1.0293,1.0225,1.0186,1.0137,1.0059,1.001,0.99804,0.99609,0.99511,0.99609,1,1.0029,1.0078,1.0147,1.0196,1.0235,1.0264,1.0293,1.0313,1.0293,1.0254,1.0205,1.0176,1.0205,1.0323,1.0538,1.0919,1.1593,1.261,1.3969,1.5621,1.8563,2.0606,2.2571,2.521,2.6686,2.7761,2.8563,2.9589,3.0127,3.0538,3.1046,3.1153,3.1173,3.1105,3.0987,3.0802,3.0538,3.0215,2.9873,2.9472,2.8983,2.8416,2.7742,2.697,2.61,2.5152,2.4135,2.3099,2.219,2.1369,2.0518,1.9707,1.8983,1.8358,1.783,1.7419,1.7097,1.6823,1.6588,1.6403,1.6237,1.61,1.5953,1.5797,1.565,1.5494,1.5327,1.5161,1.4995,1.4809,1.4585,1.435,1.4115,1.391,1.3744,1.3558,1.3363,1.3177,1.2991,1.2776,1.2571,1.2385,1.219,1.2023,1.1887,1.176,1.1691,1.1662,1.1623,1.1574,1.1515,1.1457,1.1417,1.1398,1.1388,1.1369,1.1329,1.1281,1.1261,1.1251,1.1212,1.1163,1.1114,1.1085,1.1085,1.1105,1.1144,1.1193,1.1232,1.1261,1.1271,1.129,1.1329,1.1339,1.131,1.1271,1.1241,1.1241,1.1281,1.1408,1.1701,1.2248,1.3138,1.4135,1.5288,1.6823,1.8612,2.0538,2.2454,2.4252,2.5816,2.7146,2.824,2.9081,2.9717,3.0176,3.042,3.0518,3.0577,3.0606,3.0596,3.0538,3.045,3.0313,3.0137,2.9922,2.9658,2.9326,2.8925,2.8485,2.7957,2.7292,2.651,2.565,2.4721,2.3744,2.2727,2.1691,2.0674,1.9717,1.8837,1.8123,1.7537,1.6989,1.651,1.6129,1.5826,1.5582,1.5376,1.5181,1.4985,1.478,1.4575,1.4418,1.4252,1.4057,1.3851,1.3636,1.3431,1.3226,1.3011,1.2786,1.2561,1.2336,1.2121,1.1975,1.1857,1.1701,1.1525,1.1349,1.1173,1.1017,1.088,1.0753,1.0655,1.0577,1.0508,1.043,1.0362,1.0293,1.0225,1.0147,1.0049,0.99707,0.99316,0.9912,0.99022,0.99022,0.99022,0.99022,0.99218,0.99609,0.99804,0.99902,1,1,1,1,1,1,1,1,1,1.0029,1.0078,1.0098,1.0108,1.0117,1.0147,1.0303,1.0684,1.1339,1.2336,1.3675,1.5318,1.6901,1.8485,2.0303,2.216,2.392,2.5474,2.6774,2.784,2.868,2.9316,2.9775,3.0098,3.0303,3.0362,3.0332,3.0303,3.0244,3.0156,3.0029,2.9853,2.9638,2.9355,2.9003,2.8553,2.8016,2.7458,2.6852,2.6139,2.5327,2.4418,2.3451,2.2454,2.1466,2.0518,1.9648,1.8886,1.8231,1.7703,1.7312,1.7019,1.6755,1.6452,1.6149,1.5914,1.5728,1.5572,1.5415,1.5259,1.5103,1.4936,1.48,1.4682,1.4545,1.4399,1.4242,1.4057,1.3842,1.3627,1.3431,1.3255,1.3069,1.2874,1.2688,1.2561,1.2444,1.2317,1.2199,1.2072,1.1955,1.1867,1.1799,1.174,1.1681,1.1632,1.1574,1.1544,1.1544,1.1535,1.1505,1.1457,1.1408,1.1388,1.1378,1.1339,1.132,1.131,1.1281,1.1241,1.1232,1.1261,1.1261,1.1241,1.1232,1.1241,1.1251,1.1251,1.1251,1.1222,1.1183,1.1134,1.1124,1.1163,1.1222,1.1359,1.1652,1.219,1.3021,1.4154,1.5582,1.7253,1.9071,2.088,2.26,2.3978,2.5083,2.6158,2.7107,2.7879,2.8465,2.8895,2.9189,2.9374,2.9482,2.9501,2.9462,2.9345,2.9179,2.9003,2.8798,2.8563,2.8299,2.7996,2.7615,2.7146,2.6598,2.5982,2.5259,2.4448,2.3666,2.2903,2.2043,2.1124,2.0225,1.9365,1.8543,1.7801,1.7165,1.6647,1.6227,1.5885,1.563,1.5445,1.5288,1.5142,1.4985,1.4829,1.4692,1.4575,1.4438,1.4291,1.4135,1.3959,1.3773,1.3627,1.35,1.3324,1.3128,1.2923,1.2717,1.2512,1.2297,1.2092,1.1916,1.173,1.1544,1.1417,1.131,1.1173,1.1026,1.0899,1.0811,1.0743,1.0674,1.0616,1.0538,1.043,1.0332,1.0274,1.0235,1.0196,1.0147,1.0098,1.0049,1,0.99707,0.99609,0.99511,0.99511,0.99511,0.99511,0.99609,0.99707,0.99609,0.99511,0.99316,0.99022,0.98729,0.98534,0.98436,0.98436,0.9824,0.98045,0.9824,0.99022,1.0059,1.0362,1.0899,1.174,1.2913,1.4379,1.6051,1.783,1.958,2.1232,2.2708,2.3842,2.4721,2.5562,2.6276,2.6833,2.7243,2.7546,2.7742,2.782,2.782,2.7752,2.7625,2.7429,2.7185,2.6931,2.6657,2.6344,2.5992,2.5582,2.5103,2.4526,2.3861,2.3109,2.2258,2.1359,2.0518,1.9717,1.8847,1.7967,1.7126,1.6373,1.5738,1.522,1.4809,1.4497,1.4272,1.4125,1.4037,1.3978,1.392,1.3842,1.3754,1.3666,1.3568,1.346,1.3353,1.3255,1.3148,1.304,1.2933,1.2854,1.2786,1.2698,1.26,1.2493,1.2346,1.216,1.1984,1.1848,1.1711,1.1593,1.1476,1.1388,1.132,1.1222,1.1114,1.1007,1.0899,1.0811,1.0723,1.0626,1.0538,1.0528,1.0547,1.0528,1.0518,1.0518,1.0489,1.0459,1.045,1.044,1.044,1.044,1.044,1.044,1.045,1.0469,1.0508,1.0538,1.0557,1.0587,1.0635,1.0684,1.0723,1.0743,1.0753,1.0772,1.0821,1.0948,1.1232,1.1613,1.218,1.3099,1.437,1.5963,1.7771,1.9668,2.1564,2.3343,2.4936,2.6285,2.738,2.8113,2.8622,2.9071,2.9433,2.9707,2.9912,3.0059,3.0147,3.0156,3.0108,3.001,2.9824,2.957,2.9267,2.8925,2.8534,2.8084,2.7576,2.6999,2.6334,2.5572,2.4712,2.3773,2.2776,2.1779,2.0899,2.0098,1.9277,1.8504,1.782,1.7263,1.6823,1.6481,1.6217,1.6022,1.5855,1.5699,1.5562,1.5435,1.5318,1.5181,1.5034,1.4868,1.4663,1.4428,1.4184,1.3959,1.3734,1.3529,1.3333,1.3177,1.305,1.2874,1.2678,1.2473,1.2287,1.2131,1.1984,1.1848,1.172,1.1603,1.1486,1.1417,1.1359,1.129,1.1222,1.1163,1.1105,1.1056,1.0997,1.0948,1.089,1.0841,1.0782,1.0733,1.0704,1.0694,1.0655,1.0616,1.0567,1.0518,1.0479,1.0459,1.045,1.044,1.044,1.044,1.045,1.0459,1.045,1.044,1.044,1.044,1.044,1.045,1.0479,1.0567,1.0782,1.1212,1.1926,1.2766,1.3783,1.5152,1.6784,1.8553,2.0371,2.2131,2.3705,2.5064,2.6188,2.7077,2.7761,2.8201,2.8456,2.8671,2.8827,2.8935,2.8993,2.8993,2.8935,2.8837,2.87,2.8504,2.825,2.7908,2.7517,2.7107,2.6628,2.609,2.5503,2.4839,2.4096,2.3265,2.2366,2.1417,2.044,1.9462,1.8622,1.7898,1.7185,1.654,1.6012,1.5582,1.5259,1.5015,1.4819,1.4633,1.4467,1.4301,1.4135,1.3978,1.3842,1.3675,1.349,1.3284,1.3069,1.2854,1.2639,1.2424,1.2229,1.2043,1.1877,1.175,1.1642,1.1505,1.1359,1.1202,1.1046,1.089,1.0733,1.0587,1.0459,1.0342,1.0225,1.0137,1.0127,1.0147,1.0156,1.0166,1.0166,1.0137,1.0098,1.0078,1.0068,1.0049,1.001,0.99804,0.99804,0.99804,0.99609,0.99511,0.99511,0.99511,0.99511,0.99609,0.99804,0.99902,1,1,1,1.0029,1.0068,1.0088,1.0098,1.0108,1.0098,1.0078,1.0108,1.0244,1.0567,1.1173,1.2111,1.3157,1.437,1.5963,1.7771,1.9599,2.1349,2.2962,2.4399,2.5621,2.6618,2.741,2.8016,2.8456,2.869,2.8778,2.8837,2.8837,2.8788,2.8719,2.8631,2.8514,2.8348,2.8123,2.7859,2.7527,2.7155,2.6745,2.6246,2.567,2.5005,2.4262,2.3441,2.2551,2.1623,2.0694,1.9804,1.8974,1.8221,1.7644,1.7195,1.6804,1.6491,1.6227,1.6012,1.5836,1.5679,1.5543,1.5425,1.5308,1.5171,1.5044,1.4936,1.48,1.4653,1.4487,1.4282,1.4076,1.3881,1.3695,1.3548,1.3412,1.3265,1.3099,1.2952,1.2805,1.263,1.2434,1.2239,1.2082,1.1965,1.1877,1.1808,1.174,1.1681,1.1623,1.1593,1.1584,1.1554,1.1505,1.1457,1.1408,1.1359,1.131,1.1251,1.1202,1.1144,1.1095,1.1065,1.1056,1.1017,1.0978,1.0929,1.088,1.0831,1.0772,1.0743,1.0743,1.0743,1.0743,1.0733,1.0723,1.0753,1.0762,1.0743,1.0704,1.0655,1.0635,1.0694,1.089,1.131,1.2014,1.305,1.4164,1.5376,1.6921,1.8631,2.0381,2.2053,2.3558,2.4858,2.5914,2.6735,2.7361,2.782,2.8162,2.8328,2.8387,2.8426,2.8436,2.8416,2.8377,2.8299,2.8182,2.8045,2.7889,2.7664,2.7351,2.6979,2.654,2.6012,2.5406,2.4702,2.392,2.3089,2.2209,2.129,2.0352,1.9443,1.8592,1.781,1.7185,1.6686,1.6227,1.5846,1.5543,1.5318,1.5132,1.5005,1.4897,1.4809,1.4712,1.4585,1.4467,1.4321,1.4115,1.39,1.3685,1.347,1.3255,1.304,1.2825,1.261,1.2414,1.2229,1.2063,1.1935,1.1838,1.1701,1.1554,1.1408,1.1251,1.1095,1.0938,1.0772,1.0626,1.0518,1.043,1.0391,1.0381,1.0381,1.0381,1.0381,1.0352,1.0313,1.0264,1.0186,1.0108,1.0039,0.99902,0.99707,0.99804,0.99902,0.99707,0.99413,0.99022,0.98729,0.98436,0.98045,0.97752,0.97556,0.97458,0.97165,0.9697,0.97165,0.97263,0.97361,0.97361,0.97263,0.96872,0.96285,0.95797,0.95797,0.96872,0.99609,1.0489,1.1153,1.2014,1.3265,1.48,1.6471,1.8201,1.9892,2.1457,2.2845,2.4027,2.5005,2.5787,2.6315,2.6647,2.6901,2.7097,2.7234,2.7302,2.7302,2.7234,2.7126,2.7009,2.6862,2.6657,2.6393,2.609,2.5738,2.5308,2.478,2.4184,2.35,2.2717,2.1877,2.0997,2.0088,1.9355,1.8719,1.8094,1.7488,1.6852,1.6276,1.5797,1.5406,1.5103,1.4878,1.4721,1.4624,1.4526,1.4428,1.4321,1.4242,1.4174,1.4086,1.3988,1.3881,1.3773,1.3656,1.3529,1.3412,1.3294,1.3157,1.3001,1.2884,1.2766,1.263,1.2483,1.2326,1.216,1.1994,1.1848,1.1701,1.1554,1.1398,1.1232,1.1114,1.1026,1.0938,1.085,1.0782,1.0723,1.0665,1.0635,1.0626,1.0616,1.0616,1.0616,1.0616,1.0635,1.0674,1.0694,1.0704,1.0714,1.0714,1.0733,1.0782,1.086,1.0938,1.1007,1.1065,1.1134,1.1212,1.1281,1.1339,1.1398,1.1437,1.1476,1.1505,1.1535,1.1623,1.1828,1.2229,1.2893,1.3675,1.4624,1.5943,1.7556,1.9326,2.1173,2.2972,2.4624,2.6061,2.7273,2.826,2.9042,2.9541,2.9844,3.0108,3.0293,3.0401,3.044,3.042,3.0332,3.0166,2.9941,2.9677,2.9365,2.9022,2.8641,2.8231,2.7781,2.7253,2.6647,2.5963,2.52,2.435,2.3431,2.2483,2.1535,2.0626,1.9863,1.9218,1.8602,1.8045,1.7576,1.7175,1.6843,1.6569,1.6334,1.6149,1.6022,1.5894,1.5758,1.563,1.5513,1.5367,1.522,1.5064,1.4888,1.4692,1.4487,1.4272,1.4057,1.3842,1.3617,1.3441,1.3284,1.3099,1.2903,1.2727,1.2571,1.2424,1.2268,1.2111,1.1945,1.1779,1.1613,1.1457,1.1349,1.129,1.1241,1.1183,1.1144,1.1105,1.1065,1.1026,1.1007,1.0997,1.0997,1.0997,1.1007,1.1017,1.1007,1.0997,1.0997,1.0997,1.0997,1.0997,1.0997,1.0997,1.0997,1.0997,1.0997,1.1017,1.1056,1.1075,1.1085,1.1075,1.1046,1.1007,1.0978,1.0968,1.1036,1.1232,1.1642,1.2209,1.2972,1.4086,1.5503,1.7126,1.8856,2.0596,2.2239,2.3715,2.5005,2.609,2.696,2.7615,2.8006,2.8231,2.8407,2.8543,2.8622,2.8651,2.8622,2.8534,2.8416,2.827,2.8104,2.7898,2.7644,2.7341,2.697,2.652,2.5992,2.5406,2.4761,2.4027,2.3206,2.2326,2.1408,2.0459,1.9511,1.869,1.7977,1.7263,1.6637,1.6139,1.5738,1.5415,1.5161,1.4946,1.4761,1.4594,1.4438,1.4291,1.4145,1.3959,1.3763,1.3558,1.3343,1.3128,1.2923,1.2737,1.2561,1.2395,1.2229,1.2043,1.1896,1.1789,1.1652,1.1496,1.1173,1.0782,1.0518,1.0313,1.0156,1.002,0.99022,0.97849,0.97165,0.96676,0.96188,0.95797,0.95308,0.94917,0.94721,0.94624,0.9433,0.93842,0.93353,0.92669,0.92375,0.92375,0.92082,0.91691,0.91496,0.91398,0.913,0.913,0.913,0.913,0.913,0.913,0.913,0.91496,0.91887,0.92082,0.92375,0.92669,0.92766,0.92864,0.92864,0.92766,0.92571,0.92571,0.93451,0.95503,0.99218,1.0547,1.1486,1.2757,1.4311,1.6061,1.7879,1.9668,2.1359,2.2884,2.4174,2.5239,2.5973,2.6491,2.696,2.7331,2.7595,2.7761,2.783,2.782,2.7742,2.7625,2.7498,2.7351,2.7155,2.6931,2.6686,2.6364,2.5973,2.5503,2.4936,2.4272,2.3509,2.2659,2.174,2.0821,1.9932,1.9169,1.8485,1.7781,1.7146,1.6588,1.6119,1.5777,1.5572,1.5455,1.5406,1.5415,1.5415,1.5415,1.5415,1.5406,1.5396,1.5376,1.5357,1.5337,1.5298,1.5249,1.5181,1.5083,1.4966,1.4848,1.4751,1.4643,1.4506,1.436,1.4203,1.4037,1.3891,1.3763,1.3646,1.3529,1.3412,1.3304,1.3226,1.3157,1.306,1.2962,1.2854,1.2737,1.261,1.2483,1.2366,1.2258,1.216,1.2102,1.2082,1.2092,1.2082,1.2043,1.1994,1.1965,1.1945,1.1935,1.1935,1.1945,1.1965,1.1975,1.1975,1.2004,1.2053,1.2072,1.2082,1.2092,1.2092,1.2092,1.2082,1.2043,1.2014,1.2014,1.2063,1.2239,1.2551,1.305,1.3861,1.4995,1.6422,1.8065,1.9785,2.1515,2.3148,2.4614,2.5855,2.6891,2.7625,2.8133,2.8563,2.8886,2.9101,2.9228,2.9286,2.9306,2.9277,2.9218,2.915,2.9042,2.8905,2.8719,2.8456,2.8133,2.7742,2.7283,2.6745,2.6139,2.5464,2.4731,2.392,2.305,2.2111,2.1251,2.0459,1.9638,1.8847,1.8123,1.7498,1.6979,1.654,1.6178,1.5894,1.566,1.5474,1.5337,1.5239,1.5132,1.4995,1.4848,1.4692,1.4536,1.437,1.4194,1.3998,1.3803,1.3607,1.3412,1.3265,1.3118,1.2933,1.2747,1.2561,1.2385,1.2219,1.2082,1.1965,1.1838,1.1701,1.1564,1.1447,1.1359,1.13,1.1241,1.1183,1.1124,1.1075,1.1017,1.0948,1.086,1.0772,1.0704,1.0645,1.0616,1.0596,1.0557,1.0518,1.0469,1.043,1.0411,1.0401,1.0391,1.0391,1.0391,1.0606,1.0948,1.1114,1.1183,1.1222,1.1241,1.1251,1.1251,1.1251,1.1251,1.1251,1.1251,1.1271,1.132,1.1408,1.1603,1.1984,1.26,1.349,1.4682,1.6119,1.8143,2.0029,2.1349,2.2717,2.3998,2.4995,2.5748,2.6422,2.697,2.738,2.7674,2.7879,2.8006,2.8074,2.8094,2.8074,2.8006,2.7898,2.7703,2.7439,2.7136,2.6794,2.6413,2.5992,2.5513,2.4956,2.433,2.3617,2.2825,2.1955,2.1144,2.0371,1.9521,1.8641,1.7801,1.7058,1.6432,1.5914,1.5503,1.5191,1.4946,1.4761,1.4643,1.4585,1.4536,1.4487,1.4418,1.433,1.4233,1.4125,1.4018,1.39,1.3763,1.3607,1.346,1.3363,1.3275,1.3148,1.303,1.2933,1.2825,1.2708,1.2581,1.2444,1.2297,1.2141,1.1984,1.1818,1.1701,1.1603,1.1486,1.1369,1.1271,1.1183,1.1114,1.1046,1.0987,1.0929,1.087,1.0841,1.086,1.087,1.0841,1.0831,1.0821,1.0821,1.0821,1.0821,1.0821,1.0821,1.0821,1.0821,1.0821,1.085,1.089,1.0919,1.0978,1.1056,1.1144,1.1212,1.1261,1.129,1.13,1.131,1.131,1.1339,1.1388,1.1466,1.1632,1.1945,1.2473,1.3265,1.437,1.5777,1.741,1.9208,2.1075,2.2893,2.437,2.5572,2.6735,2.7761,2.8631,2.9306,2.9795,3.0137,3.0362,3.0489,3.0508,3.0479,3.0381,3.0196,3.001,2.9804,2.957,2.9296,2.8983,2.8631,2.8211,2.7683,2.7058,2.6334,2.5533,2.477,2.4008,2.3157,2.2287,2.1447,2.0665,1.998,1.9394,1.8895,1.8495,1.8192,1.7957,1.7801,1.7664,1.7498,1.7312,1.7107,1.6891,1.6676,1.6481,1.6305,1.6129,1.5963,1.5797,1.563,1.5494,1.5376,1.522,1.5034,1.4829,1.4633,1.4448,1.4282,1.4115,1.3949,1.3793,1.3636,1.3509,1.3412,1.3284,1.3138,1.3021,1.2942,1.2874,1.2815,1.2757,1.2669,1.2571,1.2493,1.2454,1.2434,1.2405,1.2356,1.2326,1.2297,1.2248,1.2199,1.2151,1.2092,1.2053,1.2033,1.2023,1.2043,1.2082,1.2121,1.2151,1.218,1.2219,1.2258,1.2287,1.2317,1.2346,1.2356,1.2336,1.2326,1.2317,1.2307,1.2326,1.2454,1.2776,1.3353,1.4223,1.5415,1.6891,1.8553,2.0293,2.2033,2.348,2.4682,2.5865,2.6921,2.7801,2.8348,2.8661,2.8935,2.914,2.9277,2.9345,2.9365,2.9306,2.9208,2.913,2.9032,2.8905,2.8729,2.8504,2.8231,2.7889,2.7468,2.695,2.6354,2.567,2.4985,2.4037,2.3099,2.2395,2.1574,2.0704,1.9863,1.9071,1.8338,1.7713,1.7195,1.6755,1.6413,1.6129,1.5885,1.5679,1.5494,1.5318,1.5152,1.4985,1.4819,1.4653,1.4477,1.4262,1.4027,1.3842,1.3685,1.35,1.3294,1.3089,1.2893,1.2688,1.2473,1.2268,1.2082,1.1906,1.174,1.1613,1.1525,1.1427,1.131,1.1183,1.1065,1.0929,1.0792,1.0655,1.0518,1.0401,1.0303,1.0205,1.0156,1.0137,1.0098,1.0049,1,0.99511,0.98925,0.98631,0.98534,0.98436,0.98143,0.97752,0.97752,0.98045,0.9824,0.98338,0.98338,0.98338,0.98338,0.98338,0.98338,0.98534,0.98729,0.98827,0.98925,0.99218,0.99902,1.0078,1.0205,1.0411,1.0762,1.1329,1.218,1.3333,1.4761,1.6393,1.8133,1.9658,2.1056,2.2542,2.391,2.5103,2.6109,2.6901,2.7498,2.7928,2.8231,2.8426,2.8524,2.8543,2.8485,2.8368,2.824,2.8084,2.7879,2.7654,2.741,2.7107,2.6735,2.6276,2.5728,2.5093,2.4448,2.3763,2.2972,2.2092,2.1153,2.0235,1.9365,1.8543,1.782,1.7204,1.6706,1.6305,1.5992,1.5787,1.566,1.5582,1.5543,1.5513,1.5484,1.5455,1.5425,1.5415,1.5406,1.5386,1.5347,1.5318,1.5288,1.523,1.5132,1.5005,1.4858,1.4702,1.4536,1.4399,1.4291,1.4194,1.4164,1.4262,1.4467,1.4848,1.5484,1.6383,1.7507,1.8798,2.0186,2.1584,2.2884,2.4027,2.4985,2.5758,2.6266,2.6569,2.6804,2.695,2.7009,2.6999,2.6911,2.6755,2.654,2.6256,2.5904,2.5474,2.4976,2.4438,2.3803,2.3069,2.2278,2.1447,2.0616,1.9824,1.9071,1.8368,1.7752,1.7253,1.6872,1.6598,1.6403,1.6266,1.6188,1.6149,1.61,1.6031,1.5953,1.5865,1.5758,1.567,1.5582,1.5503,1.5406,1.5279,1.5132,1.4976,1.4809,1.4633,1.4448,1.4272,1.4086,1.391,1.3773,1.3646,1.3558,1.349,1.3392,1.3294,1.3187,1.3099,1.3011,1.2942,1.2874,1.2786,1.2698,1.263,1.2581,1.2532,1.2454,1.2385,1.2336,1.2297,1.2268,1.2239,1.2219,1.2209,1.219,1.217,1.2239,1.2366,1.2434,1.2454,1.2463,1.2454,1.2444,1.2444,1.2444,1.2454,1.2463,1.2463,1.2463,1.2483,1.2502,1.2512,1.2522,1.2522,1.2522,1.2522,1.2522,1.2493,1.2454,1.2414,1.2366,1.2317,1.2307,1.2346,1.2434,1.2659,1.3118,1.39,1.5024,1.6491,1.825,2.0186,2.219,2.4145,2.5738,2.7038,2.8289,2.9394,3.0303,3.1026,3.1564,3.1945,3.2209,3.2385,3.2473,3.2483,3.2434,3.2287,3.2082,3.1887,3.1672,3.1447,3.1153,3.0762,3.0303,2.9756,2.9101,2.8338,2.7488,2.6657,2.5816,2.4868,2.3851,2.2805,2.1769,2.0792,1.9892,1.9091,1.8426,1.7898,1.7478,1.7146,1.6901,1.6686,1.6471,1.6256,1.6051,1.5836,1.5591,1.5327,1.5054,1.478,1.4516,1.4282,1.4115,1.3959,1.3773,1.3568,1.3353,1.3118,1.2874,1.2639,1.2424,1.2239,1.2043,1.1848,1.1652,1.1496,1.1378,1.1232,1.1075,1.0929,1.0831,1.0782,1.0743,1.0694,1.0655,1.0635,1.0626,1.0635,1.0645,1.0635,1.0596,1.0557,1.0538,1.0528,1.0518,1.0518,1.0518,1.0518,1.0518,1.0518,1.0538,1.0577,1.0616,1.0645,1.0674,1.0714,1.0733,1.0733,1.0733,1.0733,1.0733,1.0733,1.0743,1.0753,1.0753,1.0772,1.0811,1.1153,1.1867,1.2473,1.3539,1.5298,1.6647,1.825,2.0205,2.1799,2.3333,2.4702,2.5875,2.6852,2.7625,2.8201,2.8622,2.8886,2.9032,2.9071,2.8993,2.8847,2.8671,2.8465,2.8231,2.7977,2.7683,2.7341,2.694,2.6481,2.5914,2.5239,2.4545,2.3822,2.2972,2.2043,2.1105,2.0205,1.9365,1.8622,1.7986,1.7449,1.6989,1.6618,1.6334,1.6139,1.6022,1.5953,1.5904,1.5846,1.5787,1.5738,1.567,1.5572,1.5474,1.5357,1.521,1.5083,1.4966,1.4819,1.4663,1.4487,1.4301,1.4106,1.39,1.3685,1.346,1.3255,1.305,1.2864,1.2747,1.2659,1.2581,1.2512,1.2444,1.2385,1.2326,1.2287,1.2248,1.2199,1.218,1.217,1.216,1.216,1.216,1.216,1.2151,1.2141,1.2151,1.217,1.219,1.2229,1.2278,1.2317,1.2346,1.2395,1.2414,1.2395,1.2385,1.2385,1.2356,1.2317,1.2297,1.2297,1.2297,1.2297,1.2297,1.2307,1.2317,1.2317,1.2366,1.2483,1.2776,1.3118,1.3646,1.4653,1.6012,1.7586,1.9257,2.0938,2.2336,2.349,2.4604,2.5611,2.6452,2.7126,2.7664,2.8094,2.8407,2.8622,2.8759,2.8827,2.8798,2.869,2.8573,2.8426,2.824,2.7996,2.7693,2.7341,2.6911,2.6422,2.5875,2.5259,2.4565,2.3881,2.3187,2.2405,2.1564,2.0714,1.9883,1.9091,1.8358,1.7683,1.7107,1.6637,1.6266,1.5992,1.5777,1.5572,1.5367,1.5171,1.5005,1.4848,1.4692,1.4536,1.4379,1.4213,1.4018,1.3803,1.3627,1.346,1.3284,1.3109,1.2923,1.2727,1.2532,1.2326,1.2121,1.1935,1.1779,1.1632,1.1535,1.1486,1.1437,1.1369,1.1281,1.1212,1.1153,1.1095,1.1036,1.0987,1.0909,1.0821,1.0753,1.0714,1.0694,1.0665,1.0626,1.0577,1.0528,1.0489,1.0469,1.0459,1.044,1.0411,1.0371,1.0352,1.0342,1.0313,1.0293,1.0283,1.0254,1.0225,1.0215,1.0205,1.0205,1.0205,1.0205,1.0186,1.0176,1.0186,1.0215,1.0362,1.0714,1.132,1.2219,1.3412,1.4839,1.6422,1.8055,1.9677,2.1017,2.2121,2.3167,2.4066,2.4809,2.5376,2.5777,2.6022,2.6129,2.6139,2.608,2.5992,2.5855,2.5679,2.5484,2.5259,2.4995,2.4702,2.436,2.3978,2.3529,2.3001,2.2395,2.1711,2.0958,2.0235,1.9521,1.87,1.437,1.4213,1.4096,1.4018,1.391,1.3812,1.3715,1.3607,1.35,1.3412,1.3314,1.3216,1.3128,1.304,1.2952,1.2913,1.2893,1.2854,1.2815,1.2786,1.2757,1.2717,1.2669,1.262,1.2571,1.2522,1.2493,1.2483,1.2502,1.2542,1.2581,1.263,1.2698,1.2796,1.2893,1.2981,1.305,1.3109,1.3157,1.3216,1.3284,1.3363,1.346,1.3627,1.3891,1.433,1.5015,1.5973,1.7214,1.871,2.0371,2.2082,2.3548,2.4809,2.609,2.7273,2.8299,2.913,2.9775,3.0244,3.0557,3.0743,3.0821,3.0821,3.0733,3.0577,3.0401,3.0205,2.9971,2.9707,2.9413,2.9081,2.871,2.8289,2.7801,2.7224,2.6569,2.5924,2.5259,2.4487,2.3666,2.2825,2.1994,2.0978,1.9912,1.9081,1.8436,1.7937,1.7556,1.7273,1.7058,1.6862,1.6706,1.6579,1.6471,1.6354,1.6217,1.608,1.5934,1.5777,1.5591,1.5386,1.521,1.5044,1.4868,1.4682,1.4487,1.4291,1.4096,1.391,1.3744,1.3587,1.3431,1.3284,1.3177,1.3079,1.2981,1.2913,1.2854,1.2796,1.2727,1.2649,1.2542,1.2444,1.2356,1.2268,1.218,1.2141,1.2121,1.2082,1.2043,1.1994,1.1945,1.1896,1.1848,1.1799,1.175,1.1701,1.1652,1.1623,1.1623,1.1642,1.1672,1.1711,1.176,1.1808,1.1857,1.1877,1.1867,1.1838,1.1799,1.175,1.173,1.174,1.1808,1.2004,1.2385,1.3021,1.3969,1.52,1.6667,1.8299,1.999,2.1623,2.2942,2.4027,2.5083,2.6022,2.6784,2.737,2.7801,2.8094,2.827,2.8338,2.8348,2.8319,2.824,2.8104,2.7928,2.7722,2.7478,2.7195,2.6891,2.654,2.6119,2.5621,2.5054,2.4418,2.3705,2.3011,2.2336,2.1564,2.0733,1.9912,1.913,1.8397,1.7722,1.7116,1.6598,1.6188,1.5855,1.5601,1.5445,1.5347,1.5269,1.5191,1.5103,1.4976,1.4839,1.4692,1.4516,1.433,1.4135,1.393,1.3754,1.3587,1.3382,1.3177,1.2981,1.2805,1.2649,1.2493,1.2346,1.2199,1.2053,1.1906,1.176,1.1642,1.1535,1.1388,1.1222,1.1065,1.0919,1.0782,1.0665,1.0567,1.0508,1.0479,1.0459,1.0479,1.0499,1.0479,1.0459,1.043,1.0391,1.0352,1.0313,1.0283,1.0244,1.0196,1.0176,1.0166,1.0186,1.0215,1.0235,1.0244,1.0244,1.0244,1.0254,1.0274,1.0283,1.0293,1.0293,1.0293,1.0323,1.0362,1.042,1.0567,1.089,1.1457,1.2317,1.348,1.4897,1.65,1.8192,1.9863,2.1427,2.2649,2.3617,2.4536,2.5318,2.5943,2.6403,2.6686,2.6833,2.6872,2.6843,2.6764,2.6637,2.6461,2.6237,2.5982,2.5709,2.5406,2.5054,2.4633,2.4154,2.3617,2.3021,2.2346,2.1603,2.0899,2.0215,1.9462,1.8719,1.8006,1.7341,1.6764,1.6276,1.5885,1.5582,1.5347,1.5181,1.5064,1.5005,1.4995,1.4985,1.4966,1.4946,1.4927,1.4888,1.4848,1.479,1.4712,1.4624,1.4516,1.4418,1.4311,1.4164,1.4027,1.3891,1.3744,1.3597,1.3441,1.3284,2.7625,2.7605,2.7517,2.7361,2.7146,2.6891,2.6628,2.6334,2.5973,2.5533,2.5034,2.4457,2.3803,2.3079,2.2268,2.1388,2.0587,1.9834,1.9013,1.8192,1.7449,1.6813,1.6266,1.5816,1.5474,1.52,1.5024,1.4936,1.4897,1.4878,1.4848,1.48,1.4721,1.4624,1.4526,1.4399,1.4223,1.4027,1.3822,1.3607,1.3421,1.3304,1.3206,1.3089,1.2962,1.2825,1.2708,1.2581,1.2434,1.2278,1.2121,1.1965,1.1808,1.1662,1.1574,1.1515,1.1447,1.1388,1.1329,1.129,1.1271,1.1261,1.1251,1.1222,1.1173,1.1124,1.1095,1.1114,1.1124,1.1124,1.1124,1.1124,1.1114,1.1085,1.1056,1.1036,1.1026,1.1026,1.1026,1.1046,1.1105,1.1144,1.1163,1.1173,1.1183,1.1183,1.1183,1.1212,1.1251,1.1271,1.1281,1.131,1.1378,1.1447,1.1476,1.1505,1.1525,1.1515,1.1515,1.1515,1.1515,1.1515,1.1535,1.1652,1.1887,1.2317,1.3099,1.4272,1.5787,1.7586,1.957,2.1642,2.3656,2.5523,2.7195,2.8612,2.9638,3.0381,3.1036,3.1544,3.1926,3.217,3.2307,3.2356,3.2326,3.2219,3.2043,3.1838,3.1613,3.1339,3.1007,3.0645,3.0235,2.9756,2.9198,2.8553,2.781,2.695,2.5992,2.4946,2.3851,2.2854,2.1926,2.0948,1.999,1.9091,1.8289,1.7595,1.7019,1.6569,1.6207,1.5924,1.5699,1.5503,1.5357,1.523,1.5083,1.4917,1.4721,1.4506,1.4282,1.4047,1.3793,1.3539,1.3304,1.3079,1.2913,1.2796,1.2649,1.2493,1.2336,1.218,1.2023,1.1857,1.1711,1.1584,1.1466,1.1349,1.1281,1.1232,1.1153,1.1085,1.1056,1.1026,1.0987,1.0948,1.0899,1.085,1.0831,1.0792,1.0743,1.0743,1.0772,1.0792,1.0802,1.0802,1.0802,1.0802,1.0802,1.0802,1.0802,1.0821,1.0841,1.088,1.0929,1.0948,1.0987,1.1036,1.1085,1.1134,1.1163,1.1173,1.1183,1.1212,1.131,1.1515,1.1838,1.2336,1.3138,1.4282,1.5738,1.7439,1.9286,2.1183,2.3021,2.4721,2.6207,2.7429,2.8299,2.8925,2.9482,2.9892,3.0156,3.0303,3.0332,2.9687,2.871,2.8104,2.7674,2.7312,2.696,2.6608,2.6246,2.5846,2.5367,2.4819,2.4184,2.346,2.2678,2.1848,2.0987,2.0108,1.9257,1.8543,1.7918,1.7292,1.6735,1.6256,1.5865,1.5591,1.5415,1.5327,1.5308,1.5308,1.5308,1.5308,1.5308,1.5298,1.5269,1.523,1.5181,1.5112,1.5005,1.4858,1.4692,1.4506,1.4301,1.4086,1.393,1.3803,1.3636,1.346,1.3275,1.3079,1.2884,1.2669,1.2454,1.2248,1.2043,1.1857,1.1681,1.1544,1.1427,1.13,1.1153,1.1026,1.0909,1.0831,1.0792,1.0772,1.0762,1.0753,1.0753,1.0762,1.0762,1.0743,1.0723,1.0714,1.0714,1.0733,1.0753,1.0782,1.0821,1.087,1.0919,1.0997,1.1105,1.1232,1.1369,1.1515,1.1652,1.1769,1.1887,1.2033,1.2248,1.2581,1.3089,1.3851,1.4702,1.5699,1.7038,1.8622,2.0313,2.2023,2.3636,2.5064,2.6256,2.7224,2.7996,2.8583,2.8983,2.9169,2.9228,2.9267,2.9277,2.9247,2.9169,2.9042,2.8876,2.8671,2.8416,2.8133,2.782,2.7478,2.7077,2.6608,2.6051,2.5396,2.4663,2.3861,2.3001,2.2121,2.1261,2.042,1.9629,1.8925,1.8368,1.7937,1.7556,1.7224,1.696,1.6725,1.652,1.6364,1.6237,1.6109,1.5963,1.5806,1.566,1.5523,1.5376,1.523,1.5083,1.4917,1.4702,1.4477,1.4233,1.4008,1.3793,1.3597,1.3451,1.3324,1.3206,1.3079,1.2942,1.2786,1.262,1.2473,1.2366,1.2287,1.2219,1.216,1.2111,1.2072,1.2033,1.1975,1.1916,1.1867,1.1818,1.1769,1.173,1.1691,1.1652,1.1603,1.1554,1.1535,1.1525,1.1496,1.1457,1.1437,1.1427,1.1398,1.1378,1.1369,1.1339,1.1329,1.132,1.129,1.1281,1.1271,1.1241,1.1222,1.1241,1.1388,1.174,1.2336,1.3216,1.4399,1.5846,1.7458,1.8915,2.0264,2.173,2.3148,2.4418,2.5484,2.6354,2.7028,2.7517,2.7849,2.8045,2.8162,2.8192,2.8123,2.7986,2.784,2.7693,2.7537,2.7341,2.7097,2.6804,2.6461,2.6051,2.5572,2.5024,2.4457,2.3871,2.3187,2.2434,2.1623,2.0772,1.9902,1.9062,1.826,1.7527,1.6891,1.6344,1.5914,1.5611,1.5386,1.5191,1.5015,1.4868,1.4731,1.4604,1.4487,1.437,1.4233,1.4086,1.393,1.3793,1.3529,1.3167,1.2884,1.2639,1.2405,1.219,1.1984,1.1799,1.1632,1.1466,1.131,1.1144,1.1026,1.0938,1.0831,1.0723,1.0616,1.0499,1.0381,1.0283,1.0196,1.0127,1.0098,1.0068,1.0049,1.0059,1.0059,1.0059,1.0059,1.0059,1.0059,1.0059,1.0059,1.0059,1.0029,0.99902,0.99707,0.99902,1.0029,1.0049,1.0059,1.0059,1.0059,1.0059,1.0059,1.0059,1.0059,1.0059,1.0059,1.0088,1.0166,1.0352,1.0743,1.1437,1.2454,1.3793,1.5386,1.7136,1.8925,2.0655,2.2258,2.3675,2.4712,2.5484,2.6188,2.6755,2.7155,2.7419,2.7595,2.7683,2.7693,2.7654,2.7537,2.7361,2.7116,2.6813,2.651,2.6188,2.5806,2.5376,2.4897,2.433,2.3666,2.2913,2.2072,2.1173,2.0235,1.9374,1.8592,1.7761,1.695,1.6197,1.5552,1.5005,1.4536,1.4125,1.3783,1.3519,1.3294,1.3138,1.303,1.2893,1.2717,1.2522,1.2326,1.2121,1.1926,1.175,1.1584,1.1388,1.1163,1.0938,1.0772,1.0616,1.043,1.0244,1.0049,0.98436,0.96285,0.94233,0.92082,0.90225,0.88661,0.87195,0.86315,0.8563,0.84751,0.84066,0.8348,0.82893,0.82307,0.81818,0.81427,0.81036,0.80743,0.8045,0.8045,0.80547,0.80352,0.79961,0.7957,0.79081,0.78592,0.78299,0.78397,0.78592,0.7869,0.78886,0.79277,0.79961,0.80743,0.81134,0.81427,0.81623,0.81623,0.81623,0.81623,0.8172,0.82405,0.8436,0.8827,0.93451,1.0059,1.1105,1.2463,1.4066,1.5806,1.7556,1.9247,2.0802,2.2151,2.3275,2.4194,2.4897,1.3675,1.3568,1.3451,1.3324,1.3206,1.3089,1.2981,1.2903,1.2835,1.2747,1.2346,1.2326,1.2287,1.2239,1.219,1.2141,1.2102,1.2102,1.2199,1.2385,1.2708,1.3284,1.4174,1.5367,1.6833,1.8485,2.0215,2.1926,2.3548,2.5034,2.6315,2.738,2.8123,2.8651,2.913,2.9531,2.9853,3.0117,3.0332,3.0469,3.0528,3.0508,3.045,3.0342,3.0147,2.9892,2.9599,2.9277,2.8895,2.8456,2.7957,2.741,2.6784,2.608,2.5308,2.4497,2.3646,2.2854,2.2092,2.129,2.0508,1.9775,1.913,1.8553,1.8055,1.7644,1.7312,1.7038,1.6784,1.6588,1.6452,1.6334,1.6217,1.6109,1.5973,1.5816,1.565,1.5494,1.5327,1.5142,1.4907,1.4673,1.4477,1.4291,1.4106,1.3949,1.3793,1.3627,1.349,1.3353,1.3206,1.305,1.2893,1.2747,1.263,1.2532,1.2444,1.2375,1.2307,1.2248,1.219,1.2141,1.2082,1.2033,1.1975,1.1926,1.1867,1.1838,1.1828,1.1789,1.176,1.175,1.174,1.172,1.1681,1.1642,1.1593,1.1544,1.1486,1.1457,1.1447,1.1417,1.1369,1.132,1.1271,1.1222,1.1163,1.1105,1.1056,1.0997,1.0958,1.0938,1.0938,1.0938,1.0929,1.0929,1.0909,1.087,1.0831,1.0782,1.0733,1.0694,1.0684,1.0723,1.0821,1.1056,1.1525,1.2278,1.3343,1.4712,1.6315,1.8055,1.9814,2.1515,2.3079,2.4448,2.5455,2.6207,2.6891,2.7478,2.7977,2.8387,2.871,2.8944,2.9071,2.912,2.912,2.9062,2.8944,2.8749,2.8504,2.8231,2.7928,2.7605,2.7224,2.6764,2.6237,2.563,2.4956,2.4213,2.3392,2.262,2.1867,2.1046,2.0215,1.9394,1.8602,1.7898,1.7302,1.6813,1.6403,1.608,1.5855,1.5699,1.5611,1.5552,1.5494,1.5435,1.5386,1.5171,1.4878,1.4702,1.4575,1.4467,1.4389,1.4311,1.4242,1.4184,1.4096,1.4018,1.393,1.3832,1.3734,1.3646,1.3597,1.3646,1.3832,1.4213,1.48,1.5464,1.6237,1.7273,1.8817,2.0264,2.129,2.2346,2.3333,2.4184,2.4888,2.5425,2.5777,2.5924,2.5934,2.5855,2.5699,2.5484,2.5239,2.4956,2.4624,2.4242,2.3803,2.3314,2.2757,2.2141,2.1535,2.0919,2.0205,1.9423,1.8622,1.783,1.7087,1.6413,1.5846,1.5415,1.5112,1.4907,1.479,1.4712,1.4663,1.4624,1.4575,1.4526,1.4477,1.4418,1.437,1.4291,1.4164,1.4018,1.3871,1.3744,1.3617,1.348,1.3314,1.3138,1.2962,1.2786,1.261,1.2473,1.2346,1.2209,1.2053,1.1945,1.1857,1.174,1.1632,1.1525,1.1417,1.132,1.1241,1.1173,1.1114,1.1056,1.1017,1.0987,1.0978,1.1007,1.1007,1.0978,1.0938,1.089,1.0841,1.0782,1.0733,1.0674,1.0645,1.0635,1.0645,1.0674,1.0704,1.0733,1.0743,1.0733,1.0733,1.0733,1.0704,1.0665,1.0616,1.0567,1.0518,1.0489,1.0499,1.0538,1.0557,1.0567,1.0567,1.0538,1.0518,1.0508,1.0508,1.0528,1.0547,1.0596,1.0665,1.0694,1.0714,1.0723,1.0704,1.0665,1.0616,1.0577,1.0587,1.0704,1.0987,1.1525,1.2219,1.3128,1.4438,1.6051,1.7879,1.9804,2.2111,2.4106,2.5415,2.6637,2.7713,2.8602,2.9208,2.9619,2.999,3.0283,3.0489,3.0587,3.0606,3.0567,3.0469,3.0332,3.0176,2.998,2.9746,2.9453,2.911,2.8719,2.828,2.7761,2.7165,2.6481,2.5718,2.4878,2.3969,2.304,2.2121,2.129,2.0518,1.9726,1.8983,1.8299,1.7683,1.7155,1.6716,1.6364,1.608,1.5826,1.5591,1.5396,1.523,1.5073,1.4907,1.4741,1.4585,1.4399,1.4164,1.391,1.3666,1.3431,1.3206,1.2991,1.2815,1.2639,1.2434,1.219,1.1945,1.173,1.1525,1.1349,1.1173,1.1007,1.0841,1.0674,1.0557,1.0459,1.0323,1.0186,1.0078,0.99804,0.98827,0.97752,0.96676,0.95797,0.94917,0.93939,0.93157,0.9306,0.92962,0.92669,0.92571,0.92473,0.9218,0.91593,0.91007,0.90323,0.89638,0.88954,0.88563,0.88563,0.88856,0.89052,0.8915,0.8915,0.8915,0.8915,0.8915,0.8915,0.8915,0.89052,0.88661,0.91398,0.95992,0.98534,0.99804,1.0049,1.0068,1.0039,0.99804,0.99413,0.99316,0.99804,1.0156,1.0528,1.1026,1.1711,1.2717,1.4008,1.5523,1.7155,1.8817,2.0411,2.1867,2.3138,2.4379,2.5367,2.5953,2.6354,2.6608,2.6833,2.6999,2.7097,2.7126,2.7107,2.7038,2.6921,2.6755,2.6579,2.6373,2.6139,2.5846,2.5494,2.5083,2.4604,2.4057,2.3441,2.2776,2.2053,2.1281,2.0469,1.9629,1.8817,1.8133,1.7556,1.7009,1.654,1.6168,1.5894,1.5709,1.5591,1.5513,1.5445,1.5415,1.5425,1.5455,1.5464,1.5474,1.5474,1.5464,1.5445,1.5415,1.5376,1.5327,1.5279,1.523,1.5171,1.5083,1.4985,1.4888,1.4761,1.4624,1.4487,1.435,1.4233,1.4125,1.4008,1.3891,1.3783,1.3675,1.3597,1.3539,1.347,1.3402,1.3314,1.3226,1.3128,1.303,1.2933,1.2835,1.2747,1.2678,1.262,1.259,1.2571,1.2542,1.2522,1.2512,1.2483,1.2473,1.2463,1.2434,1.2424,1.2414,1.2385,1.2375,1.2385,1.2385,1.2375,1.2356,1.2346,1.2346,1.2346,1.2346,1.2346,1.2356,1.2385,1.2424,1.2463,1.2512,1.2532,1.2522,1.2493,1.2454,1.2434,1.2473,1.262,1.2933,1.349,1.4321,1.5249,1.6295,1.7644,1.9169,2.0753,2.2317,2.3773,2.5064,2.6149,2.7028,2.7713,2.824,2.8631,2.8876,2.9003,2.9091,2.9169,2.9218,2.9218,2.9159,2.9042,2.8876,2.8651,2.8407,2.8143,2.7849,2.7507,2.7116,2.6667,2.6149,2.5552,2.4878,2.4115,2.3304,2.2444,2.1593,2.0772,2.0068,1.9453,1.8847,1.8299,1.784,1.7478,1.7185,1.694,1.6716,1.651,1.6325,1.6149,1.5982,1.5855,1.5738,1.5611,1.5474,1.5318,1.5132,1.4927,1.4721,1.4516,1.4321,1.4135,1.3959,1.3803,1.3675,1.3529,1.3353,1.3167,1.2972,1.2805,1.2669,1.2551,1.2444,1.2346,1.2239,1.2141,1.2063,1.2004,1.1935,1.1848,1.176,1.1681,1.1584,1.1496,1.1408,1.131,1.1232,1.1163,1.1144,1.1134,1.1114,1.1095,1.1056,1.1026,1.1017,1.0987,1.0948,1.0909,1.087,1.0841,1.0821,1.0841,1.087,1.089,1.0899,1.0899,1.0899,1.0899,1.0899,1.0899,1.0899,1.0899,1.0899,1.0929,1.0968,1.0987,1.0997,1.1026,1.1124,1.1398,1.1906,1.2649,1.3656,1.4936,1.6432,1.8074,1.955,2.089,2.2326,2.3705,2.4927,2.5973,2.6843,2.7546,2.8074,2.8446,2.869,2.8856,2.8895,2.8837,2.8759,2.8661,2.8485,2.8309,2.8152,2.7947,2.7703,2.741,2.7058,2.6628,2.6119,2.5582,2.4995,2.4311,2.3539,2.2717,2.1887,2.1065,2.0254,1.9492,1.8788,1.8172,1.7654,1.7273,1.6979,1.6716,1.65,1.6373,1.6305,1.6276,1.6246,1.6207,1.6149,1.608,1.6022,1.5973,1.5934,1.5914,1.5894,1.5885,1.5875,1.5846,1.5806,1.5758,1.5709,1.564,1.5523,1.5386,1.5269,1.5161,1.5034,1.4897,1.478,1.4682,1.4594,1.4506,1.4418,1.436,1.435,1.4409,1.4614,1.4946,1.5455,1.6246,1.7292,1.8563,1.9951,2.1378,2.2766,2.4047,2.5171,2.6109,2.6862,2.7361,2.7674,2.7928,2.8084,2.8162,2.8182,2.8152,2.8074,2.7957,2.781,2.7625,2.739,2.7116,2.6813,2.6452,2.6031,2.5543,2.4966,2.4301,2.3558,2.2747,2.1877,2.0987,2.0137,1.9355,1.8719,1.8211,1.7742,1.7322,1.6979,1.6686,1.6461,1.6305,1.6188,1.609,1.5992,1.5894,1.5806,1.5709,1.5582,1.5445,1.5288,1.5103,1.4907,1.4712,1.4536,1.4379,1.4233,1.4096,1.3959,1.3842,1.3734,1.3587,1.3412,1.3216,1.303,1.2874,1.2747,1.2659,1.26,1.2542,1.2493,1.2463,1.2454,1.2424,1.2375,1.2326,1.2278,1.2229,1.219,1.216,1.2121,1.2072,1.2053,1.2043,1.2033,1.2033,1.2004,1.1965,1.1916,1.1896,1.1887,1.1877,1.1896,1.1935,1.1975,1.1994,1.2014,1.2023,1.2004,1.1965,1.1916,1.1867,1.1818,1.1789,1.1769,1.1769,1.1789,1.1799,1.1808,1.1838,1.1857,1.1838,1.1808,1.1779,1.1769,1.176,1.1769,1.1799,1.1828,1.1848,1.1857,1.1877,1.1916,1.1916,1.1916,1.1955,1.2082,1.261,1.3255,1.39,1.4946,1.6334,1.7996,1.9804,2.1417,2.2874,2.4409,2.5855,2.7126,2.8172,2.9003,2.9638,3.0098,3.043,3.0655,3.0811,3.0841,3.0772,3.0714,3.0635,3.0518,3.0371,3.0186,2.9951,2.9648,2.9296,2.8886,2.8387,2.781,2.7224,2.6598,2.5846,2.5015,2.4106,2.3148,2.217,2.1202,2.0283,1.9443,1.869,1.8045,1.7175,1.6197,1.5513,1.5034,1.4673,1.4399,1.4184,1.3988,1.3763,1.3519,1.3265,1.3021,1.2786,1.261,1.2454,1.2268,1.2072,1.1838,1.1574,1.131,1.1046,1.0802,1.0587,1.0352,1.0156,1.0059,0.99804,0.98827,0.97849,0.96774,0.95699,0.94624,0.93548,0.92473,0.91398,0.9042,0.89345,0.8827,0.87586,0.87097,0.8651,0.85924,0.85337,0.84848,0.8436,0.83773,0.83089,0.82502,0.81916,0.81232,0.80938,0.80743,0.80254,0.79668,0.79179,0.78983,0.78886,0.7869,0.78592,0.78495,0.78495,0.78592,0.7869,0.78983,0.79374,0.7957,0.79668,0.79863,0.80059,0.80156,0.80254,0.80547,0.80938,0.81134,0.81525,0.82405,0.83773,0.86022,0.89932,0.96481,1.0606,1.1887,1.346,1.523,1.7507,1.955,2.0978,2.2424,2.3587,2.4526,2.5435,2.6207,2.6833,2.7322,2.7683,2.7928,2.8065,2.8133,2.8113,2.8055,2.7957,2.7801,2.7556,2.7322,2.7126,2.6843,2.6334,2.5836,2.5425,2.4868,2.4203,2.346,2.2747,2.2023,2.0997,2.0049,1.9228,1.8475,1.784,1.7175,1.6686,1.6325,1.6061,1.5875,1.5738,1.563,1.5513,1.5376,1.5269,1.5122,1.4897,1.4731,1.4575,1.4379,1.4203,1.4076,1.3959,1.3803,1.3636,1.3431,1.3206,1.2991,1.2786,1.259,1.2385,1.218,1.1975,1.1789,1.1632,1.1496,1.1388,1.129,1.1222,1.1153,1.1095,1.1036,1.0997,1.0968,1.0929,1.088,1.0831,1.0802,1.0792,1.0753,1.0714,1.0665,1.0616,1.0557,1.0508,1.0479,1.0479,1.0479,1.0489,1.0499,1.0499,1.0499,1.0479,1.044,1.0391,1.0342,1.0303,1.0283,1.0274,1.0274,1.0283,1.0303,1.0342,1.0371,1.0362,1.0332,1.0303,1.0303,1.0342,1.0469,1.0753,1.1281,1.2121,1.3284,1.4751,1.6188,1.7615,1.9257,2.0948,2.2551,2.3988,2.5239,2.6276,2.7087,2.7713,2.8182,2.8524,2.87,2.8759,2.8798,2.8817,2.8798,2.8739,2.8641,2.8504,2.8299,2.8055,2.7771,2.7429,2.7019,2.6569,2.61,2.5523,2.4848,2.4076,2.3196,2.2248,2.1271,2.0293,1.9335,1.8436,1.7605,1.694,1.6393,1.5885,1.5425,1.5024,1.4692,1.4438,1.4233,1.4047,1.3871,1.3675,1.3451,1.3206,1.3001,1.2815,1.261,1.2395,1.217,1.1926,1.217,1.2669,1.2805,1.2776,1.2659,1.2502,1.2385,1.2278,1.2131,1.1984,1.1838,1.1691,1.1554,1.1437,1.132,1.1212,1.1114,1.1007,1.0909,1.0841,1.0802,1.0733,1.0645,1.0547,1.0459,1.0411,1.0381,1.0371,1.0352,1.0313,1.0254,1.0215,1.0196,1.0147,1.0098,1.0078,1.0068,1.0059,1.0059,1.0059,1.0059,1.0039,1.0029,1.0039,1.0068,1.0108,1.0127,1.0137,1.0156,1.0176,1.0186,1.0176,1.0166,1.0196,1.0342,1.0655,1.1085,1.1711,1.2678,1.3969,1.5513,1.7214,1.8993,2.0753,2.2405,2.3871,2.5152,2.6217,2.697,2.7507,2.7986,2.8368,2.8641,2.8847,2.8974,2.9022,2.9013,2.8954,2.8866,2.8729,2.8553,2.8309,2.8016,2.7674,2.7292,2.6843,2.6334,2.5748,2.5103,2.4389,2.3607,2.2786,2.1945,2.1202,2.0528,1.9834,1.9198,1.8651,1.8221,1.7889,1.7644,1.7488,1.74,1.7351,1.7331,1.7322,1.7312,1.7312,1.7292,1.7263,1.7204,1.7126,1.7038,1.694,1.6833,1.6686,1.653,1.6373,1.6246,1.6139,1.6002,1.5865,1.5718,1.5591,1.5484,1.5376,1.5269,1.5142,1.5005,1.4868,1.4741,1.4643,1.4565,1.4467,1.434,1.4213,1.4096,1.4018,1.4018,1.4154,1.4487,1.5064,1.5934,1.6872,1.7918,1.9257,2.0753,2.2278,2.3734,2.5044,2.6168,2.7077,2.7781,2.8299,2.8661,2.8905,2.9003,2.9003,2.8983,2.8944,2.8886,2.8807,2.869,2.8543,2.8358,2.8123,2.783,2.7468,2.7077,2.6618,2.6041,2.5376,2.4633,2.3812,2.2942,2.2033,2.1153,2.0323,1.9541,1.8837,1.8231,1.7781,1.7439,1.7146,1.6911,1.6725,1.6588,1.6471,1.6373,1.6295,1.6227,1.6149,1.6061,1.5963,1.5865,1.5748,1.5582,1.5376,1.5152,1.4917,1.4702,1.4506,1.4321,1.4154,1.3988,1.3822,1.3685,1.3568,1.3421,1.3265,1.3118,1.2981,1.2835,1.2717,1.262,1.2522,1.2434,1.2366,1.2326,1.2307,1.2278,1.2239,1.219,1.2111,1.2023,1.1955,1.1896,1.1838,1.176,1.1691,1.1642,1.1613,1.1613,1.1613,1.1584,1.1544,1.1525,1.1515,1.1515,1.1515,1.1515,1.1515,1.1515,1.1535,1.1574,1.1564,1.1535,1.1525,1.1515,1.1515,1.1515,1.1515,1.1515,1.1515,1.1515,1.1525,1.1584,1.1662,1.1711,1.176,1.1789,1.1769,1.174,1.1711,1.1701,1.1691,1.174,1.1916,1.2219,1.2708,1.3519,1.4673,1.6149,1.7898,1.9844,2.1838,2.3754,2.5513,2.7077,2.8407,2.9511,3.0283,3.0802,3.1241,3.1584,3.1818,3.1975,3.2053,3.2072,3.2033,3.1955,3.1818,3.1632,3.1388,3.1095,3.0762,3.0371,2.9932,2.9433,2.8866,2.8231,2.7507,2.6696,2.5826,2.4897,2.4027,2.3196,2.2307,2.1437,2.0655,1.9971,1.9394,1.8925,1.8573,1.8328,1.8152,1.8025,1.7947,1.7908,1.7889,1.7879,1.7849,1.7791,1.7722,1.7625,1.7488,1.7312,1.7116,1.6911,1.6725,1.6579,1.6452,1.6315,1.6168,1.6002,1.5797,1.5582,1.5367,1.5152,1.4966,1.4819,1.4692,1.4575,1.4477,1.4379,1.4242,1.4086,1.393,1.3773,1.3646,1.3529,1.3431,1.3343,1.3245,1.3138,1.305,1.2991,1.2913,1.2835,1.2766,1.2708,1.2649,1.2581,1.2493,1.2414,1.2346,1.2287,1.2229,1.2219,1.2229,1.2199,1.219,1.218,1.2151,1.2141,1.2131,1.2102,1.2063,1.2014,1.1965,1.1935,1.1955,1.2023,1.2258,1.2727,1.35,1.4624,1.6051,1.7713,1.9511,2.1359,2.3138,2.4751,2.6002,2.6979,2.7898,2.87,2.9345,2.9824,3.0176,3.043,3.0616,3.0733,3.0782,3.0762,3.0665,3.0499,3.0293,3.0049,2.9765,2.9453,2.9101,2.869,2.8201,2.7644,2.7009,2.6285,2.5464,2.4673,2.3891,2.3001,2.2082,2.1183,2.0332,1.9541,1.8837,1.825,1.7771,1.739,1.7077,1.6843,1.6676,1.6559,1.6442,1.6305,1.6158,1.6012,1.5855,1.5689,1.5484,1.5259,1.5044,1.4829,1.4673,1.4545,1.437,1.4184,1.3978,1.3773,1.3578,1.3402,1.3236,1.306,1.2884,1.2717,1.259,1.2493,1.2375,1.2268,1.217,1.2082,1.1984,1.1896,1.1818,1.174,1.1681,1.1623,1.1574,1.1564,1.1554,1.1535,1.1525,1.1525,1.1525,1.1525,1.1525,1.1496,1.1457,1.1408,1.1359,1.1349,1.1339,1.1329,1.129,1.1251,1.1232,1.1222,1.1212,1.1212,1.1183,1.1124,1.1056,1.0978,1.0919,1.0909,1.0909,1.0987,1.1212,1.1642,1.2346,1.3363,1.4682,1.6246,1.7977,1.9775,2.132,2.2639,2.3998,2.5269,2.6393,2.7331,2.8065,2.8104,2.7722,2.7566,2.7488,2.7429,2.7351,2.7214,2.7048,2.6882,2.6686,2.6452,2.6188,2.5875,2.5503,2.5054,2.4536,2.3939,2.3265,2.2581,2.1867,2.1046,2.0156,1.9228,1.8299,1.74,1.6579,1.5875,1.5308,1.4848,1.4497,1.4252,1.4096,1.3978,1.391,1.3861,1.3803,1.3724,1.3636,1.3548,1.3451,1.3353,1.3255,1.3157,1.3079,1.3001,1.2884,1.2727,1.2561,1.2405,1.2248,1.2092,1.1955,1.1828,1.1691,1.1544,1.1437,1.1349,1.1232,1.1085,1.0938,1.0811,1.0704,1.0596,1.0508,1.044,1.0381,1.0342,1.0323,1.0332,1.0362,1.0381,1.0391,1.0391,1.0391,1.0391,1.0391,1.0391,1.0391,1.0391,1.0391,1.042,1.0469,1.0528,1.0596,1.0665,1.0733,1.0792,1.085,1.0909,1.0958,1.0997,1.1007,1.1007,1.1046,1.1105,1.1193,1.1388,1.175,1.2375,1.3304,1.4536,1.6022,1.7703,1.9492,2.13,2.2805,2.4076,2.5367,2.653,2.7517,2.8319,2.8925,2.9365,2.9677,2.9883,2.998,3.001,3,2.9922,2.9775,2.9629,2.9462,2.9267,2.9042,2.8759,2.8397,2.7957,2.7429,2.6813,2.6109,2.5396,2.4643,2.3773,2.2845,2.1906,2.0978,2.0078,1.9247,1.8514,1.7879,1.7351,1.6921,1.6588,1.6344,1.6178,1.6031,1.5875,1.5699,1.5523,1.5337,1.5122,1.4888,1.4653,1.4409,1.4174,1.3998,1.3851,1.3675,1.3519,1.3363,1.3187,1.3001,1.2805,1.261,1.2444,1.2297,1.2151,1.1994,1.1887,1.1808,1.172,1.1613,1.1496,1.1388,1.129,1.1193,1.1075,1.0968,1.089,1.0841,1.0821,1.0811,1.0802,1.0792,1.0772,1.0743,1.0714,1.0704,1.0694,1.0694,1.0694,1.0694,1.0694,1.0714,1.0753,1.0772,1.0782,1.0782,1.0782,1.0782,1.0782,1.0792,1.0802,1.0792,1.0772,1.0762,1.0753,1.0723,1.0733,1.085,1.1153,1.1711,1.2571,1.3744,1.521,1.6862,1.8612,2.0362,2.1818,2.3021,2.4184,2.522,2.609,2.6784,2.7302,2.7654,2.7879,2.8006,2.8055,2.8045,2.7957,2.781,2.7664,2.7517,2.7341,2.7126,2.6852,2.653,2.6149,2.5689,2.5152,2.4526,2.3891,2.3226,2.2444,2.1554,2.0606,1.9677,1.8788,1.7937,1.7146,1.6432,1.5816,1.5298,1.4868,1.4555,1.4242,1.3939,1.3734,1.3568,1.3412,1.3245,1.3069,1.2884,1.2688,1.2493,2.3509,2.4751,2.5963,2.7087,2.8104,2.9032,2.9863,3.0616,3.129,3.1887,3.2414,3.2766,3.3011,3.3265,3.347,3.3597,3.3636,3.3587,3.3441,3.3177,3.2786,3.2287,3.1672,3.0958,3.0254,2.9541,2.8729,2.7859,2.6999,2.6168,2.5376,2.4643,2.3978,2.3372,2.2835,2.2356,2.1975,2.1652,2.1329,2.1007,2.0684,2.0352,2.002,1.9687,1.9355,1.9032,1.8719,1.8397,1.8074,1.7801,1.7556,1.7273,1.697,1.6667,1.6373,1.609,1.5816,1.5552,1.5288,1.5034,1.478,1.4604,1.4467,1.4321,1.4154,1.3988,1.3832,1.3685,1.3539,1.3392,1.3255,1.3109,1.2972,1.2893,1.2845,1.2776,1.2688,1.26,1.2522,1.2454,1.2395,1.2336,1.2278,1.2219,1.2151,1.2072,1.2043,1.2023,1.1975,1.1926,1.1887,1.1848,1.1818,1.1779,1.173,1.1672,1.1603,1.1535,1.1544,1.1613,1.175,1.2023,1.2493,1.3206,1.4154,1.5308,1.6628,1.8055,1.955,2.1056,2.2532,2.3783,2.4888,2.6051,2.7175,2.8231,2.9208,3.0098,3.0899,3.1613,3.2248,3.2805,3.3275,3.3578,3.3763,3.3939,3.4066,3.4125,3.4096,3.3978,3.3744,3.3402,3.2942,3.2356,3.1672,3.0919,3.0186,2.9462,2.868,2.7879,2.7097,2.6344,2.566,2.5044,2.4497,2.4008,2.3578,2.3187,2.2864,2.2571,2.2268,2.1955,2.1632,2.13,2.0978,2.0665,2.0352,2.0039,1.9717,1.9394,1.9071,1.8798,1.8563,1.8289,1.8016,1.7742,1.7468,1.7204,1.695,1.6686,1.6422,1.6178,1.5924,1.5718,1.5552,1.5357,1.5132,1.4907,1.4702,1.4516,1.434,1.4164,1.4008,1.3881,1.3763,1.3666,1.3617,1.3587,1.3529,1.346,1.3382,1.3304,1.3226,1.3138,1.305,1.2972,1.2893,1.2845,1.2845,1.2864,1.2845,1.2805,1.2757,1.2698,1.2649,1.259,1.2532,1.2493,1.2512,1.262,1.2854,1.3216,1.3734,1.4506,1.5523,1.6735,1.8113,1.9589,2.1095,2.26,2.4066,2.5484,2.6813,2.7889,2.8798,2.9756,3.0694,3.1574,3.2405,3.3167,3.3861,3.4487,3.3675,3.2072,3.1378,3.1095,3.0929,3.0792,3.0674,3.0528,3.0332,3.0068,2.9717,2.9286,2.8788,2.8221,2.7605,2.695,2.6334,2.5748,2.5132,2.4516,2.393,2.3382,2.2884,2.2434,2.2033,2.1672,2.1339,2.1026,2.0733,2.0469,2.0215,1.9932,1.9638,1.9335,1.9022,1.8719,1.8436,1.8152,1.7879,1.7615,1.737,1.7175,1.6999,1.6794,1.6588,1.6373,1.6149,1.5934,1.5728,1.5543,1.5367,1.521,1.5064,1.4936,1.4858,1.48,1.4731,1.4653,1.4575,1.4487,1.4399,1.4291,1.4164,1.4027,1.3881,1.3734,1.3636,1.3548,1.3412,1.3255,1.3099,1.2933,1.2766,1.261,1.2454,1.2307,1.217,1.2043,1.1975,1.1935,1.1877,1.1799,1.172,1.1642,1.1564,1.1505,1.1476,1.1525,1.1681,1.1984,1.2463,1.3021,1.3685,1.4545,1.5552,1.6657,1.7801,1.8954,2.0078,2.1153,2.217,2.3128,2.4018,2.4731,2.5327,2.5943,2.654,2.7087,2.7576,2.8016,2.8397,2.8719,2.8983,2.9179,2.9286,2.9316,2.9247,2.9091,2.8876,2.8583,2.8201,2.7732,2.7195,2.6608,2.5963,2.5308,2.4653,2.4027,2.349,2.2991,2.2493,2.2014,2.1554,2.1134,2.0753,2.0401,2.0068,1.9765,1.9472,1.9189,1.8915,1.8671,1.8446,1.8192,1.7928,1.7664,1.74,1.7146,1.6882,1.6608,1.6334,1.607,1.5816,1.5621,1.5455,1.5269,1.5073,1.4878,1.4682,1.4487,1.4301,1.4106,1.391,1.3715,1.3539,1.3402,1.3333,1.3353,1.3451,1.3695,1.4115,1.4721,1.5513,1.6452,1.7498,1.8612,1.9746,2.086,2.1789,2.26,2.3441,2.4252,2.5005,2.5689,2.6315,2.6882,2.739,2.784,2.8221,2.8534,2.8788,2.8925,2.8983,2.9013,2.8964,2.8837,2.8631,2.8338,2.7957,2.7488,2.694,2.6334,2.5689,2.5083,2.4516,2.392,2.3324,2.2747,2.2199,2.1701,2.1251,2.0841,2.045,2.0088,1.9756,1.9443,1.9169,1.8925,1.8651,1.8368,1.8094,1.782,1.7556,1.7292,1.7038,1.6794,1.6549,1.6295,1.608,1.5885,1.565,1.5386,1.5112,1.4848,1.4585,1.433,1.4086,1.3861,1.3656,1.347,1.3284,1.3157,1.306,1.2942,1.2815,1.2678,1.2532,1.2385,1.2248,1.2111,1.1984,1.1877,1.1779,1.172,1.1691,1.1632,1.1222,1.0626,1.0293,1.0098,0.99707,0.98827,0.98143,0.97458,0.96774,0.9609,0.95797,0.95699,0.95308,0.94819,0.9433,0.94037,0.93842,0.93548,0.93255,0.92962,0.92669,0.92473,0.92766,0.93255,0.93451,0.93548,0.93646,0.93548,0.93255,0.92864,0.92571,0.92375,0.92669,0.93939,0.96579,1.0029,1.0557,1.132,1.2307,1.349,1.4829,1.6256,1.7742,1.9228,2.0674,2.2063,2.3382,2.4448,2.5337,2.6285,2.7214,2.8094,2.8905,2.9629,3.0283,3.086,3.1359,3.1769,3.2092,3.2258,3.2326,3.2366,3.2346,3.2248,3.2063,3.1769,3.1369,3.086,3.0244,2.955,2.8798,2.7996,2.7253,2.6549,2.5816,2.5103,2.4438,2.3812,2.3236,2.2708,2.2229,2.1789,2.1369,2.0968,2.0626,2.0313,1.998,1.9629,1.9267,1.8915,1.8563,1.8221,1.7879,1.7537,1.7195,1.6862,1.654,1.6266,1.6012,1.5728,1.5445,1.5171,1.4897,1.4624,1.436,1.4106,1.3861,1.3617,1.3382,1.3196,1.304,1.2864,1.2669,1.2473,1.2297,1.2141,1.1994,1.1857,1.173,1.1623,1.1525,1.1417,1.1359,1.1329,1.1281,1.1222,1.1153,1.1095,1.1036,1.0987,1.0948,1.0919,1.089,1.086,1.086,1.087,1.086,1.0831,1.0792,1.0753,1.0723,1.0704,1.0694,1.0723,1.0811,1.1017,1.1369,1.1818,1.2405,1.3226,1.4242,1.5396,1.6657,1.7986,1.9335,2.0665,2.1935,2.3138,2.4262,2.5142,2.5885,2.6657,2.74,2.8094,2.8729,2.9286,2.9765,3.0166,3.0489,3.0743,3.0919,3.1017,3.0997,3.087,3.0694,3.044,3.0078,2.9619,2.9062,2.8426,2.7732,2.6999,2.6266,2.5543,2.4897,2.4311,2.3724,2.3167,2.2659,2.219,2.176,2.1369,2.1007,2.0665,2.0342,2.0029,1.9726,1.9462,1.9208,1.8925,1.8641,1.8348,1.8065,1.7771,1.7468,1.7175,1.6891,1.6608,1.6334,1.61,1.5885,1.565,1.5415,1.5181,1.4956,1.4731,1.4506,1.4291,1.4076,1.3881,1.3695,1.3519,1.3392,1.3294,1.3177,1.305,1.2923,1.2796,1.2669,1.2532,1.2405,1.2287,1.217,1.2072,1.2004,1.1965,1.1896,1.1818,1.173,1.1652,1.1574,1.1505,1.1437,1.1378,1.1339,1.131,1.1271,1.1271,1.1271,1.1271,1.1271,1.1271,1.1124,1.1144,1.1261,1.1515,1.2023,1.2737,1.3539,1.4321,1.5142,1.6149,1.7253,1.8387,1.9521,2.0635,2.1701,2.2708,2.3646,2.4516,2.5327,2.5963,2.6481,2.7038,2.7576,2.8084,2.8524,2.8905,2.9218,2.9453,2.9609,2.9707,2.9736,2.9687,2.9541,2.9316,2.9042,2.868,2.824,2.7722,2.7136,2.6491,2.5806,2.5112,2.4438,2.3783,2.3216,2.2708,2.2199,2.172,2.1271,2.086,2.0479,2.0127,1.9795,1.9472,1.9159,1.8856,1.8553,1.828,1.8035,1.7771,1.7498,1.7214,1.6921,1.6637,1.6354,1.608,1.5816,1.5572,1.5327,1.5122,1.4946,1.4741,1.4536,1.4321,1.4106,1.39,1.3695,1.349,1.3294,1.3109,1.2933,1.2776,1.2669,1.2581,1.2473,1.2356,1.2229,1.2111,1.1994,1.1887,1.1779,1.1681,1.1584,1.1486,1.1437,1.1408,1.1349,1.1281,1.1212,1.1134,1.1065,1.0997,1.0938,1.089,1.085,1.0821,1.0792,1.0782,1.0782,1.0772,1.0762,1.0782,1.087,1.1065,1.1398,1.1906,1.2581,1.3421,1.4389,1.5298,1.6188,1.7214,1.8289,1.9374,2.043,2.1447,2.2405,2.3294,2.4115,2.4868,2.5552,2.6168,2.6628,2.6979,2.7351,2.7703,2.8006,2.825,2.8426,2.8534,2.8563,2.8504,2.8368,2.8143,2.7849,2.7478,2.7028,2.652,2.5953,2.5347,2.4721,2.4086,2.347,2.2893,2.2346,2.1838,2.1378,2.0997,2.0665,2.0332,2.001,1.9697,1.9394,1.9091,1.8788,1.8495,1.8201,1.7908,1.7605,1.7341,1.7097,1.6823,1.6549,1.6285,1.6031,1.5777,1.5523,1.5269,1.5024,1.479,1.4565,1.435,1.4174,1.4018,1.3842,1.3656,1.348,1.3314,1.3148,1.2972,1.2805,1.2639,1.2483,1.2326,1.2209,1.2121,1.2014,1.1916,1.1818,1.1711,1.1603,1.1505,1.1417,1.1339,1.1261,1.1183,1.1114,1.1085,1.1085,1.1065,1.1036,1.0997,1.0948,1.0899,1.085,1.0792,1.0743,1.0694,1.0665,1.0684,1.0753,1.087,1.1095,1.1466,1.2014,1.2737,1.3617,1.4633,1.5748,1.6921,1.8113,1.9286,2.0274,2.1144,2.2082,2.3011,2.39,2.4741,2.5533,2.6256,2.6931,2.7537,2.8094,2.8583,2.8915,2.915,2.9384,2.958,2.9717,2.9785,2.9765,2.9658,2.9482,2.9218,2.8866,2.8426,2.7937,2.74,2.6804,2.6158,2.0391,2.0626,2.0743,2.0772,2.0792,2.0782,2.0743,2.0694,2.0635,2.0577,2.0538,2.0508,2.0469,2.0401,2.0274,2.0098,1.9892,1.9638,1.9335,1.8983,1.8602,1.8192,1.7771,1.7361,1.696,1.6579,1.6217,1.5885,1.5572,1.5279,1.5024,1.4809,1.4633,1.4506,1.4399,1.4301,1.4194,1.4066,1.392,1.3763,1.3587,1.3382,1.3177,1.2981,1.2805,1.2639,1.2473,1.2307,1.2151,1.1984,1.1808,1.1632,1.1457,1.13,1.1144,1.0997,1.086,1.0723,1.0596,1.0469,1.0352,1.0235,1.0127,1.0029,0.99413,0.98729,0.98045,0.97458,0.9697,0.96579,0.96188,0.95992,0.95894,0.95797,0.95797,0.95992,0.96285,0.96579,0.96774,0.9697,0.97165,0.97361,0.97458,0.97361,0.97263,0.97067,0.97067,0.97361,0.98436,0.99902,1.0205,1.0567,1.1065,1.1691,1.2405,1.3177,1.3959,1.4712,1.5415,1.6051,1.6618,1.7028,1.7322,1.7625,1.7908,1.8152,1.8348,1.8514,1.8661,1.8788,1.8886,1.8964,1.9003,1.9013,1.8954,1.8847,1.8739,1.8612,1.8456,1.826,1.8016,1.7713,1.7351,1.695,1.651,1.6061,1.564,1.5239,1.4829,1.4438,1.4086,1.3773,1.3509,1.3284,1.3099,1.2952,1.2825,1.2708,1.259,1.2473,1.2366,1.2268,1.216,1.2033,1.1896,1.175,1.1593,1.1417,1.1222,1.1017,1.0802,1.0606,1.043,1.0254,1.0078,0.9912,0.97654,0.96188,0.94917,0.93842,0.92864,0.91984,0.91202,0.90518,0.90029,0.89638,0.89345,0.89247,0.89247,0.89443,0.89638,0.89932,0.90127,0.90225,0.90225,0.90029,0.89834,0.89638,0.89443,0.8915,0.88856,0.88465,0.88074,0.87781,0.87586,0.8739,0.87195,0.86999,0.86804,0.86608,0.86315,0.86119,0.86217,0.86999,0.88856,0.91887,0.96188,1.0186,1.085,1.1574,1.2326,1.2952,1.348,1.4027,1.4526,1.4956,1.5318,1.5591,1.5787,1.5924,1.6002,1.6041,1.6041,1.6012,1.5934,1.5836,1.5748,1.565,1.5533,1.5376,1.52,1.4995,1.4761,1.4506,1.4223,1.391,1.3587,1.3245,1.2864,1.2454,1.2043,1.1642,1.1261,1.0899,1.0577,1.0303,1.0059,0.98534,0.96872,0.95601,0.94526,0.93548,0.92669,0.91789,0.90909,0.90225,0.89541,0.88759,0.87977,0.87097,0.89638,0.93939,0.95503,0.95601,0.9521,0.94233,0.9306,0.91789,0.9042,0.89052,0.87683,0.86413,0.85239,0.84164,0.83382,0.82893,0.82307,0.81818,0.81329,0.80841,0.80254,0.79472,0.78788,0.78201,0.77615,0.77126,0.76833,0.76735,0.76735,0.76735,0.76931,0.77028,0.76931,0.76931,0.76833,0.76637,0.7654,0.7654,0.76442,0.76344,0.76149,0.75855,0.75367,0.74682,0.73998,0.73509,0.73509,0.74389,0.7654,0.80547,0.8651,0.92962,1.0049,1.1026,1.2151,1.3324,1.4457,1.5503,1.6422,1.7204,1.7849,1.8348,1.8719,1.9003,1.9159,1.9228,1.9296,1.9326,1.9326,1.9286,1.9218,1.911,1.8974,1.8798,1.8573,1.8309,1.8006,1.7674,1.7273,1.6813,1.6276,1.5689,1.5054,1.4379,1.3705,1.306,1.2463,1.1926,1.1496,1.1144,1.0831,1.0567,1.0352,1.0166,1.002,0.98925,0.97752,0.96774,0.95894,0.95112,0.94428,0.93646,0.92864,0.91984,0.90909,0.89638,0.8827,0.86999,0.85826,0.84555,0.83284,0.81818,0.80352,0.79081,0.78006,0.76637,0.75269,0.73998,0.72825,0.7175,0.70772,0.69892,0.6911,0.68426,0.67644,0.66569,0.65591,0.64809,0.63832,0.62854,0.61779,0.60606,0.59433,0.58358,0.5738,0.56598,0.55914,0.5523,0.54839,0.54643,0.5435,0.54057,0.53763,0.53372,0.53079,0.52786,0.52688,0.5259,0.5259,0.5259,0.5259,0.52688,0.53275,0.54643,0.5738,0.61877,0.68426,0.76833,0.86804,0.98045,1.0968,1.2111,1.3167,1.4008,1.4653,1.5259,1.5787,1.6188,1.6481,1.6676,1.6804,1.6862,1.6872,1.6833,1.6755,1.6647,1.65,1.6315,1.6119,1.5894,1.563,1.5308,1.4946,1.4536,1.4076,1.3578,1.305,1.2493,1.1994,1.1525,1.1026,1.0547,1.0127,0.97752,0.94819,0.92473,0.90811,0.89638,0.88661,0.87781,0.86999,0.86413,0.85924,0.85435,0.84848,0.84164,0.83382,0.82502,0.81525,0.80547,0.79472,0.78397,0.77322,0.76442,0.7566,0.74878,0.739,0.72727,0.71457,0.70088,0.68817,0.67546,0.66373,0.65298,0.64321,0.63539,0.62952,0.62463,0.61877,0.6129,0.60606,0.59922,0.59238,0.58553,0.57869,0.57185,0.565,0.55816,0.55523,0.55327,0.55034,0.54643,0.54154,0.53568,0.53177,0.52884,0.52688,0.5259,0.5259,0.5259,0.5259,0.5259,0.52493,0.52199,0.51808,0.51711,0.64223,0.83871,0.96285,1.0655,1.173,1.2933,1.4291,1.5562,1.6804,1.8211,1.9638,2.0958,2.2131,2.3138,2.3959,2.4614,2.5132,2.5513,2.5767,2.5914,2.5953,2.5904,2.5816,2.5699,2.5513,2.5337,2.52,2.5024,2.4819,2.4536,2.4203,2.3803,2.3353,2.2854,2.2258,2.1574,2.0811,1.998,1.912,1.827,1.7468,1.6716,1.6041,1.5474,1.5054,1.4731,1.4438,1.4174,1.3959,1.3773,1.3627,1.349,1.3353,1.3236,1.3128,1.3001,1.2835,1.2688,1.2561,1.2395,1.2219,1.2023,1.1828,1.1642,1.1476,1.131,1.1134,1.0978,1.0821,1.0714,1.0606,1.0459,1.0313,1.0166,1.001,0.98534,0.97067,0.95601,0.9433,0.93255,0.9218,0.91105,0.9042,0.89834,0.88954,0.88074,0.87195,0.8651,0.85924,0.85435,0.84946,0.84457,0.83969,0.8348,0.83284,0.83382,0.83187,0.82796,0.82307,0.81818,0.81232,0.8045,0.7957,0.78788,0.78104,0.77908,0.78788,0.80841,0.84457,0.90518,0.99316,1.1095,1.2463,1.3959,1.5474,1.6931,1.827,1.9423,2.0371,2.1056,2.1564,2.2033,2.2414,2.2708,2.2913,2.305,2.3118,2.3128,2.3099,2.3021,2.2903,2.2727,2.2512,2.2268,2.1975,2.1623,2.1212,2.0733,2.0186,1.957,1.8895,1.8162,1.741,1.6676,1.6051,1.5484,1.4907,1.4379,1.39,1.35,1.3196,1.2991,1.2864,1.2796,1.2766,1.2776,1.2805,1.2845,1.2884,1.2903,1.2913,1.2923,1.2903,1.2845,1.2766,1.2669,1.2571,1.2473,1.2375,1.2287,1.219,1.2063,1.1926,1.1789,1.1701,1.1623,1.1535,1.1437,1.1339,1.1232,1.1124,1.1046,1.1007,1.0987,1.0948,1.088,1.0802,1.0733,1.0674,1.0626,1.0577,1.0528,1.0469,1.042,1.0391,1.0381,1.0352,1.0313,1.0264,1.0215,1.0186,1.0166,1.0156,1.0156,1.0156,1.0156,1.0156,1.0166,1.0166,1.0156,1.0176,1.0313,1.0645,1.1193,1.1984,1.304,1.4291,1.567,1.7116,1.8358,1.9423,2.0518,2.1535,2.2424,2.3167,2.3754,2.4203,2.4555,2.4809,2.4966,2.5064,2.5083,2.5024,2.4907,2.4761,2.4585,2.4399,2.4194,2.3959,2.3675,2.3333,2.2933,2.2454,2.1896,2.1349,2.0792,2.0137,1.9423,1.87,1.8006,1.7331,1.6686,1.609,1.5572,1.5142,1.479,1.5239,1.6109,1.6471,1.6569,1.6549,1.6481,1.6393,1.6285,1.6158,1.6041,1.5934,1.5826,1.5709,1.5611,1.5513,1.5376,1.52,1.5005,1.48,1.4585,1.4379,1.4203,1.4027,1.3861,1.3734,1.3675,1.3627,1.3578,1.3529,1.3451,1.3343,1.3236,1.3138,1.304,1.2933,1.2854,1.2776,1.2698,1.2659,1.2639,1.26,1.2571,1.2551,1.2542,1.2542,1.2542,1.2542,1.2551,1.2571,1.2581,1.26,1.262,1.263,1.2639,1.2639,1.263,1.26,1.2551,1.2532,1.2561,1.2678,1.2981,1.3539,1.4223,1.5083,1.6246,1.7634,1.915,2.0694,2.217,2.35,2.4653,2.5601,2.6373,2.6979,2.7351,2.7546,2.7683,2.7771,2.7781,2.7752,2.7703,2.7625,2.7507,2.7361,2.7165,2.6911,2.6608,2.6285,2.5934,2.5513,2.5024,2.4457,2.3803,2.3079,2.2278,2.1457,2.0645,1.9873,1.9169,1.8583,1.8123,1.7693,1.7302,1.696,1.6667,1.6422,1.6227,1.609,1.5982,1.5875,1.5767,1.566,1.5582,1.5513,1.5425,1.5318,1.5171,1.4985,1.479,1.4594,1.4418,1.4242,1.4076,1.391,1.3793,1.3685,1.3558,1.3412,1.3255,1.3089,1.2903,1.2747,1.261,1.2493,1.2395,1.2297,1.2209,1.217,1.2131,1.2063,1.1975,1.1877,1.1789,1.172,1.1652,1.1593,1.1525,1.1437,1.1339,1.1281,1.1251,1.1193,1.1134,1.1105,1.1075,1.1036,1.1007,1.0978,1.0929,1.087,1.0802,1.0723,1.0684,1.0694,1.0723,1.0831,1.1085,1.1554,1.2278,1.3255,1.4448,1.5797,1.7253,1.8729,2,2.1095,2.218,2.3138,2.392,2.4506,2.4927,2.5191,2.5337,2.5376,2.5347,2.5279,2.5161,2.4995,2.4809,2.4614,2.4409,2.4154,2.3861,2.3509,2.3099,2.262,2.2043,2.1388,2.0655,1.9961,1.9296,1.8534,1.7732,1.696,1.6237,1.5572,1.5024,1.4614,1.4321,1.4115,1.3998,1.393,1.391,1.393,1.3939,1.3939,1.3949,1.3988,1.4008,1.3988,1.3949,1.3891,1.3793,1.3666,1.3558,1.346,1.3343,1.3236,1.3128,1.3011,1.2864,1.2727,1.26,1.2483,1.2346,1.218,1.2072,2.9247,2.8954,2.8583,2.8123,2.7595,2.6989,2.6373,2.5738,2.5005,2.4174,2.3275,2.2326,2.1349,2.0391,1.9482,1.8739,1.8133,1.7556,1.7058,1.6686,1.6403,1.6158,1.5953,1.5767,1.5611,1.5474,1.5357,1.523,1.5083,1.4946,1.4809,1.4682,1.4565,1.4418,1.4233,1.4037,1.3832,1.3617,1.3412,1.3226,1.306,1.2893,1.2727,1.2561,1.2424,1.2307,1.217,1.2014,1.1857,1.1711,1.1584,1.1466,1.1349,1.1251,1.1163,1.1065,1.1007,1.0958,1.088,1.0792,1.0694,1.0587,1.0499,1.044,1.0411,1.0391,1.0381,1.0391,1.0411,1.045,1.0499,1.0508,1.0489,1.045,1.0401,1.0362,1.0352,1.0381,1.0479,1.0743,1.1232,1.1857,1.2678,1.3861,1.5327,1.6989,1.8739,2.0459,2.2092,2.3568,2.4848,2.5904,2.6725,2.7341,2.7722,2.7937,2.8113,2.8231,2.827,2.825,2.8172,2.8035,2.783,2.7566,2.7273,2.695,2.6608,2.6217,2.5777,2.5288,2.4721,2.4086,2.3382,2.2581,2.172,2.0831,1.9961,1.913,1.8348,1.7722,1.7234,1.6784,1.6413,1.6129,1.5934,1.5816,1.5738,1.5718,1.5718,1.5718,1.5709,1.5699,1.5699,1.567,1.563,1.5582,1.5533,1.5464,1.5376,1.5279,1.52,1.5132,1.5044,1.4946,1.4878,1.4809,1.4721,1.4624,1.4526,1.4418,1.4311,1.4203,1.4096,1.3988,1.39,1.3822,1.3783,1.3763,1.3734,1.3685,1.3636,1.3587,1.3539,1.35,1.348,1.3451,1.3441,1.3431,1.3421,1.3441,1.348,1.3509,1.3548,1.3597,1.3646,1.3695,1.3734,1.3744,1.3724,1.3666,1.3617,1.3627,1.3754,1.4066,1.4633,1.5513,1.6706,1.8162,1.9804,2.1564,2.3314,2.4976,2.6481,2.7771,2.87,2.9384,2.998,3.044,3.0782,3.0987,3.1095,3.1114,3.1065,3.0948,3.0772,3.0577,3.0342,3.0078,2.9804,2.9492,2.913,2.8719,2.824,2.7693,2.7058,2.6334,2.5533,2.4653,2.3754,2.2942,2.217,2.1359,2.0557,1.9804,1.913,1.8543,1.8035,1.7634,1.7341,1.7107,1.6911,1.6764,1.6657,1.6549,1.6422,1.6276,1.6119,1.5963,1.5787,1.5621,1.5464,1.5308,1.5161,1.5054,1.4946,1.48,1.4614,1.4409,1.4203,1.4008,1.3822,1.3666,1.3529,1.3421,1.3343,1.3245,1.3177,1.3138,1.3069,1.2981,1.2903,1.2845,1.2786,1.2727,1.2649,1.2551,1.2463,1.2366,1.2307,1.2278,1.2229,1.2082,1.1896,1.1799,1.175,1.173,1.172,1.1711,1.1711,1.1711,1.1711,1.172,1.1711,1.1681,1.1672,1.1691,1.1818,1.2151,1.2757,1.3656,1.4839,1.6256,1.783,1.9267,2.0577,2.1965,2.3294,2.4477,2.5474,2.6266,2.6882,2.7331,2.7634,2.783,2.7928,2.7937,2.7859,2.7722,2.7546,2.7331,2.7067,2.6755,2.6403,2.6022,2.5582,2.5093,2.4555,2.3949,2.3343,2.2717,2.1965,2.1124,2.0225,1.9316,1.8426,1.7586,1.6804,1.6109,1.5513,1.5015,1.4614,1.434,1.4145,1.3988,1.3851,1.3734,1.3617,1.349,1.3363,1.3226,1.3079,1.2913,1.2708,1.2532,1.2395,1.2229,1.2043,1.1877,1.173,1.1574,1.1437,1.13,1.1153,1.1017,1.0899,1.0782,1.0704,1.0626,1.0508,1.0371,1.0235,1.0127,1.0049,0.99804,0.99218,0.98729,0.9824,0.97654,0.97556,0.97752,0.97752,0.97752,0.97752,0.97556,0.97361,0.9697,0.96579,0.9609,0.95601,0.9521,0.95112,0.95601,0.96383,0.97067,0.97361,0.97361,0.97361,0.97263,0.97165,0.97654,0.99218,1.0244,1.0782,1.1437,1.2278,1.347,1.4927,1.6569,1.8299,1.999,2.1544,2.2903,2.4047,2.4976,2.5679,2.6197,2.65,2.6637,2.6706,2.6706,2.6628,2.6481,2.6315,2.6139,2.5943,2.5709,2.5435,2.5093,2.4721,2.4301,2.3783,2.3157,2.2444,2.1672,2.086,2.002,1.9179,1.8387,1.7654,1.7009,1.6452,1.6031,1.5718,1.5455,1.5249,1.5093,1.5005,1.4956,1.4936,1.4927,1.4936,1.4936,1.4927,1.4917,1.4917,1.4917,1.4917,1.4888,1.4839,1.479,1.4721,1.4633,1.4545,1.4448,1.433,1.4233,1.4154,1.4066,1.3969,1.3871,1.3773,1.3675,1.3548,1.3402,1.3275,1.3167,1.306,1.2962,1.2903,1.2845,1.2776,1.2717,1.2669,1.261,1.2561,1.2522,1.2493,1.2444,1.2424,1.2414,1.2405,1.2405,1.2375,1.2356,1.2346,1.2326,1.2287,1.2239,1.219,1.2131,1.2063,1.2004,1.1965,1.1975,1.2102,1.2405,1.2972,1.3822,1.4985,1.6432,1.8074,1.9814,2.1535,2.3138,2.4555,2.563,2.6452,2.7224,2.7869,2.8368,2.8749,2.9013,2.9179,2.9257,2.9286,2.9247,2.914,2.8964,2.8739,2.8465,2.8182,2.7869,2.7517,2.7107,2.6647,2.6129,2.5523,2.4985,2.4457,2.3754,2.304,2.2307,2.1476,2.0626,1.9795,1.9013,1.828,1.7644,1.7126,1.6706,1.6383,1.6129,1.5924,1.5767,1.565,1.5543,1.5435,1.5327,1.521,1.5073,1.4907,1.4721,1.4526,1.4321,1.4135,1.3998,1.3891,1.3763,1.3617,1.347,1.3314,1.3157,1.2991,1.2805,1.26,1.2424,1.2287,1.216,1.2082,1.2033,1.1975,1.1916,1.1857,1.1789,1.1701,1.1613,1.1515,1.1427,1.1339,1.1271,1.1261,1.129,1.13,1.129,1.1251,1.1173,1.1085,1.0987,1.0899,1.0841,1.0802,1.0753,1.0704,1.0684,1.0674,1.0635,1.0606,1.0616,1.0743,1.1056,1.1613,1.2473,1.3636,1.5034,1.6618,1.8084,1.9482,2.1017,2.2502,2.3832,2.4966,2.5875,2.6549,2.7028,2.7361,2.7576,2.7703,2.7732,2.7674,2.7566,2.7429,2.7263,2.7058,2.6823,2.6569,2.6256,2.5865,2.5396,2.4848,2.4223,2.3617,2.2981,2.2219,2.1388,2.0499,1.9589,1.87,1.7869,1.7116,1.6471,1.5934,1.5523,1.5239,1.5073,1.4976,1.4917,1.4868,1.4819,1.477,1.4721,1.4682,1.4633,1.4565,1.4477,1.4379,1.4301,1.4242,1.4145,1.4018,1.3891,1.3773,1.3646,1.3509,1.3363,1.3206,1.305,1.2893,1.2727,1.259,1.2473,1.2336,1.2199,1.2063,1.1975,1.1965,1.2082,1.2356,1.2864,1.3636,1.4692,1.5777,1.6911,1.828,1.9726,2.1163,2.2502,2.3646,2.4585,2.5347,2.5934,2.6344,2.6598,2.6716,2.6735,2.6716,2.6667,2.6579,2.6432,2.6227,2.5982,2.5689,2.5347,2.4956,2.4497,2.3969,2.3431,2.2854,2.2141,2.1349,2.0508,1.9658,1.8837,1.8104,1.7478,1.696,1.6549,1.6237,1.6031,1.5875,1.5728,1.5621,1.5523,1.5425,1.5318,1.5239,1.5181,1.5093,1.4995,1.4888,1.4741,1.4604,1.4467,1.4291,1.4115,1.3959,1.3832,1.3705,1.3568,1.3421,1.3265,1.3109,1.2952,1.2845,1.2776,1.2698,1.26,1.2502,1.2405,1.2317,1.2258,1.2229,1.2209,1.2199,1.2199,1.2199,1.2209,1.2229,1.2239,1.2248,1.2248,1.2248,1.2248,1.2248,1.2248,1.2248,1.2248,1.2248,1.2258,1.2278,1.2278,1.2268,1.2258,1.2258,1.2239,1.2219,1.2219,1.2317,1.26,1.3157,1.4047,1.5064,1.6256,1.783,1.9971,2.2424,2.4682,2.6696,2.8446,2.9922,3.1134,3.2072,3.2747,3.3138,3.3333,3.346,3.3509,3.349,3.3412,3.3314,3.3177,3.2981,3.2766,3.2522,3.2219,3.1828,3.1378,3.086,3.0244,2.9521,2.871,2.7791,2.6755,2.563,2.4467,2.3275,2.2092,2.0958,2.0029,1.9247,1.8495,1.7859,1.7351,1.6931,1.6579,1.6285,1.6022,1.5767,1.5513,1.5269,1.5044,1.4868,1.4702,1.4497,1.4272,1.4057,1.3861,1.3675,1.349,1.3304,1.3118,1.2933,1.2737,1.2581,1.2444,1.2268,1.2102,1.1965,1.1828,1.172,1.1623,1.1505,1.1388,1.1271,1.1153,1.1046,1.1007,1.1017,1.1026,1.1026,1.1026,1.0997,1.0929,1.0831,1.0733,1.0674,1.0674,1.0811,1.1085,1.1544,1.2307,1.3412,1.4858,1.6588,1.8524,2.0538,2.2493,2.4321,2.5924,2.7253,2.8299,2.8993,2.9423,2.9765,3.001,3.0166,3.0215,3.0176,3.0068,2.9892,2.9677,2.9423,2.913,2.8817,2.8446,2.7977,2.741,2.6764,2.6031,2.521,2.4311,2.3353,2.2346,2.1339,2.0381,1.9501,1.8768,1.8182,1.7644,1.7195,1.6852,1.6608,1.6432,1.6315,1.6227,1.6158,1.609,1.6022,1.5963,1.5875,1.5748,1.563,1.5513,1.5386,1.5269,1.5142,1.5005,1.4868,1.4702,1.4516,1.436,1.4242,1.4086,1.3939,1.3812,1.3695,1.3587,1.3509,1.3431,1.3363,1.3304,1.3245,1.3148,1.3069,1.303,1.2981,1.2942,1.2942,1.2942,1.2942,1.2942,1.2913,1.2884,1.2864,1.2845,1.2835,1.2854,1.2864,1.2874,1.2874,1.2874,1.2874,1.2845,1.2805,1.2766,1.2776,1.2903,1.3206,1.3646,1.434,1.5455,1.696,1.8778,2.0841,2.3011,2.5122,2.7067,2.8788,3.0244,3.1447,3.2258,3.2786,3.3245,3.3607,3.3871,3.4027,3.4076,3.4037,3.393,3.3754,3.3548,3.3324,3.306,3.2747,3.2395,3.1994,3.1505,3.0929,3.0254,2.9482,2.8602,2.7615,2.6559,2.5455,2.435,2.3372,2.2473,2.1554,2.0704,1.9961,1.9345,1.8837,1.8416,1.8074,1.7801,1.7595,1.7449,1.7341,1.7253,1.7155,1.7009,1.6852,1.6667,1.6432,1.6149,1.5846,1.5552,1.5269,1.4995,1.4721,1.4497,1.4291,1.4066,1.3851,1.3636,1.3441,1.3245,1.306,1.2874,1.2698,1.2297,1.1799,1.1486,1.131,1.1202,1.1124,1.1065,1.1017,1.0997,1.0987,1.0978,1.0978,1.0978,1.0978,1.0978,1.0997,1.1036,1.1046,1.1026,1.0987,1.0938,1.0909,1.089,1.0919,1.1046,1.1359,1.1935,1.2815,1.3793,1.4936,1.6432,1.8104,1.9804,2.1457,2.2962,2.4262,2.5347,2.6217,2.6852,2.7302,2.7537,2.7634,2.7683,2.7674,2.7625,2.7517,2.739,2.7253,2.7087,2.6882,2.6608,2.6266,2.5836,2.5386,2.4878,2.4242,2.3519,2.2708,2.1838,2.0919,1.9961,1.9013,1.8123,1.7273,1.652,1.5953,1.5513,1.5132,1.4809,1.4555,1.4379,1.4242,1.4125,1.4008,1.3871,1.3705,1.3519,1.3324,1.3157,1.3011,1.2835,1.2639,1.2414,1.2199,1.1984,1.1779,1.1593,1.1408,1.1241,1.1085,1.0958,1.0841,1.0674,1.0508,1.0352,1.0225,1.0108,1,0.98925,0.97947,0.96872,0.95992,0.95503,0.95308,0.94917,0.94526,0.94037,0.93842,0.93744,0.93646,0.93646,0.93646,0.93744,0.93842,0.93939,0.94428,0.94917,0.95015,0.95015,0.95015,0.95015,0.9521,0.95308,0.9521,0.95015,0.94819,0.94624,0.94721,0.9521,0.96188,0.98631,1.0303,1.1007,1.2033,1.3353,1.4917,1.6667,1.8475,2.0235,2.1877,2.3167,2.4184,2.5132,2.5943,2.6588,2.7067,2.738,2.7556,2.7605,2.7566,2.7439,2.7263,2.7048,2.6784,2.65,2.6197,2.5885,2.5523,2.5083,2.4585,2.3998,2.3304,2.2532,2.1691,2.0762,1.9922,1.914,1.8309,1.7507,1.6794,1.6197,1.5718,1.5357,1.5103,1.4927,1.4829,1.479,1.478,1.478,1.479,1.479,1.477,1.4731,1.4682,1.4614,1.4497,1.4389,1.4311,1.4233,1.4145,1.4076,1.4018,1.393,1.3842,1.3734,1.3607,1.35,1.3382,1.3245,1.3099,1.2952,1.2805,1.2727,1.2688,1.2678,1.2776,1.305,1.3568,1.436,1.5445,1.6774,1.827,1.9844,2.1378,2.2805,2.392,2.477,2.5533,2.6168,2.6647,2.695,2.7116,2.7185,2.7175,2.7107,2.6989,2.6823,2.6598,2.6315,2.5982,2.5591,2.5142,2.4624,2.4027,2.3353,2.259,2.176,2.088,1.999,1.911,1.8358,1.7732,1.7107,1.6549,1.608,1.5699,1.5406,1.5181,1.5015,1.4897,1.478,1.4663,1.4545,1.4457,1.436,1.4242,1.436,1.4565,1.4555,1.4438,1.4272,1.4066,1.3842,1.3627,1.3441,1.3304,1.3196,1.306,1.2903,1.2747,1.2581,1.2414,1.2248,1.2102,1.1965,1.1848,1.173,1.1662,1.1613,1.1535,1.1466,1.1427,1.1408,1.1398,1.1408,1.1427,1.1437,1.1447,1.1447,1.1437,1.1447,1.1476,1.1496,1.1505,1.1505,1.1505,1.1505,1.1505,1.1505,1.1505,1.1505,1.1505,1.1535,1.1574,1.1593,1.1603,1.1613,1.1613,1.1613,1.1613,1.1613,1.1603,1.1564,1.1535,1.1525,1.1544,1.1584,1.1603,1.1613,1.1603,1.1564,1.1535,1.1564,1.1711,1.2063,1.2727,1.3763,1.4936,1.6295,1.8065,2.0088,2.2219,2.433,2.6285,2.8016,2.9462,3.0635,3.1574,3.2268,3.2669,3.2893,3.3079,3.3187,3.3226,3.3187,3.3069,3.2884,3.2669,3.2424,3.2141,3.1799,3.1388,3.0938,3.042,2.9804,2.9081,2.826,2.7351,2.6354,2.5288,2.4174,2.305,2.1975,2.0978,2.0147,1.9453,1.8817,1.8289,1.7869,1.7546,1.7331,1.7204,1.7116,1.7038,1.697,1.6911,1.6852,1.6813,1.6774,1.6706,1.6618,1.651,1.6373,1.6227,1.607,1.5904,1.5728,1.5533,1.5318,1.5161,1.5024,1.4848,1.4673,1.4497,1.4301,1.4125,1.3949,1.3793,1.3685,1.3587,1.349,1.3372,1.3284,1.3206,1.3089,1.2962,1.2845,1.2747,1.2669,1.261,1.2571,1.2522,1.2473,1.2434,1.2444,1.2463,1.2454,1.2454,1.2463,1.2473,1.2473,1.2473,1.2444,1.2414,1.2405,1.2385,1.2366,1.2375,1.2414,1.2444,1.2502,1.2659,1.3001,1.3607,1.4536,1.5787,1.737,1.9218,2.1183,2.2884,2.4399,2.5982,2.7468,2.8768,2.9853,3.0723,3.1408,3.1916,3.2278,3.2522,3.2639,3.2659,3.2571,3.2434,3.2278,3.2092,3.1857,3.1564,3.1222,3.0821,3.0352,2.9795,2.9159,2.8426,2.7683,2.6911,2.6012,2.5034,2.4018,2.3011,2.2053,2.1173,2.0391,1.9726,1.9169,1.8719,1.8348,1.8084,1.7879,1.7693,1.7537,1.738,1.7224,1.7067,1.6901,1.6735,1.6549,1.6315,1.6061,1.5836,1.564,1.5425,1.521,1.5024,1.4858,1.4692,1.4536,1.4409,1.4272,1.4115,1.3949,1.3793,1.3715,1.3675,1.3627,1.3578,1.3529,1.347,1.3412,1.3363,1.3304,1.3236,1.2766,1.2111,1.1779,1.1613,1.1505,1.1427,1.1359,1.132,1.1349,1.1515,1.1877,1.2493,1.3392,1.4604,1.6051,1.7419,1.8749,2.0235,2.1701,2.303,2.4164,2.5093,2.5806,2.6344,2.6735,2.7019,2.7214,2.7283,2.7283,2.7253,2.7175,2.7038,2.6843,2.6608,2.6334,2.6022,2.565,2.522,2.4731,2.4203,2.3636,2.2962,2.2199,2.1369,2.0499,1.9619,1.8749,1.7908,1.7136,1.6432,1.5816,1.5318,1.4966,1.4702,1.4467,1.4291,1.4135,1.4008,1.39,1.3783,1.3666,1.3548,1.3412,1.3255,1.3109,1.2972,1.2805,1.262,1.2424,1.2229,1.2033,1.1828,1.1623,1.1437,1.1251,1.1075,1.0909,1.0792,1.0694,1.0577,1.0469,1.0381,1.0303,1.0254,1.0235,1.0225,1.0215,1.0186,1.0137,1.0108,1.0108,1.0078,1.0039,1.002,1.001,1.001,1.001,0.99902,0.99609,0.99316,0.99218,0.9912,0.99316,0.99707,0.99609,0.9912,0.98631,0.98338,0.98338,0.99316,1.0205,1.0723,1.1535,1.262,1.3754,1.4966,1.6461,1.8094,1.9736,2.1261,2.26,2.3715,2.4594,2.5269,2.5738,2.6041,2.6207,2.6246,2.6207,2.6139,2.6022,2.5865,2.5689,2.5474,2.52,2.4888,2.4526,2.4086,2.3578,2.3069,2.2532,2.1867,2.1105,2.0235,1.9306,1.8348,1.739,1.6481,1.564,1.4878,1.4242,1.3763,1.3441,1.3236,1.3079,1.2991,1.2942,1.2903,1.2845,1.2766,1.2678,1.2581,1.2483,1.2385,1.2297,1.2199,1.2082,1.1945,1.1799,1.1652,1.1505,1.1349,1.1202,1.1046,1.089,1.0743,1.0587,1.0489,1.0411,1.0313,1.0215,1.0108,1.001,0.9912,0.98045,0.97067,0.95992,0.9521,0.94819,0.94917,0.9521,0.95406,0.9521,0.94624,0.93842,0.92864,0.91887,0.90909,0.90029,0.89638,0.89541,0.89541,0.89736,0.90127,0.90323,0.90225,0.89932,0.89736,0.89736,0.90225,0.91984,0.95797,1.0215,1.1124,1.2121,1.3265,1.4741,1.6403,1.8133,1.9834,2.1417,2.2815,2.4018,2.5024,2.5826,2.6442,2.6882,2.7136,2.7243,2.7312,2.7331,2.7292,2.7195,2.7058,2.6882,2.6637,2.6325,2.5953,2.5513,2.5054,2.4545,2.392,2.3216,2.2434,2.1574,2.0674,1.9765,1.8886,1.8065,1.7322,1.6686,1.6168,1.5777,1.5503,1.5279,1.5112,1.5386,1.5885,1.607,1.609,1.6012,1.5875,1.5689,1.5474,1.5298,1.5142,1.4936,1.4712,1.4487,1.4272,1.4057,1.3832,1.3627,1.3441,1.3265,1.3099,1.2962,1.2835,1.2688,1.2532,1.1525,1.1574,1.175,1.2121,1.2757,1.3695,1.4927,1.6422,1.8133,1.9707,2.1183,2.2766,2.4282,2.563,2.6774,2.7683,2.8358,2.8827,2.915,2.9345,2.9443,2.9423,2.9345,2.9257,2.913,2.8983,2.8817,2.8612,2.8338,2.7986,2.7537,2.6999,2.6364,2.563,2.4907,2.4154,2.3284,2.2326,2.132,2.0293,1.9286,1.8348,1.7498,1.6745,1.61,1.5572,1.521,1.4956,1.4721,1.4506,1.433,1.4174,1.4018,1.3851,1.3695,1.3529,1.3363,1.3196,1.303,1.2913,1.2815,1.2678,1.2532,1.2375,1.2199,1.2014,1.1838,1.1681,1.1525,1.1349,1.1183,1.1075,1.1007,1.0919,1.0811,1.0723,1.0665,1.0635,1.0596,1.0528,1.0459,1.0371,1.0264,1.0176,1.0127,1.0108,1.0068,1.0039,1.002,1,0.99902,1.001,1.0039,1.0049,1.0059,1.0059,1.0088,1.0127,1.0147,1.0156,1.0166,1.0166,1.0166,1.0166,1.0166,1.0205,1.0362,1.0704,1.13,1.2043,1.2991,1.433,1.5992,1.7859,1.9814,2.1779,2.3656,2.5327,2.6755,2.7947,2.8925,2.9589,3.0029,3.042,3.0704,3.089,3.0987,3.0987,3.0919,3.0792,3.0635,3.045,3.0215,2.9932,2.9599,2.9228,2.8798,2.827,2.7634,2.6911,2.608,2.5152,2.4154,2.3148,2.2151,2.1202,2.0411,1.9726,1.9071,1.8495,1.8016,1.7625,1.7312,1.7058,1.6862,1.6716,1.6588,1.6452,1.6305,1.6178,1.6061,1.5904,1.5699,1.5474,1.5259,1.5034,1.4819,1.4604,1.4399,2.654,2.5953,2.5318,2.4633,2.391,2.3196,2.2522,2.1887,2.13,2.0841,2.0459,2.0098,1.9765,1.9501,1.9306,1.914,1.8983,1.8837,1.87,1.8553,1.8416,1.828,1.8162,1.8065,1.7957,1.7849,1.7752,1.7654,1.7537,1.739,1.7224,1.7048,1.6872,1.6696,1.6549,1.6432,1.6305,1.6168,1.6031,1.5904,1.5787,1.5679,1.5601,1.5543,1.5494,1.5445,1.5396,1.5357,1.5318,1.5259,1.521,1.5161,1.5112,1.5064,1.5024,1.4995,1.4976,1.4966,1.4966,1.4976,1.4976,1.4966,1.4194,1.305,1.2473,1.219,1.2063,1.2043,1.217,1.2512,1.3099,1.3969,1.4927,1.6002,1.737,1.8915,2.0508,2.2053,2.349,2.4761,2.5846,2.6716,2.737,2.7869,2.8172,2.8338,2.8446,2.8504,2.8534,2.8514,2.8456,2.8338,2.8172,2.7947,2.7683,2.738,2.7019,2.6628,2.6197,2.5689,2.5093,2.4438,2.3705,2.2884,2.2004,2.1075,2.0147,1.9247,1.8397,1.7703,1.7136,1.6579,1.607,1.565,1.5318,1.5034,1.48,1.4614,1.4448,1.4282,1.4096,1.3939,1.3803,1.3646,1.349,1.3343,1.3196,1.305,1.2923,1.2786,1.2649,1.2512,1.2366,1.2199,1.2082,1.1994,1.1896,1.1789,1.1681,1.1564,1.1457,1.1349,1.1232,1.1134,1.1056,1.0978,1.0929,1.089,1.0821,1.0743,1.0665,1.0596,1.0518,1.044,1.0371,1.0313,1.0254,1.0215,1.0196,1.0215,1.0254,1.0254,1.0225,1.0196,1.0186,1.0176,1.0176,1.0176,1.0186,1.0244,1.043,1.0753,1.1232,1.2004,1.3099,1.4467,1.6051,1.7761,1.9501,2.1153,2.2659,2.3988,2.5103,2.6002,2.6637,2.7067,2.7419,2.7693,2.7889,2.7996,2.8025,2.7986,2.7898,2.7752,2.7556,2.7302,2.7009,2.6667,2.6266,2.5816,2.5298,2.4721,2.4086,2.3392,2.2649,2.1867,2.1085,2.0332,1.9638,1.9091,1.8671,1.827,1.7937,1.7683,1.7517,1.7419,1.737,1.737,1.74,1.7419,1.7429,1.7429,1.7429,1.74,1.7331,1.7243,1.7126,1.6989,1.6833,1.6676,1.651,1.6344,1.6178,1.6012,1.5875,1.5748,1.5601,1.5445,1.5298,1.5171,1.5044,1.4927,1.48,1.4653,1.4497,1.433,1.4213,1.4106,1.3969,1.3832,1.3724,1.3636,1.3568,1.3509,1.3451,1.3402,1.3363,1.3324,1.3304,1.3314,1.3353,1.3402,1.3451,1.349,1.3509,1.3529,1.3539,1.3519,1.35,1.35,1.3558,1.3685,1.393,1.4399,1.5152,1.6197,1.7527,1.9081,2.0772,2.2473,2.4086,2.5552,2.6813,2.7879,2.8641,2.9159,2.9609,2.998,3.0244,3.042,3.0508,3.0528,3.0508,3.0469,3.0391,3.0274,3.0088,2.9844,2.958,2.9277,2.8915,2.8485,2.7986,2.7419,2.6755,2.6002,2.5181,2.4291,2.3343,2.2493,2.172,2.0899,2.0098,1.9365,1.8719,1.8162,1.7703,1.7351,1.6999,1.6667,1.6432,1.6266,1.6129,1.5973,1.5816,1.566,1.5484,1.5298,1.5112,1.4907,1.4692,1.4477,1.4272,1.4115,1.3988,1.3822,1.3646,1.348,1.3314,1.3148,1.2972,1.2766,1.2571,1.2395,1.2219,1.2053,1.1926,1.1838,1.174,1.1632,1.1525,1.1417,1.132,1.1232,1.1163,1.1105,1.1026,1.0968,1.0938,1.0909,1.085,1.0782,1.0704,1.0635,1.0567,1.0499,1.0469,1.042,1.0371,1.0352,1.0342,1.0362,1.044,1.0616,1.0968,1.1554,1.2414,1.3578,1.4976,1.654,1.8211,1.9873,2.1427,2.2669,2.3675,2.4624,2.5425,2.607,2.6559,2.6891,2.7087,2.7185,2.7204,2.7155,2.7067,2.694,2.6764,2.654,2.6295,2.6002,2.5679,2.5327,2.4917,2.4438,2.3891,2.3255,2.2561,2.1818,2.1114,2.043,1.9677,1.8905,1.8162,1.7507,1.697,1.654,1.6207,1.5973,1.5816,1.5728,1.5699,1.5709,1.5738,1.5767,1.5787,1.5777,1.5758,1.5738,1.5718,1.5689,1.565,1.5601,1.5523,1.5425,1.5327,1.521,1.5122,1.5044,1.4985,1.4936,1.4888,1.4848,1.48,1.4721,1.4643,1.4575,1.4545,1.4545,1.4545,1.4545,1.4555,1.4604,1.4663,1.4721,1.479,1.4878,1.4966,1.5044,1.5103,1.5161,1.522,1.5279,1.5337,1.5386,1.5445,1.5513,1.5591,1.565,1.5709,1.5758,1.5787,1.5836,1.5924,1.6129,1.652,1.7165,1.8094,1.9277,2.0704,2.2317,2.4027,2.5718,2.7302,2.8534,2.9492,3.0411,3.1183,3.1769,3.2199,3.2502,3.2688,3.2786,3.2805,3.2786,3.2737,3.2639,3.2454,3.2219,3.1984,3.173,3.1417,3.1026,3.0587,3.0088,2.9531,2.8905,2.8211,2.7458,2.6725,2.5992,2.5152,2.4252,2.3353,2.2493,2.1701,2.0987,2.0371,1.9844,1.9413,1.9062,1.8788,1.8602,1.8436,1.827,1.8094,1.7898,1.7693,1.7478,1.7263,1.7058,1.6862,1.6657,1.6432,1.6227,1.6031,1.5797,1.5543,1.5279,1.5015,1.478,1.4565,1.4389,1.4233,1.4057,1.3861,1.3666,1.3529,1.3421,1.3284,1.3128,1.2972,1.2815,1.2678,1.2551,1.2424,1.2307,1.2209,1.2131,1.2092,1.2072,1.2033,1.1984,1.1935,1.1887,1.1828,1.1779,1.174,1.172,1.1711,1.1691,1.1681,1.1662,1.1613,1.1584,1.1515,1.1535,1.1857,1.2483,1.3372,1.4487,1.5777,1.7185,1.8602,1.9804,2.0831,2.1838,2.2737,2.3519,2.4154,2.4624,2.4956,2.5171,2.5279,2.5298,2.523,2.5093,2.4927,2.4741,2.4526,2.4301,2.4066,2.3803,2.349,2.3118,2.2669,2.2141,2.1525,2.0821,2.0156,1.9501,1.8739,1.7928,1.7136,1.6393,1.5728,1.5171,1.4731,1.4418,1.4213,1.4096,1.4047,1.4047,1.4076,1.4115,1.4145,1.4164,1.4174,1.4174,1.4154,1.4096,1.4018,1.393,1.3832,1.3763,1.3705,1.3627,1.3548,1.348,1.3412,1.3333,1.3245,1.3138,1.3011,1.2874,1.2747,1.2659,1.259,1.2493,1.2385,1.2287,1.2199,1.2131,1.2072,1.2023,1.1984,1.1975,1.1994,1.2033,1.2092,1.2151,1.2199,1.2268,1.2336,1.2395,1.2473,1.2561,1.2639,1.2708,1.2737,1.2757,1.2786,1.2825,1.2874,1.2952,1.3118,1.3431,1.3939,1.4673,1.565,1.6872,1.828,1.9804,2.1359,2.2659,2.3763,2.4878,2.5894,2.6784,2.7488,2.8035,2.8446,2.8719,2.8905,2.9022,2.9071,2.9022,2.8895,2.8749,2.8583,2.8407,2.8192,2.7947,2.7713,2.7449,2.7116,2.6716,2.6217,2.5621,2.4995,2.433,2.3558,2.2737,2.1906,2.1105,2.0352,1.9668,1.9081,1.8602,1.8201,1.7869,1.7605,1.739,1.7185,1.6989,1.6794,1.6608,1.6442,1.6285,1.6149,1.6002,1.5846,1.5689,1.5503,1.5327,1.5152,1.4936,1.4702,1.4467,1.4233,1.4008,1.3803,1.3597,1.3412,1.3245,1.3089,1.2981,1.2903,1.2825,1.2757,1.2698,1.2639,1.2561,1.2483,1.2395,1.2287,1.218,1.2063,1.1945,1.1857,1.1818,1.176,1.1681,1.1603,1.1544,1.1486,1.1437,1.1398,1.1378,1.1369,1.1349,1.1339,1.1339,1.13,1.1261,1.1241,1.1251,1.1378,1.1711,1.2287,1.3138,1.4242,1.5572,1.6833,1.8055,1.9443,2.0841,2.2121,2.3226,2.4135,2.4858,2.5406,2.5787,2.6022,2.6139,2.6188,2.6168,2.608,2.5992,2.5875,2.5718,2.5523,2.5298,2.5054,2.478,2.4457,2.4047,2.3568,2.3069,2.2542,2.1906,2.1173,2.0381,1.956,1.8739,1.7947,1.7195,1.652,1.5943,1.5445,1.5024,1.4721,1.4506,1.434,1.4213,1.4125,1.4066,1.4027,1.3978,1.393,1.3881,1.3578,1.3138,1.2893,1.2747,1.26,1.2463,1.2317,1.216,1.2023,1.1906,1.1808,1.1701,1.1564,1.1417,1.1261,1.1144,1.1036,1.086,1.0655,1.045,1.0225,1.001,0.98143,0.96579,0.95308,0.94135,0.92962,0.92375,0.92082,0.91691,0.91496,0.91398,0.91398,0.91398,0.91398,0.91202,0.90909,0.90616,0.9042,0.90323,0.90518,0.90909,0.91105,0.91496,0.9218,0.93353,0.95406,0.99022,1.0479,1.132,1.2463,1.3871,1.5249,1.6647,1.8309,2.0029,2.1691,2.3216,2.4545,2.564,2.65,2.7155,2.7634,2.7957,2.8143,2.8182,2.8123,2.8025,2.7898,2.7752,2.7566,2.7341,2.7097,2.6823,2.651,2.6139,2.5709,2.5259,2.477,2.4174,2.347,2.2669,2.1808,2.0909,1.999,1.911,1.8299,1.7576,1.6979,1.6491,1.6119,1.5846,1.5601,1.5367,1.5161,1.4976,1.48,1.4633,1.4467,1.4301,1.4135,1.3978,1.3842,1.3705,1.3529,1.3333,1.3128,1.2913,1.2698,1.2483,1.2268,1.2082,1.1935,1.1789,1.1652,1.1554,1.0332,1.0313,1.0274,1.0235,1.0186,1.0147,1.0156,1.0264,1.0567,1.1124,1.1984,1.2952,1.4086,1.5552,1.7224,1.8974,2.0694,2.2268,2.3636,2.478,2.5679,2.6325,2.6774,2.7048,2.7146,2.7126,2.7097,2.7038,2.694,2.6823,2.6716,2.6579,2.6383,2.6139,2.5826,2.5455,2.5064,2.4624,2.4086,2.3431,2.2688,2.1848,2.0909,1.9912,1.8886,1.7898,1.697,1.6109,1.5406,1.4829,1.4272,1.3773,1.3363,1.303,1.2776,1.2581,1.2424,1.2297,1.218,1.2063,1.1926,1.1799,1.1701,1.1584,1.1466,1.1339,1.1193,1.1046,1.089,1.0733,1.0567,1.0401,1.0244,1.0127,1.0039,0.99413,0.98338,0.97263,0.96188,0.95112,0.93939,0.92669,0.913,0.89834,0.8827,0.86706,0.8563,0.84946,0.84262,0.83578,0.83187,0.83089,0.83187,0.83187,0.83089,0.82796,0.82502,0.82502,0.82893,0.83382,0.83578,0.83675,0.83773,0.83675,0.8348,0.83382,0.83284,0.83284,0.83382,0.83969,0.85924,0.8915,0.94135,1.0215,1.1369,1.3275,1.5621,1.7761,1.9765,2.1623,2.3265,2.4673,2.5846,2.6676,2.7263,2.7771,2.8152,2.8397,2.8534,2.8583,2.8553,2.8475,2.8358,2.8192,2.7986,2.7732,2.7449,2.7146,2.6784,2.6354,2.5855,2.5279,2.4614,2.3881,2.3089,2.2229,2.1369,2.0538,1.9814,1.9179,1.8553,1.7977,1.7468,1.7058,1.6745,1.653,1.6403,1.6305,1.6237,1.6158,1.6051,1.5943,1.5836,1.5699,1.5552,1.5396,1.5249,1.5112,1.4976,1.4829,1.4673,1.4516,1.433,1.4184,1.4057,1.39,1.3744,1.3607,1.35,1.3392,1.3284,1.3177,1.306,1.2913,1.2786,1.2698,1.2639,1.2581,1.2512,1.2454,1.2395,1.2346,1.2287,1.2248,1.2219,1.217,1.2121,1.2072,1.2043,1.2043,1.2043,1.2033,1.2014,1.2004,1.1984,1.1945,1.1906,1.1838,1.1769,1.172,1.1691,1.1711,1.1799,1.2033,1.2502,1.3245,1.4272,1.5582,1.7116,1.8798,2.0528,2.2219,2.3773,2.4985,2.5924,2.6813,2.7576,2.8172,2.8612,2.8905,2.9091,2.9189,2.9198,2.9159,2.9091,2.8974,2.8807,2.8602,2.8397,2.8152,2.7859,2.7507,2.7116,2.6676,2.6149,2.5523,2.479,2.3969,2.3187,2.2405,2.1515,2.0587,1.9677,1.8807,1.7996,1.7283,1.6667,1.6149,1.5728,1.5396,1.5142,1.4995,1.4888,1.478,1.4663,1.4516,1.433,1.4135,1.391,1.3695,1.348,1.3245,1.3021,1.2845,1.2678,1.2483,1.2297,1.2102,1.1926,1.1769,1.1632,1.1505,1.1359,1.1202,1.1046,1.0929,1.0831,0.98631,0.98338,0.97947,0.97849,0.98827,1.0127,1.0606,1.1369,1.2444,1.3832,1.5455,1.696,1.8397,2.001,2.1603,2.306,2.4311,2.5357,2.6188,2.6794,2.7204,2.7478,2.7644,2.7674,2.7605,2.7517,2.739,2.7224,2.7019,2.6774,2.651,2.6197,2.5826,2.5406,2.4927,2.436,2.3793,2.3187,2.2444,2.1593,2.0704,1.9804,1.8925,1.8094,1.7351,1.6725,1.6217,1.5816,1.5533,1.5347,1.523,1.5171,1.5152,1.5171,1.521,1.5259,1.5308,1.5327,1.5318,1.5415,1.5562,1.5611,1.5611,1.5543,1.5435,1.5327,1.522,1.5112,1.4976,1.4829,1.4673,1.4497,1.433,1.4194,1.4086,1.3988,1.39,1.3803,1.3685,1.3558,1.3431,1.3294,1.3187,1.3089,1.2991,1.2903,1.2854,1.2835,1.2796,1.2747,1.2698,1.2639,1.259,1.2532,1.2483,1.2424,1.2385,1.2366,1.2385,1.2434,1.2473,1.2493,1.2483,1.2444,1.2366,1.2268,1.218,1.217,1.2297,1.2659,1.3343,1.4194,1.5259,1.6686,1.8328,2.0078,2.1808,2.3431,2.4888,2.6129,2.7165,2.8006,2.8671,2.9081,2.9335,2.9541,2.9677,2.9746,2.9746,2.9677,2.956,2.9423,2.9257,2.9062,2.8847,2.8583,2.828,2.7918,2.7498,2.6999,2.6422,2.5758,2.5005,2.4154,2.3226,2.2258,2.1281,2.0342,1.956,1.8895,1.825,1.7693,1.7204,1.6804,1.6461,1.6168,1.5943,1.5777,1.564,1.5503,1.5347,1.522,1.5103,1.4946,1.4761,1.4555,1.435,1.4145,1.3969,1.3793,1.3627,1.3431,1.3196,1.3021,1.2874,1.2688,1.2502,1.2326,1.216,1.2004,1.1857,1.172,1.1584,1.1447,1.132,1.1232,1.1163,1.1075,1.0978,1.087,1.0762,1.0665,1.0596,1.0557,1.0538,1.0528,1.0538,1.0547,1.0577,1.0606,1.0606,1.0606,1.0606,1.0606,1.0606,1.0587,1.0567,1.0547,1.0508,1.0479,1.0499,1.0547,1.0626,1.085,1.1281,1.1984,1.3011,1.434,1.5894,1.7605,1.9374,2.1085,2.2678,2.393,2.4878,2.5748,2.6481,2.7038,2.7439,2.7722,2.7889,2.7957,2.7947,2.7879,2.7752,2.7576,2.737,2.7126,2.6872,2.6588,2.6276,2.5914,2.5503,2.5015,2.4418,2.3705,2.2893,2.2004,2.1193,2.042,1.9589,1.8749,1.7977,1.7322,1.6774,1.6344,1.6031,1.5836,1.5718,1.566,1.565,1.567,1.5709,1.5758,1.5777,1.5758,1.5728,1.5699,1.5679,1.567,1.567,1.564,1.5572,1.5513,1.5455,1.5367,1.5269,1.5161,1.5054,1.4946,1.4839,1.4731,1.4624,1.4516,1.4409,1.433,1.4252,1.4145,1.4047,1.3939,1.3832,1.3754,1.3685,1.3627,1.3568,1.3529,1.349,1.346,1.347,1.349,1.347,1.3451,1.3441,1.3441,1.3441,1.3451,1.347,1.349,1.3529,1.3578,1.3636,1.3685,1.3685,1.3656,1.3636,1.3587,1.3558,1.3724,1.4164,1.4927,1.6041,1.7478,1.9159,2.0714,2.218,2.3793,2.5376,2.6784,2.7967,2.8915,2.9658,3.0215,3.0587,3.0821,3.0938,3.0919,3.0841,3.0743,3.0616,3.044,3.0215,2.9941,2.9638,2.9316,2.8964,2.8563,2.8113,2.7586,2.7048,2.6442,2.5689,2.4839,2.39,2.2913,2.1935,2.0968,2.0049,1.9228,1.8495,1.7859,1.739,1.7028,1.6696,1.6422,1.6197,1.6002,1.5816,1.564,1.5484,1.5347,1.521,1.5044,1.4848,1.4682,1.4526,1.434,1.4135,1.393,1.3763,1.3607,1.346,1.3314,1.3157,1.3011,1.2864,1.2766,1.2717,1.2669,1.261,1.2551,1.2493,1.2444,1.2385,1.2317,1.2229,1.2141,1.2063,1.2004,1.1975,1.1955,1.1935,1.1926,1.1916,1.1916,1.1916,1.1916,1.1916,1.1916,1.1916,1.1916,1.1926,1.1945,1.1955,1.1945,1.1926,1.1916,1.1896,1.1848,1.1799,1.1789,1.1848,1.2072,1.2454,1.305,1.3978,1.52,1.6667,1.8309,2.0029,2.1711,2.3284,2.4682,2.5894,2.6872,2.7615,2.8084,2.8377,2.8602,2.8759,2.8837,2.8837,2.8749,2.8592,2.8407,2.8172,2.7898,2.7605,2.7292,2.696,2.6569,2.61,2.5572,2.4976,2.4282,2.3519,2.2669,2.176,2.0821,1.9883,1.8944,1.8152,1.7478,1.6813,1.6217,1.5728,1.5357,1.5073,1.4868,1.4721,1.4633,1.4594,1.4575,1.4575,1.4575,1.4536,1.4457,1.436,1.4252,1.4145,1.4037,1.391,1.3783,1.3656,1.3529,1.3372,1.3255,1.3138,1.2981,1.2796,1.259,1.2385,1.219,1.2023,1.1887,1.176,1.1642,1.1535,1.1496,1.1505,1.1515,1.1505,1.1466,1.1437,1.1408,1.1369,1.1329,1.1281,1.1232,1.1202,1.1193,1.1212,1.1251,1.1271,1.13,1.1349,1.1408,1.1437,1.1447,1.1457,1.1486,1.1574,1.1769,1.2082,1.2561,1.3333,1.4428,1.5855,1.7546,1.9404,2.13,2.3138,2.4819,2.6276,2.7498,2.8504,2.9189,2.9629,2.9971,3.0215,3.0381,3.0459,3.0479,3.043,3.0323,3.0176,3.001,2.9804,2.956,2.9277,2.8954,2.8583,2.8143,2.7615,2.6989,2.6276,2.5484,2.4633,2.3744,2.2854,2.2004,2.1281,2.0655,2.0029,1.9472,1.8993,1.8602,1.828,1.8035,1.7859,1.7713,1.7586,1.7175,1.6647,1.6334,1.6139,1.6022,1.5914,1.5787,1.566,1.5543,1.5406,1.5259,1.5093,1.4927,1.4761,1.4614,1.4467,1.4311,1.4125,1.392,1.3705,1.349,1.3265,1.306,1.2874,1.2708,1.2581,1.2522,1.2502,1.2483,1.2454,1.2444,1.2434,1.2444,1.2463,1.2473,1.2483,1.2483,1.2483,1.2473,1.2463,1.2473,1.2493,1.259,1.2835,1.3304,1.4096,1.522,1.6637,1.828,2.0039,2.1828,2.3314,2.4545,2.5767,2.6833,2.7693,2.8348,2.8807,2.9101,2.9228,2.9228,2.9101,2.8895,2.8651,2.8387,2.8123,2.7879,2.7644,2.739,2.7077,2.6696,2.6237,2.5699,2.5073,2.437,2.3597,2.2854,2.2092,2.1202,2.0254,1.9286,1.8338,1.7439,1.6647,1.5992,1.5435,1.4985,1.4633,1.4409,1.4262,1.4106,1.3939,1.3803,1.3646,1.349,1.3353,1.3196,1.3021,1.2854,1.2678,1.2512,1.2385,1.2278,1.2141,1.1984,1.1828,1.1652,1.1437,1.1183,1.0948,1.0743,1.0567,1.0401,1.0264,1.0166,1.0029,0.98436,0.96579,0.94917,0.93548,0.92278,0.91202,0.9042,0.89736,0.8915,0.88563,0.88368,0.88465,0.88172,0.87879,0.87781,0.87586,0.87195,0.86706,0.86217,0.8563,0.85337,0.85728,0.87097,0.89736,0.94624,1.0235,1.1329,1.2737,1.4399,1.6217,1.8065,1.9834,2.1437,2.2825,2.3969,2.478,2.5367,2.5885,2.6285,2.6569,2.6745,2.6813,2.6804,2.6725,2.6608,2.6452,2.6246,2.5982,2.567,2.5308,2.4897,2.4438,2.39,2.3275,2.2581,2.1818,2.0968,2.0059,1.913,1.8201,1.74,1.6686,1.5963,1.5308,1.4761,1.433,1.4027,1.3832,1.3724,1.3695,1.3734,1.3783,1.3842,1.39,1.393,1.3939,1.3949,1.3949,1.392,1.3881,1.3832,1.3754,1.3656,1.3548,1.3412,1.3275,1.3128,1.2942,1.2766,1.261,1.2473,1.2356,1.2219,1.2102,1.1994,1.1887,1.1779,1.172,1.1691,1.1652,1.1603,1.1554,1.1496,1.1437,1.1378,1.1339,1.1329,1.1359,1.1388,1.1388,1.1388,1.1388,1.1329,1.1241,1.1173,1.1134,1.1212,1.1496,1.2043,1.2893,1.4057,1.5523,1.697,1.8416,2.0088,2.1789,2.3392,2.48,2.5982,2.694,2.7683,2.824,2.8631,2.8895,2.9071,2.912,2.9071,2.9003,2.8905,2.8749,2.8719,2.8749,2.8622,2.8387,2.8065,2.7674,2.7214,2.6716,2.6168,2.5503,2.4721,2.3861,2.2942,2.2004,2.1056,2.0156,1.9326,1.8583,1.7947,1.74,1.6979,1.6667,1.6373,1.61,1.5875,1.5689,1.5543,1.5435,1.5337,1.523,1.5122,1.4995,1.4858,1.4721,1.4545,1.4321,1.4066,1.3803,1.3539,1.3265,1.3001,1.2747,1.2522,1.2346,1.2239,1.2199,1.2151,1.2072,1.1994,1.1916,1.1838,1.176,1.1681,1.1613,1.1554,1.1496,1.1457,1.1457,1.1457,1.1437,1.1408,1.1369,1.1339,1.129,1.1241,1.1202,1.1153,1.1095,1.1026,1.0987,1.0968,1.0929,1.087,1.0792,1.0694,1.0626,1.0587,1.0606,1.0753,1.1105,1.176,1.2747,1.3842,1.5093,1.6686,1.8465,2.0293,2.2023,2.3578,2.4907,2.5992,2.6852,2.7527,2.8025,2.8328,2.8495,2.8622,2.87,2.871,2.8661,2.8573,2.8436,2.826,2.8035,2.7742,2.74,2.6999,2.6569,2.609,2.5533,2.4888,2.4164,2.3363,2.2522,2.1642,2.0753,1.9902,1.9101,1.8368,1.7801,1.7361,1.695,1.6608,1.6344,1.6139,1.6002,1.5885,1.5777,1.567,1.5562,1.5455,1.5347,1.5269,1.5191,1.5083,1.4946,1.477,1.4585,1.4399,1.4203,1.4008,1.3832,1.3656,1.348,1.3333,1.3206,1.305,1.2864,1.2639,1.2405,1.218,1.1984,1.1828,1.1701,1.1584,1.1496,1.1457,1.1457,1.1486,1.1505,1.1515,1.1505,1.1466,1.1437,1.1427,1.1417,1.1437,1.1505,1.1593,1.1701,1.1828,1.1916,1.1965,1.2014,1.2092,1.2248,1.26,1.3216,1.4145,1.5396,1.6931,1.868,2.0274,2.175,2.3333,2.4858,2.6207,2.7341,2.827,2.9013,2.957,2.998,3.0254,3.0401,3.042,3.0352,3.0254,3.0098,2.9883,2.9638,2.9384,2.9101,2.8788,2.8416,2.7957,2.7419,2.6804,2.6188,2.5523,2.4731,2.3851,2.2903,2.1926,2.0968,2.0039,1.9169,1.8397,1.7742,1.7214,1.6843,1.6598,1.6403,1.6266,1.6168,1.607,1.5934,1.5787,1.565,1.5503,1.5318,1.5122,1.4917,1.4741,1.4585,1.4399,1.4203,1.4008,1.3832,1.3656,1.348,1.3294,1.3118,1.2952,1.2786,1.2669,1.2561,1.2434,1.2297,1.218,1.2063,1.1955,1.1838,1.176,1.1691,1.1632,1.1603,1.1476,1.131,1.1222,1.1183,1.1163,1.1153,1.1144,1.1144,1.1144,1.1144,1.1144,1.1114,1.1075,1.1075,1.1105,1.1124,1.1134,1.1134,1.1105,1.1056,1.0987,1.0899,1.0821,1.0802,1.0929,1.1183,1.1632,1.2414,1.3548,1.5005,1.6696,1.8543,2.043,2.2258,2.39,2.5298,2.6452,2.737,2.7967,2.8348,2.8661,2.8876,2.9013,2.9071,2.9062,2.8983,2.8837,2.8641,2.8426,2.8172,2.7879,2.7546,2.7146,2.6696,2.6188,2.5621,2.4985,2.4272,2.349,2.2639,2.174,2.0821,1.9912,1.915,1.8504,1.784,1.7224,1.6706,1.6285,1.5963,1.5748,1.5621,1.5523,1.5464,1.5425,1.5386,1.5357,1.5308,1.523,1.5122,1.5015,1.4907,1.48,1.4682,1.4545,1.4379,1.4194,1.3988,1.3822,1.3666,1.35,1.3333,1.3177,1.306,1.2981,1.2913,1.2854,1.2796,1.2737,1.2669,1.261,1.2532,1.2414,1.2287,1.219,1.2111,1.2043,1.1994,1.1984,1.1984,1.1984,1.1984,1.1955,1.1935,1.1926,1.1926,1.1955,1.2033,1.2239,1.262,1.3255,1.4194,1.5445,1.697,1.869,2.0254,2.1701,2.3255,2.4751,2.607,2.7175,2.8055,2.8729,2.9208,2.9541,2.9765,2.9892,2.9941,2.9902,2.9785,2.9648,2.9472,2.9228,2.8935,2.8612,2.828,2.7898,2.7429,2.6891,2.6266,2.563,2.4966,2.4184,2.3304,2.2366,2.1427,2.0518,1.9638,1.8837,1.8123,1.7498,1.6989,1.6618,1.6373,1.6197,1.6041,1.5924,1.5816,1.5679,1.5523,1.5367,1.521,1.5034,1.4858,1.4682,1.4545,1.4418,1.4262,1.4076,1.3881,1.3675,1.347,1.3275,1.3089,1.2913,1.2737,1.2571,1.2395,1.2258,1.089,1.087,1.0841,1.0802,1.0743,1.0684,1.0645,1.0635,1.0714,1.0958,1.1437,1.2082,1.2962,1.4233,1.5816,1.7586,1.9453,2.131,2.305,2.4575,2.5855,2.6901,2.7703,2.8211,2.8524,2.8749,2.8886,2.8954,2.8964,2.8915,2.8807,2.8661,2.8465,2.8211,2.7928,2.7595,2.7224,2.6843,2.6403,2.5894,2.5308,2.4653,2.3851,2.2942,2.2004,2.1046,2.0098,1.9189,1.8446,1.781,1.7195,1.6686,1.6295,1.6012,1.5836,1.5728,1.5679,1.565,1.5621,1.5582,1.5533,1.5484,1.5396,1.5269,1.5103,1.4878,1.4633,1.4409,1.4125,1.3871,1.3685,1.347,1.3226,1.3021,1.2845,1.2659,1.2473,1.2278,1.2102,1.1926,1.176,1.1593,1.1427,1.1271,1.1134,1.1017,1.0938,1.089,1.0821,1.0772,1.0753,1.0743,1.0733,1.0762,1.0831,1.0919,1.1007,1.1065,1.1105,1.1124,1.1134,1.1183,1.132,1.1623,1.218,1.305,1.4262,1.5787,1.7546,1.9453,2.1398,2.3021,2.4409,2.5806,2.7058,2.8123,2.8974,2.9589,3.001,3.0264,3.0391,3.043,3.0391,3.0274,3.0098,2.9932,2.9736,2.9492,2.9189,2.8827,2.8407,2.7928,2.739,2.6755,2.6022,2.5181,2.436,2.3529,2.26,2.1632,2.0665,1.9736,1.8886,1.8123,1.7468,1.6931,1.653,1.6227,1.6041,1.5934,1.5836,1.5748,1.564,1.5503,1.5357,1.52,1.5034,1.4858,1.4653,1.4438,1.4223,1.4047,1.3891,1.3695,1.349,1.3275,1.3069,1.2884,1.2708,1.2542,1.2385,1.2239,1.2092,1.1994,1.1906,1.1789,1.1662,1.1525,1.1388,1.1251,1.1144,1.1075,1.1017,1.0958,1.0929,1.0909,1.0929,1.0968,1.0958,1.0929,1.088,1.0831,1.0792,1.0743,1.0714,1.0694,1.0684,1.0684,1.0723,1.0782,1.0841,1.0899,1.0929,1.0938,1.0948,1.0948,1.0948,1.0919,1.087,1.0831,1.0821,1.089,1.1085,1.1505,1.2229,1.3294,1.4721,1.6452,1.8368,2.0342,2.2258,2.4027,2.5562,2.6706,2.7556,2.8309,2.8925,2.9384,2.9697,2.9883,2.9961,2.9971,2.9941,2.9853,2.9697,2.9482,2.9208,2.8876,2.8514,2.8123,2.7693,2.7214,2.6667,2.6022,2.5249,2.4379,2.3421,2.2385,2.1427,2.0567,1.9658,1.8778,1.7977,1.7263,1.6667,1.6178,1.5787,1.5513,1.5327,1.5239,1.522,1.5239,1.5269,1.5269,1.5239,1.5191,1.5132,1.5024,1.4868,1.4663,1.4448,1.4233,1.4008,1.3832,1.3666,1.346,1.3236,1.3011,1.2796,1.261,1.2424,1.2229,1.2033,1.1838,1.1662,1.1535,1.1427,1.129,1.1144,1.1036,1.0938,1.0831,1.0723,1.0616,1.0508,1.0391,1.0283,1.0176,1.0098,1.0059,1.0029,1.002,1.001,1.001,1.001,1.001,1.001,1.002,1.0068,1.0147,1.0254,1.0371,1.0499,1.0626,1.0772,1.0919,1.1046,1.1212,1.1486,1.1935,1.262,1.3607,1.4907,1.6246,1.8192,2.0196,2.1672,2.3324,2.4936,2.6364,2.7576,2.8563,2.9326,2.9912,3.0323,3.0528,3.0606,3.0645,3.0626,3.0557,3.045,3.0283,3.0078,2.9844,2.957,2.9257,2.8886,2.8446,2.7967,2.7429,2.6784,2.6022,2.5171,2.4242,2.3265,2.2268,2.1281,2.0342,1.9492,1.8759,1.8192,1.7742,1.7341,1.6989,1.6696,1.6442,1.6217,1.6041,1.5894,1.5767,1.564,1.5494,1.5327,1.5161,1.4985,1.4761,1.4526,1.4311,1.4106,1.391,1.3724,1.3519,1.3304,1.3089,1.2884,1.2747,1.2639,1.2502,1.2346,1.219,1.2043,1.1916,1.1799,1.1681,1.1584,1.1515,1.1427,1.1329,1.1281,1.1241,1.1173,1.1114,1.1075,1.1056,1.1046,1.1036,1.1036,1.1017,1.0997,1.0987,1.0997,1.1017,1.1026,1.1026,1.1026,1.1026,1.1026,1.1017,1.0987,1.0929,1.0841,1.0772,1.0743,1.0762,1.0899,1.1193,1.174,1.261,1.3812,1.5308,1.7028,1.8866,2.0704,2.2454,2.4018,2.52,2.609,2.6911,2.7595,2.8113,2.8475,2.8729,2.8886,2.8944,2.8935,2.8866,2.8729,2.8543,2.8289,2.7986,2.7654,2.7283,2.6716,2.6168,2.5728,2.5171,2.4516,2.3754,2.2884,2.1916,2.1017,2.0156,1.9228,1.8299,1.741,1.6608,1.5924,1.5367,1.4936,1.4633,1.4457,1.437,1.435,1.4389,1.4438,1.4457,1.4438,1.4418,1.4379,1.4301,1.4213,1.4096,1.3949,1.3763,1.3568,1.3402,1.3245,1.306,1.2874,1.2698,1.2532,1.2356,1.217,1.1984,1.1779,1.1584,1.1388,1.1241,1.1124,1.0987,1.085,1.0714,1.0577,1.045,1.0332,1.0225,1.0108,1,0.98925,0.97947,0.97654,0.97849,0.98631,1.0078,1.0518,1.1222,1.2229,1.3529,1.5083,1.6823,1.8631,2.0401,2.1887,2.3157,2.4428,2.5582,2.6549,2.7302,2.7859,2.824,2.8485,2.8622,2.8661,2.8612,2.8485,2.827,2.8016,2.7742,2.7439,2.7097,2.6696,2.6227,2.567,2.5024,2.4272,2.3441,2.2551,2.172,2.0958,2.0137,1.9306,1.8514,1.7781,1.7116,1.6549,1.6109,1.5787,1.5552,1.5357,1.5191,1.5073,1.4985,1.4897,1.477,1.4643,1.4526,1.4418,1.4311,1.4213,1.4096,1.3949,1.3773,1.3617,1.346,1.3245,1.3021,1.2835,1.2659,1.2512,1.2395,1.2297,1.2229,1.218,1.2131,1.2082,1.2053,1.2043,1.2014,1.1965,1.1906,1.1838,1.1779,1.172,1.1672,1.1623,1.1564,1.1515,1.1486,1.1476,1.1447,1.1417,1.1388,1.1359,1.1349,1.1329,1.131,1.13,1.129,1.129,1.13,1.1329,1.1349,1.1329,1.131,1.13,1.132,1.1447,1.176,1.2346,1.3236,1.4448,1.5963,1.7439,1.8915,2.0616,2.2336,2.3949,2.5376,2.6569,2.7537,2.8299,2.8876,2.9286,2.957,2.9756,2.9804,2.9756,2.9677,2.956,2.9404,2.9208,2.8983,2.8729,2.8436,2.8084,2.7674,2.7195,2.6676,2.6109,2.5445,2.4673,2.3803,2.2854,2.1877,2.0909,1.998,1.9091,1.828,1.7566,1.694,1.6442,1.6061,1.5689,1.5347,1.5064,1.4829,1.4643,1.4506,1.4379,1.4272,1.4164,1.4057,1.3978,1.3891,1.3763,1.3656,1.3548,1.3441,1.3333,1.3236,1.3128,1.304,1.2981,1.2952,1.2923,1.2913,1.2903,1.2893,1.2874,1.2854,1.2845,1.2845,1.2864,1.2874,1.2874,1.2874,1.2874,1.2903,1.2942,1.2962,1.2972,1.2952,1.2903,1.2854,1.2786,1.2717,1.2669,1.2669,1.2835,1.306,1.3353,1.392,1.477,1.5894,1.7263,1.8827,2.0489,2.2141,2.3675,2.5034,2.6188,2.7126,2.7761,2.8182,2.8534,2.8788,2.8935,2.8983,2.8954,2.8876,2.8768,2.8612,2.8397,2.8152,2.7859,2.7537,2.7165,2.6735,2.6256,2.5699,2.5044,2.4301,2.349,2.259,2.1632,2.0655,1.9697,1.8886,1.8182,1.7488,1.6852,1.6305,1.5836,1.5445,1.5122,1.4848,1.4604,1.4379,1.4164,1.3998,1.3842,1.3666,1.347,1.3275,1.3089,1.2903,1.2698,1.2463,1.2219,1.1975,1.172,1.1476,1.13,1.1163,1.0987,1.0811,1.0655,1.0499,1.0352,1.0215,1.0078,0.99316,0.97849,0.96579,0.95894,0.95308,0.94428,0.93646,0.92864,0.9218,0.91593,0.91007,0.90518,0.90029,0.89541,0.88954,0.88465,0.88368,0.88661,0.89052,0.89443,0.89638,0.89541,0.89443,0.89247,0.88954,0.88661,0.88465,0.88172,0.88172,0.91593,0.96774,1.0039,1.042,1.0978,1.1789,1.2884,1.4282,1.5894,1.7615,1.9335,2.0958,2.2248,2.3294,2.4301,2.5171,2.5846,2.6344,2.6676,2.6872,2.694,2.6911,2.6764,2.6598,2.6442,2.6227,2.5914,2.5611,2.5357,2.4995,2.4545,2.4008,2.3372,2.2659,2.1877,2.1036,2.0166,1.9404,1.8719,1.8016,1.7351,1.6764,1.6285,1.5914,1.565,1.5503,1.5445,1.5425,1.5445,1.5474,1.5513,1.5552,1.5572,1.5552,1.5503,1.5474,1.5445,1.5415,1.5406,1.5376,1.5308,1.521,1.5083,1.4966,1.4858,1.4663,1.4448,1.4311,1.4194,1.4037,1.3891,1.3793,1.3715,1.3656,1.3627,1.3587,1.3539,1.347,1.3353,1.3216,1.3089,1.2962,1.2845,1.2747,1.2669,1.263,1.2678,1.2845,1.303,1.3558,1.4594,1.5846,1.7283,1.8837,2.043,2.1965,2.3363,2.4545,2.5386,2.6012,2.6598,2.7067,2.741,2.7634,2.7742,2.7761,2.7752,2.7664,2.7488,2.7283,2.7048,2.6784,2.651,2.6217,2.5885,2.5503,2.5054,2.4526,2.391,2.3216,2.2444,2.1623,2.0762,1.998,1.9277,1.8553,1.7859,1.7253,1.6745,1.6334,1.6002,1.5758,1.5572,1.5435,1.5288,1.5171,1.5064,1.4907,1.4731,1.4555,1.437,1.4174,1.4008,1.3871,1.3744,1.3607,1.347,1.3324,1.3216,1.3118,1.2981,1.2835,1.2688,1.2561,1.2444,1.2336,1.2239,1.2141,1.2043,1.1945,1.1887,1.1848,1.1779,1.1691,1.1613,1.1564,1.1535,1.1525,1.1515,1.1515,1.1515,1.1515,1.1515,1.1535,1.1574,1.1593,1.1603,1.1584,1.1544,1.1525,1.1515,1.1515,1.1515,1.1515,1.1515,1.1535,1.1574,1.1593,1.1603,1.1584,1.1544,1.1525,1.1525,1.1603,1.1818,1.2229,1.2903,1.3881,1.4946,1.6149,1.7664,1.9355,2.1085,2.2737,2.4233,2.5523,2.6598,2.7458,2.8123,2.8583,2.8827,2.8935,2.9013,2.9052,2.9052,2.9003,2.8935,2.8856,2.8749,2.8592,2.8387,2.8123,2.781,2.7458,2.7048,2.6569,2.6002,2.5347,2.4604,2.3783,2.2893,2.1945,2.0997,2.0088,1.9247,1.8563,1.7996,1.7488,1.7067,1.6725,1.6452,1.6246,1.607,1.5914,1.5758,1.5601,1.5445,1.5298,1.5171,1.5064,1.4917,1.4761,1.4594,1.4409,1.4223,1.4057,1.391,1.3754,1.3607,1.3451,1.3333,1.3236,1.3118,1.2981,1.2845,1.2727,1.263,1.2551,1.2483,1.2424,1.2375,1.2326,1.2278,1.2248,1.2248,1.2239,1.2209,1.218,1.2151,1.2111,1.2082,1.2063,1.2053,1.2053,1.2053,1.2072,1.2111,1.2131,1.2141,1.217,1.2219,1.2258,1.2278,1.2287,1.2297,1.2297,1.2287,1.2268,1.2287,1.2346,1.2473,1.2786,1.3363,1.4242,1.5415,1.6872,1.8514,2.0244,2.1955,2.3548,2.48,2.5787,2.6725,2.7556,2.8221,2.8719,2.9071,2.9316,2.9472,2.955,2.956,2.9521,2.9413,2.9228,2.8993,2.8729,2.8416,2.8065,2.7664,2.7195,2.6667,2.6061,2.5357,2.4594,2.3763,2.2972,2.219,2.1329,2.044,1.956,1.8739,1.8006,1.739,1.6862,1.6422,1.6061,1.5777,1.5572,1.5445,1.5327,1.5181,1.5015,1.4829,1.4633,1.4438,1.4242,1.4057,1.3871,1.3666,1.346,1.3304,1.3148,1.2972,1.2786,1.261,1.2444,1.2297,1.217,1.2033,1.1887,1.174,1.1564,1.1427,1.13,1.1134,1.0978,1.086,1.0772,1.0704,1.0645,1.0577,1.0499,1.042,1.0342,1.0254,1.0205,1.0196,1.0166,1.0127,1.0098,1.0078,1.0078,1.0078,1.0078,1.0078,1.0078,1.0068,1.0078,1.0147,1.0254,1.0469,1.087,1.1525,1.2463,1.3685,1.5132,1.6735,1.8407,2.002,2.1486,2.261,2.349,2.4311,2.5015,2.5572,2.5973,2.6217,2.6344,2.6364,2.6315,2.6188,2.5992,2.5767,2.5533,2.5298,2.5054,2.4761,2.4409,2.3998,2.35,2.2893,2.219,2.1417,2.0596,1.9765,1.9042,1.8387,1.7722,1.7107,1.6579,1.6178,1.5904,1.5728,1.564,1.5621,1.563,1.566,1.5689,1.5689,1.567,1.563,1.5591,1.5533,1.5455,1.5357,1.5259,1.5161,1.5064,1.4956,1.4858,1.478,1.4721,1.4633,1.4545,1.4448,1.435,1.4242,1.4125,1.4008,1.39,1.3803,1.3715,1.3646,1.3587,1.3509,1.3402,1.3275,1.3157,1.3089,1.3109,1.3265,1.3627,1.4252,1.5181,1.6393,1.7615,1.8866,2.0342,2.1887,2.3363,2.4673,2.5777,2.6667,2.737,2.7879,2.8221,2.8436,2.8514,2.8485,2.8416,2.8309,2.8162,2.7977,2.7742,2.7478,2.7175,2.6843,2.6471,2.6051,2.5572,2.5073,2.4575,2.3988,2.3255,2.2424,2.1535,2.0635,1.9756,1.8915,1.8162,1.7517,1.697,1.6569,1.6246,1.5973,1.5767,1.5611,1.5484,1.5396,1.5327,1.5239,1.5132,1.4985,1.4809,1.4614,1.4457,1.4311,1.4154,1.4018,1.3871,1.3715,1.3568,1.3412,1.3255,1.3099,1.2942,1.2786,1.2669,1.2571,1.2454,1.2336,1.2209,1.2092,1.1984,1.1877,1.1769,1.1662,1.1564,1.1457,1.1349,1.129,1.1261,1.1232,1.1212,1.1202,1.1183,1.1153,1.1095,1.1017,1.0929,1.0841,1.0772,1.0753,1.0772,1.0762,1.0762,1.0772,1.0782,1.0782,1.0782,1.0772,1.0743,1.0694,1.0645,1.0655,1.0733,1.0899,1.1271,1.1955,1.2981,1.434,1.5982,1.7801,1.9677,2.1535,2.3226,2.4692,2.5797,2.6588,2.7283,2.784,2.825,2.8524,2.8671,2.8729,2.871,2.8631,2.8514,2.8338,2.8113,2.784,2.7537,2.7204,2.6833,2.6393,2.5914,2.5386,2.479,2.4096,2.3314,2.2454,2.1554,2.0743,2,1.9208,1.8426,1.7713,1.7107,1.6628,1.6256,1.5992,1.5816,1.5718,1.5679,1.5689,1.5689,1.567,1.565,1.564,1.563,1.5601,1.5533,1.5445,1.5337,1.5191,1.5015,1.4819,1.4663,1.4516,1.434,1.4164,1.3998,1.3842,1.3705,1.3558,1.3412,1.3255,1.3099,1.2913,1.2747,1.26,1.2444,1.2317,1.2229,1.2229,1.2385,1.2766,1.3431,1.4379,1.5611,1.7058,1.8631,2.0049,2.1339,2.2698,2.3959,2.5064,2.5963,2.6657,2.7175,2.7527,2.7742,2.7869,2.7898,2.784,2.7722,2.7566,2.737,2.7146,2.6901,2.6628,2.6276,2.5855,2.5376,2.4809,2.4145,2.3402,2.2678,2.1955,2.1105,2.0215,1.9345,1.8534,1.783,1.7243,1.6774,1.6403,1.6129,1.5914,1.5767,1.5679,1.5601,1.5523,1.5455,1.5376,1.5288,1.5191,1.5093,1.4995,1.4868,1.4702,1.4506,1.435,1.4223,1.4076,1.393,1.3773,1.3617,1.346,1.3304,1.3157,1.3021,1.2874,1.2727,1.261,1.2532,1.2434,1.2346,1.2278,1.2239,1.219,1.2141,1.2111,1.2102,1.2092,1.2092,1.2092,1.2111,1.2151,1.217,1.219,1.2229,1.2268,1.2307,1.2326,1.2317,1.2287,1.2248,1.2219,1.2229,1.2258,1.2287,1.2326,1.2375,1.2395,1.2395,1.2395,1.2297,1.2131,1.2033,1.2004,1.2072,1.2258,1.2669,1.3441,1.4594,1.6119,1.7928,1.9932,2.2004,2.4008,2.5855,2.7458,2.8788,2.9736,3.043,3.1017,3.1437,3.1711,3.1857,3.1906,3.1867,3.1779,3.1652,3.1505,3.131,3.1075,3.0802,3.0479,3.0117,2.9707,2.9228,2.868,2.8035,2.7292,2.6471,2.5562,2.4575,2.3558,2.2649,2.1808,2.0919,2.0059,1.9306,1.868,1.8201,1.7859,1.7664,1.7576,1.7576,1.7634,1.7703,1.7781,1.7869,1.7928,1.7957,1.7967,1.7977,1.7967,1.7918,1.783,1.7732,1.7625,1.7517,1.7419,1.7341,1.7283,1.7224,1.7146,1.7038,1.6901,1.6755,1.6628,1.6491,1.6354,1.6227,1.6119,1.6041,1.5973,1.5894,1.5797,1.5709,1.563,1.5582,1.5562,1.5552,1.5543,1.5543,1.5543,1.5543,1.5543,1.5552,1.5582,1.563,1.5679,1.5738,1.5797,1.5865,1.5953,1.6061,1.6149,1.6227,1.6295,1.6354,1.6413,1.6481,1.6628,1.6931,1.7449,1.825,1.9365,2.0782,2.2414,2.4145,2.564,2.6979,2.8407,2.9736,3.0899,3.1877,3.2669,3.3275,3.3734,3.4086,3.433,3.4497,3.4516,3.4448,3.4379,3.4291,3.4164,3.3978,3.3744,3.347,3.3138,3.2727,3.2248,3.1711,3.1105,3.0469,2.9795,2.9013,2.8152,2.7253,2.6364,2.5523,2.4761,2.4086,2.3529,2.3079,2.2717,2.2444,2.2239,2.2072,2.1935,2.1808,2.1691,2.1544,2.1369,2.1183,2.0987,2.0811,2.0635,2.0459,2.0303,2.0137,1.9951,1.9775,1.9599,1.9433,1.9277,1.914,1.9013,1.8895,1.8778,1.8661,1.8563,1.8465,1.8377,1.8309,1.824,1.8182,1.8104,1.8016,1.7908,1.7801,1.7693,1.7576,1.7507,1.7498,1.7605,1.7937,1.8514,1.9355,2.0459,2.1779,2.3226,2.4692,2.608,2.7312,2.8358,2.9101,2.9609,3.0049,3.0401,3.0665,3.0841,3.0929,3.0929,3.085,3.0733,3.0567,3.0371,3.0147,2.9892,2.9638,2.9365,2.9032,2.8612,2.8104,2.7507,2.6823,2.6061,2.5259,2.4399,2.35,2.2688,2.1945,2.1153,2.0381,1.9668,1.9052,1.8524,1.8074,1.7722,1.7468,1.7253,1.7028,1.6804,1.6628,1.6452,1.6237,1.5982,1.5728,1.5455,1.5152,1.4829,1.4497,1.4174,1.3871,1.3578,1.3333,1.3089,1.2307,1.1251,1.0587,1.0147,0.9824,0.95601,0.93255,0.91105,0.89052,0.87292,0.86217,0.8563,0.84946,0.84164,0.83382,0.82796,0.82209,0.8172,0.81232,0.80743,0.80254,0.79765,0.79179,0.79081,0.79374,0.79765,0.80254,0.80743,0.81232,0.8172,0.82209,0.82698,0.83187,0.83675,0.84164,0.84848,0.85239,0.85239,0.85142,0.85044,0.84848,0.84751,0.84751,0.84751,0.84848,0.84946,0.84946,0.84946,0.85239,0.8563,0.85826,0.86315,0.87879,0.91496,0.97654,1.0665,1.1838,1.3265,1.4848,1.65,1.7898,1.9101,2.0313,2.1427,2.2385,2.3148,2.3715,2.4125,2.4409,2.4575,2.4633,2.4604,2.4497,2.433,2.4125,2.3871,2.3568,2.3245,2.2893,2.2512,2.2102,2.1642,2.1134,2.0557,1.9922,1.9306,1.869,1.7967,1.7165,1.6325,1.5503,1.4721,1.4008,1.3382,1.2845,1.2395,1.2023,1.175,1.1593,1.1515,1.1466,1.1447,1.1466,1.1476,1.1457,1.1417,1.1359,1.1271,1.1153,1.0997,1.0841,1.0684,1.0469,1.0235,1.002,0.98143,0.95992,0.93646,0.913,0.8915,0.87195,0.85337,0.83382,0.82014,0.80938,0.79472,0.77615,0.75367,0.73021,0.7087,0.69013,0.67449,0.66178,0.65298,0.64907,0.65005,0.65494,0.65689,0.65689,0.65591,0.65494,0.65494,0.65494,0.65494,0.65494,0.65494,0.65591,0.65982,0.6696,0.68035,0.68817,0.69501,0.70186,0.71261,0.73509,0.77517,0.83773,0.92571,1.0391,1.1779,1.3109,1.4428,1.5934,1.7478,1.8944,2.0254,2.1369,2.2278,2.3001,2.3539,2.39,2.4135,2.4262,2.4291,2.4252,2.4194,2.4125,2.4047,2.393,2.3773,2.3548,2.3245,2.2893,2.2493,2.2023,2.1564,2.1085,2.0508,1.9844,1.9091,1.8289,1.7478,1.6686,1.5924,1.523,1.4633,1.4125,1.3705,1.3421,1.3216,1.303,1.2874,1.2747,1.263,1.2522,1.2424,1.2346,1.2268,1.219,1.2102,1.2033,1.1955,1.1828,1.1681,1.1535,1.1378,1.1232,1.1085,1.0929,1.0782,1.0626,1.0479,1.0332,1.0215,1.0147,1.0088,1.0029,0.99804,0.99316,0.98631,0.97947,0.97263,0.96481,0.95992,0.95503,0.95308,0.95406,0.9521,0.94917,0.94428,0.93744,0.92864,0.91887,0.90909,0.89932,0.89345,0.89932,0.91984,0.9609,1.0323,1.1329,1.26,1.4047,1.5572,1.7087,1.8504,2.1007,2.3988,2.5875,2.7087,2.782,2.827,2.8602,2.8827,2.8954,2.9003,2.8974,2.8856,2.868,2.8456,2.8172,2.7859,2.7546,2.7214,2.6813,2.6354,2.5826,2.522,2.4545,2.3793,2.2981,2.2121,2.1241,2.0362,1.9501,1.8778,1.8172,1.7566,1.7028,1.6588,1.6227,1.5963,1.5797,1.5679,1.5621,1.5591,1.5552,1.5533,1.5552,1.5572,1.5582,1.5601,1.5611,1.5591,1.5552,1.5503,1.5425,1.5308,1.5152,1.4946,1.4761,1.4585,1.4389,1.4194,1.4018,1.3861,1.3715,1.3587,1.347,1.3343,1.3206,1.306,1.2933,1.2805,1.2639,1.2454,1.2307,1.2209,1.2131,1.2063,1.2004,1.1945,1.1906,1.1926,1.2072,1.2356,1.2845,1.3656,1.478,1.6188,1.781,1.9531,2.1241,2.2845,2.4272,2.5513,2.653,2.7224,2.7713,2.8133,2.8465,2.8719,2.8886,2.8983,2.9013,2.8993,2.8915,2.8768,2.8543,2.825,2.7937,2.7605,2.7195,2.6686,2.608,2.5396,2.4633,2.3793,2.2923,2.2063,2.1232,2.0459,1.9844,1.9345,1.8886,1.8485,1.8152,1.7869,1.7654,1.7488,1.738,1.7292,1.7243,1.7185,1.7107,1.7038,1.6989,1.694,1.6872,1.6784,1.6686,1.6579,1.6471,1.6344,1.6197,1.6041,1.5885,1.5767,1.5699,1.563,1.5543,1.5445,1.5337,1.522,1.5103,1.4976,1.4829,1.4702,1.4614,1.4545,1.4506,1.4487,1.4448,1.4418,1.4389,1.4379,1.437,1.434,1.4291,1.4272,1.4262,1.4252,1.4282,1.4311,1.4321,1.433,1.433,1.433,1.433,1.435,1.436,1.433,1.4301,1.4301,1.433,1.4399,1.4555,1.4897,1.5494,1.6383,1.7605,1.915,2.0919,2.2805,2.4692,2.6471,2.8074,2.9306,3.0244,3.1114,3.1838,3.2395,3.2766,3.2981,3.3069,3.3069,3.2991,3.2845,3.2649,3.2385,3.2063,3.1711,3.1329,3.0919,3.0479,3,2.9453,2.8827,2.8113,2.7302,2.6393,2.5406,2.4487,2.3617,2.2659,2.1672,2.0714,1.9844,1.9062,1.8368,1.7791,1.7341,1.6989,1.6725,1.6569,1.6461,1.6354,1.6246,1.6139,1.6031,1.5924,1.5816,1.5718,1.5611,1.5503,1.5396,1.5259,1.5152,1.5054,1.4927,1.478,1.4624,1.4448,1.4252,1.4057,1.3861,1.3656,1.3451,1.3236,1.3089,1.3001,1.2893,1.2317,1.1496,1.1026,1.0743,1.0567,1.0469,1.042,1.0391,1.0362,1.0323,1.0323,1.0323,1.0323,1.0323,1.0323,1.0196,1.0205,1.0283,1.0489,1.0899,1.1574,1.2542,1.3617,1.4829,1.6373,1.8113,1.9902,2.1652,2.3255,2.4663,2.5846,2.6794,2.7527,2.8074,2.8465,2.8671,2.8749,2.8778,2.8749,2.8671,2.8534,2.8328,2.8104,2.7849,2.7537,2.7165,2.6735,2.6285,2.5797,2.52,2.4516,2.3754,2.2923,2.2043,2.1153,2.0283,1.9462,1.8729,1.8094,1.7546,1.7146,1.6852,1.6588,1.6373,1.6207,1.61,1.6022,1.5953,1.5885,1.5787,1.566,1.5523,1.5396,1.5298,1.52,1.5083,1.4946,1.48,1.4633,1.4448,1.4252,1.4066,1.39,1.3744,1.3597,1.35,1.3412,1.3294,1.3177,1.3069,1.2962,1.2884,1.2815,1.2757,1.2708,1.2649,1.26,1.2561,1.2532,1.2493,1.2444,1.2395,1.2346,1.2287,1.2239,1.219,1.2141,1.2082,1.2033,1.1994,1.1984,1.1984,1.1984,1.1984,1.1984,1.1994,1.2004,1.1994,1.1975,1.1965,1.1965,1.2004,1.2121,1.2385,1.2864,1.3646,1.477,1.6188,1.784,1.9619,2.1427,2.3177,2.4731,2.6051,2.7126,2.7869,2.8377,2.8778,2.9062,2.9238,2.9326,2.9335,2.9257,2.911,2.8895,2.8612,2.828,2.7918,2.7546,2.7136,3.0528,3.0596,3.0606,3.0567,3.0469,3.0323,3.0137,2.9892,2.9599,2.9257,2.8856,2.8377,2.7869,2.7322,2.6686,2.5973,2.5191,2.434,2.347,2.261,2.1769,2.0978,2.0264,1.9638,1.914,1.8749,1.8387,1.8084,1.7849,1.7664,1.7507,1.7361,1.7214,1.7077,1.694,1.6813,1.6696,1.6588,1.6471,1.6334,1.6178,1.6012,1.5836,1.565,1.5455,1.5259,1.5054,1.4848,1.4633,1.4457,1.4301,1.4135,1.3969,1.3812,1.3675,1.3578,1.349,1.3431,1.3382,1.3324,1.3265,1.3196,1.3157,1.3128,1.3079,1.3021,1.2972,1.2933,1.2893,1.2864,1.2854,1.2825,1.2796,1.2766,1.2747,1.2747,1.2737,1.2717,1.2708,1.2708,1.2708,1.2708,1.2698,1.2678,1.2649,1.262,1.2571,1.2542,1.2532,1.2522,1.2571,1.2717,1.304,1.3607,1.4448,1.5591,1.7019,1.8641,2.0381,2.1906,2.3255,2.4673,2.6012,2.7195,2.8192,2.8993,2.9619,3.0088,3.043,3.0665,3.0821,3.0899,3.086,3.0753,3.0626,3.0469,3.0283,3.0068,2.9804,2.9492,2.912,2.87,2.8211,2.7644,2.7058,2.6422,2.566,2.48,2.3871,2.2913,2.1975,2.1065,2.0205,1.9423,1.8729,1.8123,1.7625,1.7243,1.695,1.6706,1.65,1.6315,1.6149,1.6002,1.5846,1.5689,1.5543,1.5386,1.521,1.5044,1.4878,1.4682,1.4477,1.4262,1.392,1.3519,1.3226,1.2991,1.2786,1.26,1.2414,1.2229,1.2102,1.2014,1.1916,1.1818,1.1701,1.1584,1.1466,1.1339,1.1222,1.1114,1.1017,1.0938,1.0899,1.088,1.085,1.0821,1.0792,1.0772,1.0753,1.0743,1.0723,1.0694,1.0665,1.0645,1.0626,1.0635,1.0655,1.0655,1.0635,1.0596,1.0547,1.0489,1.042,1.0362,1.0293,1.0244,1.0244,1.0323,1.0518,1.089,1.1505,1.2395,1.3558,1.4956,1.653,1.8172,1.9795,2.131,2.2669,2.3832,2.4702,2.5327,2.5885,2.6344,2.6696,2.694,2.7077,2.7136,2.7126,2.7048,2.6911,2.6716,2.6481,2.6207,2.5904,2.5562,2.5171,2.4741,2.4262,2.3705,2.3079,2.2375,2.1593,2.0753,1.9902,1.915,1.8456,1.7732,1.7038,1.6403,1.5855,1.5396,1.5034,1.4761,1.4555,1.4409,1.4301,1.4233,1.4184,1.4125,1.4076,1.4018,1.3939,1.3851,1.3754,1.3646,1.3519,1.3372,1.3216,1.3089,1.2962,1.2796,1.259,1.2366,1.2141,1.1935,1.173,1.1525,1.1329,1.1144,1.0958,1.0782,1.0665,1.0577,1.0469,1.0352,1.0225,1.0108,1,0.98925,0.97947,0.9697,0.96285,0.95797,0.95797,0.95797,0.95797,0.95797,0.95797,0.95015,0.95112,0.95406,0.95797,0.96383,0.97165,0.98045,0.98827,0.99707,1.0068,1.0147,1.0225,1.0293,1.0362,1.043,1.0499,1.0626,1.086,1.1261,1.1887,1.263,1.3529,1.4761,1.6256,1.7918,1.9629,2.131,2.2884,2.4301,2.5513,2.653,2.7341,2.7957,2.8338,2.8573,2.8778,2.8905,2.8964,2.8954,2.8886,2.8759,2.8583,2.8368,2.8123,2.783,2.7498,2.7126,2.6706,2.6227,2.5679,2.5083,2.4409,2.3656,2.2835,2.1975,2.1095,2.0225,1.9394,1.869,1.8084,1.7478,1.6921,1.6432,1.6012,1.566,1.5376,1.5142,1.4946,1.479,1.4643,1.4526,1.4428,1.4301,1.4145,1.3978,1.3783,1.3578,1.3353,1.3138,1.2942,1.2757,1.2571,1.2385,1.2248,1.2141,1.2023,1.1906,1.1799,1.1701,1.1593,1.1496,1.1398,1.13,1.1202,1.1105,1.1036,1.0997,1.0938,1.089,1.0841,1.0802,1.0772,1.0753,1.0743,1.0733,1.0733,1.0733,1.0733,1.0753,1.0792,1.0821,1.086,1.0899,1.0929,1.0938,1.0948,1.0948,1.0948,1.0948,1.1095,1.132,1.1447,1.1496,1.1535,1.1642,1.1887,1.2326,1.303,1.4018,1.5269,1.6745,1.8368,2.0039,2.1486,2.2737,2.4008,2.5191,2.6207,2.7038,2.7683,2.8182,2.8563,2.8837,2.9013,2.9101,2.9091,2.9013,2.8915,2.8768,2.8573,2.8338,2.8074,2.7742,2.7351,2.6901,2.6383,2.5806,2.5142,2.4477,2.3793,2.3001,2.2121,2.1212,2.0283,1.9365,1.8495,1.7703,1.6989,1.6373,1.5865,1.5494,1.521,1.4966,1.477,1.4614,1.4487,1.437,1.4262,1.4154,1.4047,1.392,1.3793,1.3656,1.3558,1.348,1.3372,1.3245,1.3118,1.2981,1.2825,1.2678,1.2522,1.2366,1.2209,1.2053,1.1935,1.1838,1.1711,1.1584,1.1447,1.131,1.1183,1.1046,1.0909,1.0792,1.0704,1.0626,1.0587,1.0567,1.0528,1.0489,1.0459,1.043,1.0391,1.0362,1.0323,1.0293,1.0264,1.0254,1.0254,1.0303,1.0362,1.0401,1.043,1.045,1.0459,1.0469,1.0469,1.0469,1.0469,1.0469,1.0499,1.0587,1.0762,1.1085,1.1623,1.2434,1.3539,1.4927,1.653,1.826,2.0029,2.174,2.3324,2.4731,2.5797,2.6618,2.737,2.7996,2.8485,2.8837,2.9062,2.9179,2.9208,2.9159,2.9062,2.8915,2.869,2.8426,2.8152,2.782,2.7429,2.6979,2.6461,2.5875,2.521,2.4457,2.3636,2.2786,2.1926,2.1163,2.0459,1.9726,1.9022,1.8387,1.7849,1.74,1.7067,1.6833,1.6667,1.6549,1.6461,1.6393,1.6325,1.6246,1.6149,1.6051,1.5953,1.5855,1.5748,1.563,1.5503,1.5357,1.52,1.5015,1.4858,1.4741,1.4614,1.4467,1.4311,1.4145,1.3978,1.3822,1.3675,1.3539,1.3402,1.3275,1.3196,1.3128,1.303,1.2923,1.2825,1.2717,1.263,1.2571,1.2522,1.2483,1.2444,1.2405,1.2375,1.2366,1.2366,1.2356,1.2326,1.2307,1.2297,1.2297,1.2317,1.2346,1.2375,1.2405,1.2434,1.2473,1.2502,1.2502,1.2483,1.2463,1.2424,1.2385,1.2356,1.2375,1.2502,1.2815,1.3392,1.4252,1.521,1.6315,1.7732,1.9345,2.1026,2.2649,2.4154,2.5484,2.6608,2.7537,2.828,2.8856,2.9218,2.9433,2.9629,2.9775,2.9863,2.9892,2.9873,2.9814,2.9697,2.9531,2.9316,2.9062,2.8749,2.8407,2.8016,2.7556,2.7028,2.6432,2.5767,2.5024,2.4213,2.3333,2.2414,2.1496,2.0596,1.9834,1.9159,1.8504,1.7898,1.737,1.6931,1.6579,1.6285,1.6051,1.5846,1.567,1.5513,1.5367,1.5249,1.5132,1.4966,1.478,1.4594,1.4418,1.4242,1.4057,1.3842,1.3627,1.3412,1.3216,1.3079,1.2972,1.2845,1.2688,1.2551,1.2424,1.2317,1.2209,1.2102,1.1994,1.1877,1.175,1.1662,1.1584,1.1476,1.1359,1.1251,1.1144,1.1026,1.0919,1.0821,1.0733,1.0655,1.0587,1.0518,1.0479,1.0459,1.042,1.0362,1.0313,1.0283,1.0264,1.0254,1.0254,1.0244,1.0215,1.0186,1.0186,1.0196,1.0176,1.0147,1.0137,1.0186,1.0352,1.0704,1.13,1.218,1.3353,1.478,1.6373,1.782,1.9189,2.0665,2.2102,2.3412,2.4536,2.5474,2.6227,2.6804,2.7224,2.7517,2.7693,2.7732,2.7674,2.7586,2.7458,2.7292,2.7097,2.6862,2.6579,2.6266,2.5904,2.5494,2.5034,2.4506,2.3978,2.3431,2.2786,2.2053,2.1261,2.043,1.958,1.8759,1.7986,1.7292,1.6676,1.6168,1.5806,1.5533,1.5298,1.5103,1.4956,1.4848,1.477,1.4702,1.4633,1.4565,1.4497,1.4418,1.433,1.4252,1.4164,1.4037,1.3881,1.3724,1.3568,1.3412,1.3245,1.3069,1.2884,1.2688,1.2493,1.2356,1.2248,1.2102,1.1945,1.1779,1.1613,1.1466,1.1339,1.1232,1.1144,1.1065,1.0997,1.0948,1.0948,1.0968,1.0978,1.0987,1.0987,1.0987,1.0987,1.0987,1.0987,1.0987,1.1007,1.1046,1.1124,1.1202,1.1261,1.129,1.13,1.1329,1.1359,1.1388,1.1427,1.1476,1.1515,1.1554,1.1593,1.1672,1.1789,1.2004,1.2385,1.2991,1.3871,1.5054,1.651,1.8172,1.9951,2.1769,2.3509,2.4907,2.6051,2.7165,2.8143,2.8964,2.9629,3.0127,3.0489,3.0723,3.086,3.0919,3.0919,3.085,3.0694,3.0499,3.0303,3.0068,2.9785,2.9462,2.9081,2.8651,2.8162,2.7615,2.6999,2.6315,2.563,2.4917,2.4096,2.3206,2.2287,2.1369,2.0479,1.9668,1.8944,1.8328,1.781,1.738,1.7038,1.6784,1.6588,1.6403,1.6227,1.6051,1.5875,1.5718,1.5562,1.5396,1.523,1.5054,1.4858,1.4692,1.4536,1.434,1.4125,1.391,1.3705,1.3519,1.3343,1.3187,1.304,1.2903,1.2766,1.26,1.2414,1.2239,1.2082,1.1926,1.1779,1.1652,1.1535,1.1427,1.1329,1.1241,1.1193,1.1173,1.1173,1.1193,1.1212,1.1232,1.1241,1.1241,1.1232,1.1212,1.1183,1.1144,1.1095,1.1056,1.1056,1.1085,1.1095,1.1105,1.1105,1.1105,1.1095,1.1075,1.1056,1.1075,1.1193,1.1486,1.2023,1.2678,1.3509,1.4653,1.6051,1.7605,1.9238,2.0841,2.2336,2.3675,2.4809,2.5748,2.6491,2.6979,2.7302,2.7586,2.7801,2.7957,2.8065,2.8113,2.8113,2.8055,2.7937,2.7771,2.7566,2.7312,2.7009,2.6667,2.6276,2.5816,2.5298,2.4702,2.4027,2.3294,2.2493,2.1632,2.0762,1.9892,1.914,1.8465,1.7771,1.7116,1.654,1.6041,1.5621,1.5269,1.4976,1.4721,1.4497,1.4291,1.4106,1.3959,1.3822,1.3646,1.3451,1.3265,1.3089,1.2903,1.2717,1.2532,1.2346,1.218,1.2014,1.1887,1.1779,1.1652,1.1505,1.1359,1.1232,1.1134,1.1036,1.0938,1.0841,1.0733,1.0606,1.0499,1.044,1.0391,1.0323,1.0244,1.0176,1.0127,1.0088,1.0049,1.0029,1.002,1.0029,1.0049,1.0078,1.0108,1.0108,1.0108,1.0117,1.0127,1.0127,1.0127,1.0127,1.0127,1.0127,1.0127,1.0127,1.0156,1.0196,1.0215,1.0225,1.0235,1.0274,1.0401,1.0684,1.1183,1.1945,1.2981,1.4262,1.5513,1.6784,1.827,1.9824,2.131,2.2669,2.3851,2.4839,2.564,2.6246,2.6667,2.695,2.7107,2.7126,2.7048,2.694,2.6794,2.6608,2.6383,2.6139,2.5846,2.5523,2.5161,2.4751,2.4282,2.3793,2.3275,2.2669,2.1984,2.1241,2.0459,1.9648,1.8856,1.8104,1.7429,1.6843,1.6344,1.5934,1.563,1.5425,1.5269,1.5171,1.5112,1.5083,1.5073,1.5064,1.5044,1.4995,1.4927,1.4829,1.4741,1.4653,1.4545,1.4418,1.4291,1.4154,1.4008,1.3851,1.3715,1.3578,1.3431,1.3294,1.3177,1.3099,1.305,1.2991,1.2923,1.2835,1.2717,1.26,1.2473,1.2346,1.2229,1.2121,1.2043,1.2014,1.2014,1.1994,1.1965,1.1955,1.1965,1.1975,1.1975,1.1955,1.1935,1.1906,1.1887,1.1887,1.1896,1.1896,1.1887,1.1877,1.1867,1.1857,1.1848,1.1828,1.1799,1.1769,1.174,1.1711,1.1711,1.1779,1.1935,1.2248,1.2796,1.3627,1.4897,1.653,1.828,2.0078,2.1857,2.3529,2.4848,2.5914,2.695,2.7859,2.8602,2.9218,2.9707,3.0068,3.0332,3.0518,3.0635,3.0704,3.0714,3.0635,3.0489,3.0323,3.0127,2.9883,2.958,2.9228,2.8817,2.8348,2.782,2.7204,2.6491,2.5777,2.5044,2.4203,2.3294,2.2366,2.1457,2.0587,1.9785,1.9062,1.8426,1.7898,1.7458,1.7116,1.6882,1.6706,1.6549,1.6393,1.6246,1.609,1.5934,1.5787,1.564,1.5484,1.5308,1.5112,1.4936,1.477,1.4575,1.4379,1.4194,1.4008,1.3832,1.3656,1.35,1.3353,1.3216,1.3099,1.2981,1.2893,1.2815,1.2717,1.262,1.2512,1.2424,1.2346,1.2278,1.2219,1.2151,1.2092,1.2043,1.2023,1.2023,1.2014,1.1984,1.1955,1.1935,1.1916,1.1896,1.1887,1.1887,1.1887,1.1887,1.1887,1.1906,1.1935,1.1926,1.1906,1.1877,1.1828,1.176,1.1701,1.1681,1.1779,1.2063,1.259,1.3255,1.4106,1.5298,1.6745,1.8348,2,2.1603,2.3099,2.4438,2.5591,2.6549,2.7302,2.7879,2.824,2.8456,2.8631,2.8759,2.8817,2.8827,2.8778,2.8671,2.8514,2.8309,2.8055,2.7761,2.7429,2.7058,2.6628,2.6119,2.5533,2.4868,2.4125,2.3314,2.2444,2.1535,2.0606,1.9697,1.8827,1.8104,1.7517,1.695,1.6452,1.6061,1.5777,1.5562,1.5406,1.5298,1.523,1.5171,1.5112,1.5073,1.5034,1.4976,1.4897,1.48,1.4692,1.4565,1.4409,1.4242,1.4057,1.3842,1.3627,1.3431,1.3284,1.3157,1.3011,1.2854,1.2688,1.2532,1.2375,1.2229,1.2082,1.1935,1.1769,1.1593,1.1466,1.1359,1.1241,1.1105,1.0978,1.087,1.0782,1.0694,1.0635,1.0596,1.0567,1.0557,1.0538,1.0547,1.0577,1.0567,1.0547,1.0518,1.0499,1.0489,1.0479,1.0479,1.0479,1.0479,1.0479,1.0499,1.0538,1.0557,1.0596,1.0694,1.0919,1.1339,1.2023,1.3001,1.4282,1.5816,1.7527,1.9081,2.0528,2.2102,2.3636,2.5024,2.6217,2.7204,2.7977,2.8543,2.8954,2.9228,2.9384,2.9443,2.9394,2.9267,2.911,2.8935,2.8729,2.8485,2.8201,2.7879,2.7507,2.7077,2.6579,2.6022,2.5464,2.4878,2.4194,2.3441,2.2639,2.1818,2.1007,2.0244,1.955,1.8935,1.8416,1.8016,1.7703,1.7322,1.6931,1.6667,1.6471,1.6325,1.6197,1.6061,1.5924,1.5797,1.5689,1.5582,1.5455,1.5337,1.523,1.5122,1.5015,1.4897,1.477,1.4633,1.4497,1.435,1.4223,1.4106,1.4008,1.392,1.3861,1.3832,1.3803,1.3773,1.3734,1.3695,1.3666,1.3636,1.3627,1.3617,1.3627,1.3627,1.3627,1.3646,1.3666,1.3685,1.3715,1.3744,1.3773,1.3803,1.3842,1.3881,1.391,1.3949,1.3988,1.4018,1.4047,1.4057,1.4066,1.4066,1.4057,1.4037,1.3998,1.3939,1.3871,1.3842,1.39,1.4047,1.435,1.4917,1.5767,1.6882,1.8231,1.9765,2.1369,2.2942,2.4409,2.5738,2.6882,2.784,2.8504,2.8954,2.9355,2.9677,2.9902,3.0059,3.0147,3.0166,3.0137,3.0078,2.9971,2.9804,2.958,2.9306,2.8983,2.8602,2.8162,2.7634,2.7048,2.6393,2.566,2.4848,2.3969,2.305,2.2092,2.1232,2.044,1.9599,1.8768,1.7977,1.7263,1.6637,1.61,1.565,1.5288,1.4995,1.4761,1.4594,1.4457,1.4311,1.4154,1.4008,1.3851,1.3685,1.3519,1.3343,1.3177,1.3021,1.2864,1.2698,1.2561,1.2444,1.2287,1.2111,1.1935,1.176,1.1584,1.1408,1.1232,1.1056,1.089,1.0762,1.0704,1.0655,1.0577,1.0499,1.043,1.0362,1.0283,1.0225,1.0186,1.0147,1.0108,1.0068,1.002,1,1.002,1.0029,1.0039,1.0039,1.0039,1.0039,1.0039,1.0039,1.0039,1.0039,1.0049,1.0098,1.0176,1.0235,1.0264,1.0274,1.0283,1.0313,1.0411,1.0635,1.1065,1.175,1.2708,1.3939,1.5181,1.6461,1.7977,1.956,2.1095,2.2502,2.3734,2.477,2.5591,2.6207,2.6657,2.696,2.7107,2.7146,2.7146,2.7097,2.7009,2.6852,2.6647,2.6403,2.6119,2.5797,2.5425,2.5024,2.4614,2.4154,2.3617,2.3011,2.2336,2.1603,2.0811,1.998,1.9169,1.8397,1.7674,1.7038,1.6491,1.607,1.5738,1.5464,1.5249,1.5083,1.4966,1.4878,1.4809,1.4741,1.4673,1.4604,1.4536,1.4477,1.4428,1.434,1.4233,1.4125,1.4018,1.391,1.3793,1.3656,1.3539,1.3412,1.3284,1.3157,1.3069,1.2991,1.2874,1.2747,1.263,1.2522,1.2414,1.2317,1.2219,1.2131,1.2043,1.1955,1.1906,1.1877,1.1828,1.1769,1.172,1.1672,1.1613,1.1574,1.1544,1.1515,1.1486,1.1466,1.1466,1.1486,1.1515,1.1554,1.1593,1.1623,1.1662,1.1691,1.173,1.176,1.1789,1.1799,1.1818,1.1848,1.1906,1.2033,1.2307,1.2805,1.3578,1.4624,1.5943,1.7478,1.913,2.1183,2.2981,2.4194,2.521,2.6041,2.6862,2.7595,2.8182,2.8631,2.8944,2.913,2.9208,2.9228,2.9189,2.9101,2.8935,2.871,2.8475,2.8231,2.7957,2.7634,2.7283,2.6882,2.6432,2.5924,2.5347,2.4692,2.3959,2.3245,2.2532,2.1711,2.0831,1.9941,1.9101,1.8309,1.7595,1.697,1.6432,1.5973,1.5582,1.5288,1.5064,1.4848,1.4643,1.4418,1.4203,1.4008,1.3832,1.3656,1.347,1.3275,1.3069,1.2864,1.2698,1.2551,1.2366,1.216,1.1965,1.1779,1.1593,1.1417,1.1261,1.1124,1.1007,1.0899,1.085,1.0831,1.0811,1.0782,1.0743,1.0704,1.0674,1.0645,1.0616,1.0577,1.0528,1.0469,1.0411,1.0391,1.0401,1.0391,1.0391,1.0391,1.0401,1.044,1.0499,1.0547,1.0577,1.0596,1.0616,1.0645,1.0694,1.0714,1.0723,1.0733,1.0723,1.0723,1.0762,1.0899,1.1193,1.1711,1.2512,1.3597,1.4721,1.5934,1.74,1.8983,2.0567,2.2053,2.3392,2.4536,2.5474,2.6217,2.6784,2.7214,2.7468,2.7595,2.7693,2.7742,2.7732,2.7664,2.7546,2.737,2.7146,2.6891,2.6588,2.6246,2.5894,2.5367,2.4848,2.4438,2.39,2.3255,2.2532,2.175,2.0909,2.0039,1.9159,1.8289,1.7458,1.6774,1.6207,1.566,1.5171,1.4761,1.4418,1.4154,1.3939,1.3754,1.3607,1.3451,1.3284,1.3148,1.304,1.2913,1.2786,1.2649,1.2512,1.2366,1.219,1.2014,1.1838,1.1662,1.1476,1.129,1.1153,1.1036,1.0899,1.0762,1.0626,1.0489,1.0352,1.0215,1.0078,0.99413,0.9824,0.97067,0.96481,0.96188,0.95601,0.94819,0.94037,0.93157,0.92278,0.913,0.90323,0.89345,0.8827,0.87292,0.8651,0.86217,0.86119,0.85728,0.85142,0.84555,0.83871,0.83187,0.82502,0.8172,0.80938,0.80059,0.79179,0.78983,0.79472,0.80645,0.8348,0.88661,0.96774,1.0802,1.219,1.3763,1.5445,1.7126,1.8729,2.0196,2.1349,2.2258,2.3118,2.3851,2.4448,2.4897,2.522,2.5435,2.5562,2.5562,2.5562,2.5562,2.5562,2.5562,2.563,2.5611,2.5464,2.5249,2.4976,2.4643,2.4262,2.3832,2.3343,2.2776,2.2141,2.1554,2.0978,2.0342,1.9697,1.9081,1.8514,1.8025,1.7605,1.7283,1.7048,1.6882,1.6764,1.6706,1.6686,1.6657,1.6628,1.6579,1.652,1.6471,1.6422,1.6364,1.6295,1.6217,1.6109,1.6002,1.5924,1.5865,1.5767,1.565,1.5533,1.5386,1.523,1.5073,1.4927,1.478,1.4633,1.4497,1.4389,1.4301,1.4194,1.4076,1.3969,1.3861,1.3763,1.3666,1.3587,1.3519,1.346,1.3402,1.3353,1.3333,1.3324,1.3284,1.3245,1.3206,1.3167,1.3138,1.3109,1.3069,1.305,1.304,1.303,1.304,1.306,1.305,1.303,1.3001,1.2962,1.2923,1.2913,1.3011,1.3265,1.3744,1.4487,1.5494,1.654,1.7664,1.9032,2.0499,2.1965,2.3333,2.4545,2.5572,2.6413,2.7087,2.7605,2.7977,2.8182,2.827,2.8328,2.8358,2.8358,2.8319,2.8231,2.8104,2.7957,2.7771,2.7537,2.7263,2.695,2.6608,2.6217,2.5738,2.5171,2.4526,2.3803,2.3011,2.216,2.1281,2.0411,1.9589,1.8847,1.825,1.7761,1.7302,1.6911,1.6608,1.6373,1.6197,1.607,1.5973,1.5894,1.5816,1.5728,1.566,1.5601,1.5523,1.5435,1.5327,1.522,1.5122,1.5024,1.4927,1.4829,1.4721,1.4604,1.4467,1.435,1.4242,1.4106,1.3959,1.3842,1.3734,1.3627,1.3509,1.3412,1.3343,1.3255,1.3167,1.3099,1.305,1.2991,1.2923,1.2864,1.2825,1.2776,1.2727,1.2688,1.2639,1.259,1.2561,1.2551,1.2571,1.26,1.262,1.263,1.2649,1.2669,1.2688,1.2698,1.2698,1.2708,1.2727,1.2757,1.2835,1.2991,1.3284,1.3783,1.4536,1.5552,1.6804,1.826,1.9834,2.1457,2.3011,2.4428,2.567,2.6588,2.7283,2.7898,2.8397,2.8759,2.8993,2.913,2.9189,2.9189,2.912,2.9013,2.8886,2.8719,2.8524,2.8309,2.8065,2.7781,2.7449,2.7058,2.6618,2.61,2.5523,2.4878,2.4164,2.3392,2.2678,2.2004,2.1281,2.0567,1.9912,1.9335,1.8827,1.8397,1.8045,1.7752,1.7507,1.7302,1.7146,1.7019,1.6882,1.6755,1.6628,1.6491,1.6334,1.6158,1.5973,1.5806,1.564,1.5474,1.5308,1.5181,1.5064,1.4936,1.4809,1.4682,1.4545,1.4418,1.3734,1.2757,1.219,1.1838,1.1603,1.1476,1.1378,1.1241,1.1095,1.0968,1.0841,1.0723,1.0626,1.0557,1.0499,1.045,1.0411,1.0381,1.0381,1.0391,1.0381,1.0342,1.0303,1.0283,1.0274,1.0274,1.0274,1.0274,1.0274,1.0274,1.0293,1.0323,1.0332,1.0342,1.0381,1.0528,1.086,1.1466,1.2375,1.3578,1.5073,1.6784,1.8583,2.0166,2.1574,2.304,2.4409,2.5611,2.6608,2.741,2.8016,2.8456,2.8768,2.8983,2.911,2.912,2.9071,2.9013,2.8915,2.8768,2.8573,2.8328,2.8025,2.7674,2.7263,2.6774,2.6197,2.5533,2.4858,2.4154,2.3324,2.2405,2.1427,2.0411,1.9374,1.8368,1.7419,1.654,1.5748,1.5064,1.4545,1.4154,1.3793,1.35,1.3275,1.3109,1.2991,1.2893,1.2805,1.2717,1.2639,1.2561,1.2483,1.2434,1.2395,1.2307,1.219,1.2063,1.1926,1.1779,1.1632,1.1496,1.1349,1.1212,1.1085,1.0997,1.0938,1.085,1.0743,1.0635,1.0518,1.0411,1.0332,1.0283,1.0254,1.0244,1.0225,1.0235,1.0254,1.0225,1.0166,1.0117,1.0068,1.0029,1,0.99804,0.99707,0.99707,0.99707,0.99707,1,1.0039,1.0059,1.0068,1.0078,1.0078,1.0088,1.0137,1.0293,1.0626,1.1193,1.2063,1.305,1.4213,1.5728,1.7468,1.9326,2.1193,2.2962,2.4575,2.5992,2.7185,2.8162,2.8935,2.9511,2.9844,3.0039,3.0196,3.0264,3.0274,3.0225,3.0127,2.998,2.9804,2.9589,2.9326,2.8993,2.8631,2.8211,2.7722,2.7155,2.651,2.5787,2.4976,2.4076,2.3118,2.2151,2.1202,2.0293,1.9433,1.8739,1.8162,1.7625,1.7146,1.6735,1.6383,1.609,1.5846,1.563,1.5435,1.5259,1.5083,1.4927,1.477,1.4575,1.436,1.4145,1.3949,1.3754,1.3558,1.3363,1.3167,1.2981,1.2805,1.2639,1.2493,1.2366,1.219,1.2004,1.1838,1.1681,1.1544,1.1427,1.132,1.1232,1.1173,1.1124,1.1105,1.1105,1.1085,1.1056,1.1026,1.0987,1.0948,1.0909,1.087,1.0831,1.0792,1.0753,1.0714,1.0704,1.0714,1.0694,1.0684,1.0684,1.0665,1.0635,1.0596,1.0557,1.0528,1.0547,1.0674,1.0919,1.1339,1.2053,1.3089,1.4409,1.5982,1.7732,1.9541,2.1329,2.3011,2.4516,2.5816,2.6901,2.7664,2.8094,2.8436,2.8749,2.8983,2.913,2.9198,2.9208,2.9169,2.9101,2.8964,2.8778,2.8524,2.824,2.7928,2.7556,2.7116,2.6628,2.6061,2.5415,2.4682,2.3851,2.2942,2.1975,2.0841,1.9873,1.915,1.8338,1.7537,1.6657,1.5934,1.5474,1.5044,1.4653,1.434,1.4086,1.3861,1.3705,1.3587,1.3451,1.3255,1.3079,1.2962,1.2845,1.2727,1.261,1.2493,1.2375,1.2199,1.2033,1.1916,1.1818,1.1681,1.1476,1.1281,1.1085,1.0899,1.0704,1.0528,1.0362,1.0215,1.0127,1.0088,1.0029,0.99511,0.98827,0.98143,0.97165,0.96383,0.95797,0.95406,0.95015,0.94526,0.94233,0.94135,0.93646,0.9306,0.92571,0.92278,0.9218,0.92082,0.92082,0.92082,0.92082,0.92082,0.92082,0.92375,0.92962,0.93939,0.95797,0.99316,1.0508,1.1359,1.2512,1.3939,1.5601,1.7429,1.9326,2.0948,2.2356,2.3793,2.5112,2.6266,2.7243,2.8035,2.8641,2.9081,2.9374,2.9541,2.9609,2.9589,2.9482,2.9326,2.9159,2.8944,2.87,2.8416,2.8074,2.7654,2.7165,2.6608,2.5953,2.5191,2.4448,2.3685,2.2815,2.1916,2.1036,2.0176,1.9365,1.8641,1.7996,1.7458,1.7019,1.6667,1.6393,1.6197,1.6061,1.5924,1.5777,1.563,1.5474,1.5308,1.5152,1.4985,1.48,1.4594,1.437,1.4184,1.4027,1.3861,1.3715,1.3607,1.3597,1.3705,1.3969,1.4409,1.5024,1.5806,1.6696,1.7634,1.8446,1.9159,1.9883,2.0518,2.1007,2.1339,2.1496,2.1486,2.132,2.1046,2.0655,2.0196,1.9746,1.9296,1.8768,1.8192,1.7576,1.694,1.6295,1.567,1.5083,1.4555,1.4125,1.3783,1.3539,1.3402,1.3353,1.3363,1.3421,1.3519,1.3656,1.3793,1.39,1.3988,1.4057,1.4106,1.4106,1.4096,1.4057,1.3978,1.3881,1.3763,1.3627,1.348,1.3333,1.3196,1.3079,1.2962,1.2854,1.2766,1.2708,1.2669,1.261,1.2542,1.2463,1.2356,1.2229,1.2082,1.1935,1.1789,1.1652,1.1525,1.1437,1.1398,1.1359,1.132,1.1281,1.1241,1.1202,1.1163,1.1124,1.1085,1.1046,1.0997,1.0938,1.0909,1.0899,1.086,1.0802,1.0733,1.0684,1.0626,1.0577,1.0518,1.0459,1.0401,1.0352,1.0352,1.0371,1.0381,1.0381,1.0381,1.0391,1.042,1.0469,1.0743,1.1134,1.1417,1.1681,1.1955,1.2229,1.2532,1.2893,1.3294,1.3734,1.4203,1.4702,1.52,1.5689,1.6178,1.6647,1.7097,1.7468,1.7791,1.8104,1.8397,1.8661,1.8886,1.9081,1.9238,1.9345,1.9443,1.9531,1.9589,1.9609,1.9589,1.9531,1.9462,1.9413,1.9453,1.9658,2.0098,2.0802,2.1789,2.3021,2.4438,2.5953,2.7253,2.8407,2.9638,3.0792,3.1799,3.261,3.3236,3.3666,3.393,3.4057,3.4076,3.3998,3.3822,3.3568,3.3284,3.2972,3.263,3.2268,3.1896,3.1496,3.1075,3.0645,3.0166,2.9629,2.9032,2.8416,2.7752,2.6989,2.6129,2.5191,2.4194,2.3157,2.2121,2.1114,2.0176,1.9326,1.8573,1.7986,1.7527,1.7116,1.6764,1.6461,1.6207,1.6012,1.5855,1.5709,1.5562,1.5415,1.5269,1.5122,1.4995,1.4858,1.4682,1.4506,1.4321,1.4135,1.3949,1.3763,1.3587,1.3431,1.3275,1.3118,1.3021,1.2952,1.2874,1.2786,1.2698,1.261,1.2532,1.2454,1.2385,1.2336,1.2297,1.2258,1.2219,1.2209,1.2209,1.219,1.217,1.2151,1.2121,1.2092,1.2063,1.2023,1.1984,1.1945,1.1916,1.1906,1.1906,1.1896,1.1877,1.1867,1.1857,1.1828,1.1799,1.176,1.174,1.1789,1.1955,1.2297,1.2766,1.3412,1.437,1.5621,1.7077,1.8661,2.0264,2.1799,2.3216,2.4448,2.5494,2.6344,2.6901,2.7263,2.7576,2.781,2.7937,2.7957,2.7898,2.7752,2.7556,2.7312,2.7038,2.6716,2.6344,2.5973,2.5572,2.5103,2.4585,2.4008,2.3372,2.2649,2.1857,2.0997,2.0108,1.9198,1.8289,1.7517,1.6833,1.6139,1.5503,1.4956,1.4506,1.4145,1.3871,1.3685,1.3568,1.3509,1.348,1.347,1.347,1.347,1.3451,1.3412,1.3363,1.3294,1.3226,1.3157,1.3079,1.3011,1.2933,1.2864,1.2815,1.2786,1.2717,1.2639,1.2561,1.2493,1.2405,1.2307,1.2199,1.2092,1.1984,1.1867,1.174,1.1662,1.1603,1.1515,1.1437,1.1378,1.1339,1.1329,1.1339,1.1369,1.1398,1.1447,1.1515,1.1613,1.173,1.1838,1.1945,1.2053,1.2151,1.2229,1.2287,1.2336,1.2356,1.2366,1.2385,1.2444,1.2581,1.2835,1.3304,1.4027,1.5034,1.6295,1.7752,1.9326,2.0948,2.2522,2.3978,2.5279,2.6246,2.6979,2.6784,2.6031,2.5787,2.5758,2.5787,2.5797,2.5777,2.5718,2.5621,2.5484,2.5288,2.5054,2.48,2.4506,2.4184,2.3832,2.3441,2.3011,2.2512,2.1945,2.131,2.0616,1.9892,1.9228,1.8602,1.7928,1.7263,1.6657,1.6119,1.564,1.523,1.4888,1.4594,1.433,1.4096,1.392,1.3763,1.3587,1.3402,1.3216,1.303,1.2854,1.2678,1.2502,1.2317,1.2131,1.1955,1.1779,1.1632,1.1505,1.1359,1.1212,1.1056,1.0899,1.0762,1.0616,1.0469,1.0323,1.0176,1.0039,0.99511,0.98925,0.98143,0.97165,0.95992,0.94917,0.93744,0.92571,0.91398,0.90323,0.89345,0.88661,0.88074,0.87977,0.88074,0.87977,0.87781,0.87488,0.87195,0.86901,0.86608,0.86413,0.86315,0.86315,0.86119,0.86217,0.86608,0.86999,0.87683,0.8915,0.92375,0.97849,1.0577,1.1623,1.2884,1.4291,1.5758,1.7214,1.8436,1.9443,2.044,2.1329,2.2063,2.2639,2.3069,2.3372,2.3558,2.3646,2.3656,2.3607,2.349,2.3333,2.3148,2.2933,2.2688,2.2405,2.2102,2.176,2.1378,2.0948,2.0479,1.9932,1.9306,1.871,1.8123,1.7449,1.6735,1.6022,1.5327,1.4692,1.4145,1.3675,1.3294,1.3011,1.2825,1.2717,1.2678,1.2659,1.2649,1.263,1.261,1.2581,1.2551,1.2522,1.2493,1.2444,1.2366,1.2278,1.2209,1.2141,1.2033,1.1916,1.1789,1.1672,1.1574,1.1476,1.1369,1.1251,1.1134,1.1007,1.0919,1.086,1.0782,1.0694,1.0616,1.0557,1.0518,1.0479,1.044,1.0411,1.0391,1.0381,1.0391,1.043,1.0469,1.0489,1.0499,1.0499,1.0499,1.0499,1.0499,1.0499,1.0518,1.0547,1.0577,1.0626,1.0684,1.0723,1.0762,1.0802,1.088,1.1056,1.1408,1.1984,1.2815,1.392,1.5249,1.6725,1.8055,1.9286,2.0626,2.1926,2.3089,2.4096,2.4917,2.5552,2.6031,2.6383,2.6637,2.6794,2.6843,2.6813,2.6774,2.6706,2.6598,2.6461,2.6285,2.607,2.5826,2.5543,2.522,2.4839,2.4389,2.391,2.3392,2.2786,2.2092,2.1329,2.0528,1.9717,1.8915,1.8133,1.741,1.6764,1.6207,1.5787,1.5464,1.5181,1.4956,1.478,1.4643,1.4526,1.4399,1.4262,1.4125,1.3978,1.3832,1.3705,1.3578,1.3412,1.3236,1.306,1.2884,1.2708,1.2532,1.2366,1.263,1.3118,1.3294,1.3304,1.3275,1.3226,1.3138,1.3021,1.2893,1.2757,1.262,1.2502,1.2395,1.2307,1.2239,1.2209,1.2229,1.2278,1.2317,1.2356,1.2385,1.2414,1.2424,1.2434,1.2434,1.2434,1.2444,1.2473,1.2493,1.2512,1.2532,1.2532,1.2522,1.2522,1.2522,1.2571,1.2717,1.303,1.3578,1.4409,1.5503,1.6628,1.782,1.9277,2.0831,2.2366,2.3783,2.5044,2.6119,2.6999,2.7703,2.826,2.868,2.8964,2.9091,2.912,2.913,2.911,2.9062,2.8974,2.8837,2.8651,2.8407,2.8104,2.7752,2.7351,2.6931,2.6471,2.5924,2.5298,2.4594,2.3822,2.2981,2.2111,2.1232,2.0362,1.9541,1.8798,1.8152,1.7644,1.7243,1.6891,1.6588,1.6344,1.6129,1.5943,1.5777,1.563,1.5484,1.5327,1.5171,1.5044,1.4917,1.477,1.4604,1.4428,1.4252,1.4076,1.39,1.3724,1.3548,1.3372,1.3206,1.304,1.2903,1.2796,1.2678,1.2571,1.2463,1.2356,1.2258,1.218,1.2111,1.2043,1.1975,1.1906,1.1867,1.1838,1.1789,1.174,1.1672,1.1603,1.1535,1.1476,1.1447,1.1437,1.1427,1.1427,1.1427,1.1437,1.1466,1.1466,1.1466,1.1466,1.1447,1.1437,1.1437,1.1476,1.1623,1.1945,1.2502,1.3187,1.4047,1.5239,1.6667,1.824,1.9844,2.1408,2.2854,2.4125,2.521,2.609,2.6784,2.7322,2.7644,2.782,2.7967,2.8045,2.8055,2.8006,2.7918,2.7791,2.7634,2.7439,2.7195,2.6911,2.6588,2.6227,2.5797,2.5298,2.4731,2.4086,2.3372,2.26,2.1779,2.0938,2.0108,1.9316,1.8573,1.7977,1.7488,1.7019,1.6608,1.6266,1.5982,1.5767,1.5591,1.5425,1.5279,1.5132,1.4985,1.4868,1.477,1.4673,1.4565,1.4428,1.4272,1.4106,1.3939,1.3773,1.3607,1.3441,1.3265,1.3079,1.2942,1.2835,1.2708,1.2571,1.2444,1.2326,1.2219,1.2111,1.2004,1.1896,1.1789,1.1701,1.1662,1.1652,1.1632,1.1603,1.1574,1.1544,1.1505,1.1466,1.1447,1.1437,1.1427,1.1427,1.1437,1.1457,1.1447,1.1437,1.1408,1.1359,1.13,1.1232,1.1163,1.1095,1.1026,1.0968,1.0938,1.0987,1.1144,1.1466,1.2033,1.2864,1.3959,1.5288,1.6784,1.8338,1.9883,2.1349,2.2659,2.3666,2.4428,2.5132,2.5826,2.6442,2.6823,2.7028,2.7087,2.7048,2.694,2.6764,2.6559,2.6315,2.6061,2.5787,2.5484,2.5132,2.4721,2.4252,2.3695,2.305,2.2336,2.1564,2.0723,1.9853,1.9081,1.8368,1.7625,1.6921,1.6295,1.5787,1.5396,1.5122,1.4936,1.4829,1.478,1.478,1.479,1.48,1.4819,1.4829,1.4809,1.4761,1.4702,1.4624,1.4516,1.4389,1.4252,1.4125,1.3988,1.3861,1.3744,1.3587,1.3412,1.3226,1.304,1.2864,1.2678,1.2483,1.2287,1.2102,1.1945,1.1808,1.172,1.1652,1.1574,1.1505,1.1457,1.1408,1.1369,1.1349,1.1359,1.1378,1.1417,1.1466,1.1525,1.1593,1.1662,1.172,1.1779,1.1838,1.1896,1.1965,1.2023,1.2063,1.2082,1.2092,1.2111,1.216,1.2239,1.2366,1.259,1.2991,1.3627,1.4526,1.5709,1.7136,1.8739,2.045,2.217,2.3607,2.4839,2.61,2.7263,2.826,2.9071,2.9707,3.0186,3.0489,3.0655,3.0723,3.0733,3.0674,3.0528,3.0332,3.0117,2.9883,2.9619,2.9326,2.8983,2.8583,2.8104,2.7527,2.6872,2.6129,2.5396,2.4663,2.3842,2.2981,2.2131,2.131,2.0547,1.9863,1.9247,1.871,1.826,1.7889,1.7586,1.7341,1.7146,1.696,1.6784,1.6608,1.6442,1.6256,1.607,1.5865,1.563,1.5406,1.5171,1.4985,1.48,1.4575,1.434,1.4096,1.3861,1.3627,1.3392,1.3177,1.2981,1.2786,1.259,1.2405,1.2278,1.217,1.2053,1.1935,1.1828,1.175,1.1672,1.1593,1.1515,1.1437,1.1378,1.1329,1.132,1.132,1.131,1.132,1.1349,1.1398,1.1437,1.1476,1.1515,1.1554,1.1593,1.1623,1.1652,1.1681,1.1672,1.1652,1.1642,1.1672,1.1789,1.2082,1.261,1.3421,1.4536,1.5924,1.7527,1.9022,2.043,2.1965,2.346,2.4819,2.5973,2.6921,2.7664,2.8231,2.8661,2.8964,2.9159,2.9228,2.9208,2.9169,2.9091,2.8974,2.8817,2.8612,2.8368,2.8074,2.7713,2.7283,2.6784,2.6197,2.5601,2.4966,2.4213,2.3363,2.2444,2.1486,2.0508,1.955,1.8661,1.7859,1.7165,1.6569,1.6119,1.5777,1.5464,1.5181,1.4936,1.4731,1.4555,1.4389,1.4233,1.4096,1.3978,1.3842,1.3675,1.3529,1.3363,1.3157,1.2952,1.2737,1.2532,1.2326,1.2131,1.1955,1.1496,1.088,1.0489,1.0264,1.0108,0.99413,0.97654,0.95992,0.94721,0.93744,0.93157,0.92864,0.92766,0.92473,0.91984,0.913,0.91007,0.90811,0.90518,0.90225,0.89638,0.8915,0.88759,0.8827,0.87879,0.87683,0.87586,0.87586,0.87879,0.8827,0.88465,0.88563,0.88563,0.88368,0.87977,0.8739,0.86901,0.86706,0.8739,0.89736,0.94233,1.001,1.0792,1.1926,1.3382,1.5073,1.6901,1.8749,2.0518,2.2131,2.3529,2.4702,2.564,2.6266,2.6667,2.6999,2.7234,2.737,2.7419,2.738,2.7253,2.7058,2.6804,2.651,2.6188,2.5816,2.5435,2.5034,2.4575,2.4027,2.3392,2.2659,2.1848,2.0958,2.0029,1.9101,1.8211,1.737,1.6686,1.6129,1.5621,1.5191,1.4848,1.4585,1.4399,1.4282,1.4223,1.4184,1.4154,1.4125,1.4066,1.4018,1.3978,1.392,1.3842,1.3734,1.3597,1.3431,1.3245,1.305,1.2854,1.2669,1.2493,1.2356,1.2229,1.2072,1.1906,1.175,1.1613,1.1476,1.1329,1.1202,1.1075,1.0938,1.0811,1.0694,1.0616,1.0577,1.0538,1.0489,1.043,1.0381,1.0342,1.0313,1.0283,1.0274,1.0283,1.0303,1.0332,1.0371,1.0371,1.0352,1.0332,1.0313,1.0283,1.0254,1.0215,1.0156,1.0088,1.0039,1.002,1.0078,1.0254,1.0635,1.129,1.2287,1.3617,1.522,1.6999,1.8856,2.0674,2.2366,2.3861,2.5005,2.5885,2.6706,2.741,2.7977,2.8407,2.8719,2.8944,2.9101,2.9189,2.9208,2.9159,2.9032,2.8837,2.8612,2.8338,2.8016,2.7644,2.7204,2.6696,2.6119,2.5455,2.4712,2.3891,2.2991,2.2141,2.131,2.0381,1.9433,1.8495,1.7605,1.6794,1.61,1.5513,1.5034,1.4663,1.4379,1.4184,1.4047,1.393,1.3812,1.3675,1.3529,1.3363,1.3167,1.2962,1.2727,1.2473,1.2209,1.1955,1.175,1.1544,1.129,1.1026,1.0772,1.0538,1.0323,1.0127,0.99609,0.98143,0.96872,0.95601,0.94819,0.94135,0.93157,0.92278,0.913,0.90225,0.89247,0.88368,0.87586,0.86804,0.86022,0.85239,0.84457,0.84066,0.83871,0.8348,0.82991,0.82502,0.82111,0.81623,0.81134,0.80743,0.80547,0.80547,0.80547,0.80841,0.81134,0.81134,0.81036,0.81036,0.81623,0.83578,0.87586,0.94135,1.0371,1.1642,1.3187,1.4927,1.652,1.8016,1.9638,2.1496,2.3333,2.4761,2.5875,2.6735,2.74,2.7889,2.8221,2.8426,2.8485,2.8465,2.8426,2.8358,2.826,2.8123,2.7928,2.7674,2.737,2.7009,2.6598,2.6129,2.5582,2.5015,2.4409,2.3685,2.2864,2.1975,2.1085,2.0205,1.9355,1.8573,1.7889,1.7312,1.6852,1.652,1.6276,1.607,1.5914,1.5806,1.5709,1.563,1.5552,1.5464,1.5357,1.523,1.5093,1.4946,1.4819,1.4692,1.4536,1.437,1.4184,1.3978,1.3773,1.3587,1.3402,1.3216,1.305,1.2893,1.2766,1.2649,1.2522,1.2395,1.2278,1.217,1.2063,1.1975,1.1896,1.1828,1.1779,1.173,1.1691,1.1691,1.173,1.176,1.1799,1.1828,1.1838,1.1848,1.1848,1.1838,1.1828,1.1818,1.1808,1.1818,1.1867,1.1906,1.1935,1.1945,1.1945,1.1926,1.1916,1.1935,1.2033,1.2278,1.2727,1.346,1.433,1.5357,1.6745,1.8407,2.0196,2.1994,2.3705,2.5269,2.6657,2.783,2.8798,2.955,3.0039,3.0352,3.0596,3.0762,3.087,3.0899,3.088,3.0811,3.0704,3.0567,3.0391,3.0166,2.9883,2.955,2.9159,2.8719,2.8201,2.7595,2.6901,2.6139,2.5308,2.4399,2.346,2.2512,2.1593,2.0802,2.0108,1.9413,1.8768,1.8192,1.7693,1.7292,1.6979,1.6735,1.652,1.6325,1.6149,1.5992,1.5855,1.5699,1.5513,1.5308,1.5093,1.4888,1.4673,1.4448,1.4233,1.3988,1.3754,1.3519,1.3343,1.3196,1.3021,1.2845,1.2678,1.2532,1.2405,1.2287,1.217,1.2053,1.1945,1.1848,1.1789,1.174,1.1652,1.1554,1.1476,1.1398,1.132,1.1271,1.1251,1.1241,1.1232,1.1232,1.1232,1.1241,1.1251,1.1222,1.1183,1.1163,1.1153,1.1153,1.1153,1.1153,1.1153,1.1134,1.1105,1.1114,1.1173,1.1271,1.1515,1.1984,1.2737,1.3812,1.5161,1.6735,1.8436,2.0166,2.1828,2.3372,2.4585,2.5552,2.6491,2.7302,2.7957,2.8465,2.8837,2.9091,2.9238,2.9306,2.9306,2.9257,2.913,2.8954,2.8759,2.8514,2.8221,2.7859,2.7449,2.6979,2.6442,2.5836,2.5161,2.4409,2.3578,2.2786,2.1984,2.1075,2.0147,1.9238,1.8377,1.7605,1.696,1.6452,1.6051,1.5758,1.5552,1.5415,1.5327,1.5249,1.5171,1.5103,1.5024,1.4956,1.4868,1.477,1.4663,1.4291,1.3773,1.3421,1.3187,1.3021,1.2825,1.26,1.2375,1.216,1.1945,1.174,1.1535,1.1339,1.1144,1.0958,1.0821,1.0704,1.0547,1.0391,1.0235,1.0088,0.99707,0.98729,0.97947,0.97263,0.96774,0.96579,0.96481,0.96676,0.97067,0.97165,0.97165,0.97165,0.97165,0.97165,0.97263,0.97556,0.98045,0.98729,0.99804,1.0108,1.0235,1.0332,1.0401,1.0469,1.0567,1.0723,1.0987,1.1447,1.216,1.3157,1.4457,1.6022,1.7507,1.8983,2.0665,2.2385,2.4027,2.5494,2.6755,2.7801,2.8631,2.9267,2.9746,3.0088,3.0244,3.0283,3.0293,3.0254,3.0176,3.0039,2.9853,2.9619,2.9345,2.9032,2.868,2.827,2.7791,2.7283,2.6725,2.608,2.5337,2.4497,2.3587,2.2639,2.1691,2.0753,1.9853,1.9032,1.8299,1.7722,1.7263,1.6843,1.6461,1.6158,1.5914,1.5718,1.5543,1.5376,1.521,1.5034,1.4839,1.4673,1.4516,1.4321,1.4115,1.391,1.3715,1.3519,1.3333,1.3148,1.2962,1.2766,1.2561,1.2356,1.2199,1.2082,1.1955,1.1818,1.1672,1.1525,1.1388,1.1261,1.1144,1.1036,1.0958,1.0899,1.088,1.088,1.086,1.0831,1.0802,1.0762,1.0733,1.0694,1.0655,1.0616,1.0587,1.0567,1.0547,1.0557,1.0577,1.0587,1.0606,1.0626,1.0635,1.0626,1.0606,1.0577,1.0557,1.0557,1.0655,1.086,1.1232,1.1877,1.2815,1.4066,1.5582,1.7283,1.9071,2.0841,2.2512,2.4037,2.5357,2.6452,2.7224,2.7752,2.8231,2.8622,2.8905,2.9081,2.9169,2.9179,2.911,2.8993,2.8837,2.8641,2.8387,2.8094,2.7781,2.7439,2.7038,2.6569,2.6031,2.5406,2.4692,2.3881,2.2991,2.2043,2.1046,2.0147,1.9335,1.8475,1.7625,1.6843,1.6149,1.5562,1.5083,1.4682,1.434,1.4047,1.3803,1.3636,1.3519,1.3392,1.3255,1.3109,1.2942,1.2766,1.259,1.2434,1.2278,1.2111,1.1935,1.173,1.1564,1.1417,1.1241,1.1046,1.0831,1.0635,1.044,1.0264,1.0108,0.99707,0.98631,0.97556,0.96872,0.96383,0.95797,0.95112,0.94428,0.93744,0.92962,0.92278,0.91691,0.91398,0.913,0.913,0.91593,0.92278,0.9306,0.93451,0.93646,0.93744,0.93548,0.9306,0.92473,0.91691,0.90811,0.89638,0.8827,0.87097,0.85826,0.83871,0.81427,0.84555,0.91105,0.94428,0.97458,1.0186,1.087,1.1838,1.3079,1.4536,1.5914,1.7253,1.8749,2.0244,2.1642,2.2903,2.4018,2.4976,2.5787,2.6442,2.695,2.7341,2.7586,2.7722,2.7849,2.7957,2.8025,2.8045,2.8035,2.7977,2.7869,2.7703,2.7468,2.7165,2.6784,2.6364,2.5904,2.5357,2.4731,2.4047,2.3333,2.261,2.1896,2.1212,2.0587,2.0039,1.957,1.9218,1.8944,1.871,1.8504,1.8328,1.8182,1.8045,1.7898,1.7742,1.7566,1.738,1.7175,1.696,1.6774,1.6598,1.6403,1.6197,1.5982,1.5758,1.5543,1.5347,1.5171,1.4995,1.4829,1.4673,1.4555,1.4448,1.433,1.4223,1.4125,1.4037,1.3969,1.3891,1.3812,1.3734,1.3666,1.3597,1.3558,1.3529,1.348,1.3421,1.3363,1.3304,1.3236,1.3187,1.3167,1.3157,1.3148,1.3148,1.3148,1.3157,1.3196,1.3255,1.3314,1.3372,1.3431,1.346,1.3441,1.3372,1.3284,1.3196,1.3157,1.3187,1.3363,1.3763,1.4428,1.5396,1.6637,1.8084,1.9658,2.1271,2.2835,2.4282,2.5552,2.6637,2.7429,2.8006,2.8534,2.8993,2.9345,2.9599,2.9775,2.9883,2.9922,2.9912,2.9853,2.9726,2.9541,2.9296,2.9003,2.8641,2.8211,2.7713,2.7146,2.651,2.5816,2.5054,2.4233,2.3372,2.2473,2.1652,2.0899,2.0098,1.9316,1.8602,1.7977,1.7458,1.7028,1.6676,1.6413,1.6227,1.608,1.5973,1.5894,1.5816,1.5718,1.5601,1.5484,1.5357,1.5239,1.5132,1.5024,1.4927,1.4819,1.4712,1.4624,1.4526,1.4399,1.4272,1.4184,1.4106,1.4047,1.4047,1.4115,1.4291,1.4594,1.5034,1.5503,1.6002,1.6608,1.7263,1.7918,1.8524,1.9032,1.9433,1.9736,1.9941,2.002,1.999,1.9863,1.9687,1.9472,1.9198,1.8866,1.8485,1.8045,1.7576,1.7087,1.6598,1.6129,1.567,1.5249,1.4927,1.4682,1.4457,1.4301,1.4213,1.4174,1.4194,1.4252,1.433,1.4399,1.4448,1.4487,1.4497,1.4487,1.4448,1.436,1.4242,1.4125,1.4018,1.392,1.3832,1.3744,1.3646,1.3539,1.3441,1.3382,1.3343,1.3294,1.3245,1.3206,1.3177,1.3157,1.3138,1.3118,1.3089,1.306,1.303,1.3001,1.2991,1.2991,1.2981,1.2952,1.2923,1.2893,1.2884,1.2893,1.2913,1.2942,1.303,1.3157,1.3255,1.3324,1.3363,1.3382,1.3196,1.3226,1.3245,1.3265,1.3284,1.3314,1.3343,1.3372,1.3372,1.3353,1.3333,1.3304,1.3304,1.3324,1.3333,1.3353,1.3372,1.3382,1.3392,1.3392,1.3392,1.3392,1.3392,1.3392,1.3402,1.3431,1.347,1.3509,1.3548,1.3587,1.3607,1.3607,1.3597,1.3617,1.3715,1.3959,1.4428,1.5044,1.5855,1.7058,1.8573,2.0323,2.219,2.4066,2.5865,2.7517,2.8974,3.0215,3.1241,3.2082,3.2649,3.3021,3.3343,3.3607,3.3793,3.3891,3.391,3.3861,3.3763,3.3607,3.3402,3.3128,3.2786,3.2395,3.1945,3.1437,3.086,3.0225,2.9511,2.871,2.783,2.6891,2.5904,2.4897,2.39,2.304,2.2268,2.1496,2.0762,2.0117,1.955,1.9071,1.8671,1.8338,1.8065,1.783,1.7634,1.7488,1.737,1.7253,1.7116,1.697,1.6804,1.6608,1.6413,1.6188,1.5953,1.5699,1.5445,1.52,1.5005,1.4829,1.4643,1.4457,1.4291,1.4145,1.4008,1.3871,1.3744,1.3617,1.35,1.3402,1.3343,1.3314,1.3275,1.3245,1.3216,1.3177,1.3148,1.3118,1.3099,1.3079,1.305,1.3021,1.2991,1.2981,1.2981,1.2972,1.2942,1.2913,1.2884,1.2854,1.2825,1.2796,1.2766,1.2727,1.2698,1.2688,1.2688,1.2678,1.2669,1.2678,1.2737,1.2893,1.3216,1.3754,1.4555,1.5611,1.6901,1.8368,1.9707,2.0968,2.2346,2.3705,2.4966,2.607,2.6999,2.7761,2.8368,2.8807,2.911,2.9277,2.9306,2.9247,2.9159,2.9013,2.8827,2.8612,2.8368,2.8084,2.7771,2.741,2.7009,2.6559,2.6041,2.5513,2.4956,2.4311,2.3597,2.2835,2.2053,2.129,2.0587,1.9951,1.9394,1.8915,1.8514,1.8201,1.7947,1.7713,1.7507,1.7331,1.7155,1.6989,1.6823,1.6667,1.65,1.6334,1.6149,1.5963,1.5806,1.566,1.5494,1.5318,1.5132,1.4927,1.4731,1.4545,1.437,1.4213,1.4076,1.3939,1.3842,1.3763,1.3656,1.3548,1.3451,1.3363,1.3284,1.3226,1.3167,1.3109,1.306,1.3021,1.2991,1.2981,1.2981,1.2981,1.2981,1.2317,1.132,1.0821,1.0567,1.3978,1.3812,1.3695,1.3587,1.346,1.3324,1.3167,1.3001,1.2825,1.2659,1.2493,1.2326,1.217,1.1994,1.1867,1.1769,1.1623,1.1466,1.132,1.1163,1.0968,1.0743,1.0557,1.0401,1.0264,1.0147,1.0029,0.99609,0.99316,0.98631,0.97752,0.96872,0.9609,0.95406,0.94917,0.94526,0.94233,0.93842,0.93548,0.93548,0.93744,0.93842,0.93744,0.93646,0.93548,0.93548,0.93548,0.93548,0.93548,0.93548,0.93548,0.93548,0.93842,0.94624,0.96188,0.9912,1.0411,1.1183,1.2248,1.3587,1.5142,1.6823,1.8534,2.0186,2.1525,2.262,2.3705,2.4673,2.5484,2.6139,2.6628,2.697,2.7195,2.7283,2.7253,2.7146,2.697,2.6735,2.6452,2.6139,2.5797,2.5435,2.5034,2.4604,2.4135,2.3607,2.3021,2.2356,2.1632,2.0958,2.0293,1.956,1.8827,1.8123,1.7468,1.6891,1.6403,1.6022,1.5738,1.5523,1.5376,1.5288,1.523,1.5181,1.5132,1.5073,1.4985,1.4888,1.478,1.4673,1.4555,1.4428,1.4291,1.4145,1.4018,1.3891,1.3724,1.3558,1.3412,1.3275,1.3138,1.3021,1.2893,1.2766,1.263,1.2483,1.2346,1.2258,1.2199,1.2121,1.2043,1.1965,1.1877,1.1799,1.172,1.1642,1.1574,1.1496,1.1437,1.1408,1.1398,1.1378,1.1349,1.132,1.129,1.1271,1.1241,1.1193,1.1163,1.1153,1.1144,1.1153,1.1163,1.1144,1.1114,1.1075,1.1065,1.1124,1.131,1.1691,1.2346,1.3294,1.4545,1.6031,1.7439,1.8807,2.0342,2.1887,2.3333,2.4604,2.5679,2.6559,2.7263,2.782,2.825,2.8573,2.8749,2.8817,2.8876,2.8895,2.8866,2.8788,2.8661,2.8495,2.827,2.8006,2.7683,2.7283,2.6813,2.6315,2.5767,2.5132,2.4418,2.3627,2.2786,2.1906,2.0997,2.0098,1.9238,1.8416,1.7674,1.7087,1.6618,1.6197,1.5846,1.5543,1.5298,1.5083,1.4888,1.4702,1.4545,1.4409,1.4262,1.4115,1.3998,1.3881,1.3705,1.3519,1.3324,1.3118,1.2913,1.2688,1.2463,1.2258,1.2063,1.1867,1.174,1.1632,1.1505,1.1369,1.1241,1.1124,1.1017,1.0929,1.085,1.0782,1.0723,1.0665,1.0616,1.0606,1.0596,1.0557,1.0508,1.0459,1.0401,1.0342,1.0274,1.0205,1.0156,1.0098,1.0049,1.0049,1.0059,1.0039,1.001,0.99902,0.99609,0.9912,0.98534,0.98143,0.98338,0.99707,1.0303,1.0899,1.1623,1.2522,1.3744,1.5191,1.6764,1.8358,1.9892,2.13,2.2542,2.3587,2.4448,2.5142,2.5836,2.6481,2.6891,2.7155,2.7312,2.737,2.7351,2.7263,2.7107,2.6911,2.6686,2.6403,2.607,2.5709,2.5308,2.4839,2.4311,2.3715,2.304,2.2297,2.1486,2.0645,1.9785,1.8925,1.8104,1.7429,1.6872,1.6344,1.5894,1.5533,1.5259,1.5073,1.4946,1.4848,1.479,1.4761,1.4741,1.4702,1.4663,1.4624,1.4545,1.4438,1.4311,1.4164,1.3998,1.3822,1.3636,1.3431,1.3216,1.3001,1.2845,1.2698,1.2522,1.2336,1.2141,1.1945,1.176,1.1574,1.1388,1.1202,1.1017,1.0841,1.0674,1.0567,1.0499,1.042,1.0342,1.0274,1.0235,1.0215,1.0205,1.0186,1.0156,1.0137,1.0127,1.0147,1.0196,1.0244,1.0303,1.0381,1.0489,1.0606,1.0723,1.0821,1.0919,1.1036,1.1202,1.1466,1.1818,1.2307,1.306,1.4106,1.5415,1.695,1.8612,2.0313,2.1965,2.35,2.4868,2.6061,2.6931,2.7576,2.8172,2.8671,2.9042,2.9316,2.9482,2.955,2.955,2.9472,2.9345,2.9179,2.8964,2.871,2.8426,2.8113,2.7771,2.738,2.6931,2.6403,2.5797,2.5112,2.434,2.349,2.259,2.1769,2.1017,2.0225,1.9453,1.8759,1.8152,1.7644,1.7224,1.6882,1.6618,1.6413,1.6227,1.608,1.5953,1.5797,1.563,1.5464,1.5308,1.5132,1.4936,1.4721,1.4506,1.4301,1.4106,1.391,1.3763,1.3617,1.3441,1.3265,1.3089,1.2942,1.2805,1.2678,1.2561,1.2424,1.2287,1.216,1.2082,1.2004,1.1906,1.1818,1.1711,1.1603,1.1525,1.1525,1.1652,1.1975,1.2542,1.3382,1.4487,1.5611,1.6784,1.8211,1.9726,2.1212,2.259,2.3803,2.4829,2.565,2.6285,2.6745,2.7058,2.7204,2.7243,2.7263,2.7253,2.7195,2.7097,2.694,2.6735,2.6481,2.6168,2.5806,2.5386,2.4917,2.4428,2.39,2.3255,2.2502,2.1681,2.0802,1.9912,1.9032,1.8182,1.74,1.6706,1.6109,1.566,1.5318,1.4995,1.4702,1.4448,1.4233,1.4037,1.3861,1.3675,1.349,1.3304,1.3128,1.2972,1.2854,1.2757,1.262,1.2434,1.2239,1.2033,1.1838,1.1662,1.1486,1.132,1.1163,1.0997,1.087,1.0782,1.0665,1.0557,1.045,1.0342,1.0244,1.0156,1.0059,0.99511,0.98631,0.97849,0.97067,0.96579,0.96285,0.95797,0.95406,0.95015,0.94721,0.9609,0.98338,0.99609,1.0039,1.0078,1.0098,1.0117,1.0147,1.0156,1.0156,1.0156,1.0156,1.0156,1.0156,1.0147,1.0127,1.0117,1.0117,1.0117,1.0137,1.0186,1.0225,1.0244,1.0254,1.0254,1.0274,1.0342,1.0518,1.086,1.1447,1.2326,1.3314,1.4477,1.6012,1.7791,1.9697,2.1603,2.3402,2.5024,2.6413,2.7576,2.8514,2.9238,2.9785,3.0108,3.0264,3.0362,3.0381,3.0323,3.0215,3.0049,2.9834,2.9609,2.9355,2.9062,2.871,2.8309,2.7869,2.7331,2.6706,2.6002,2.521,2.436,2.346,2.2542,2.1642,2.0792,2.001,1.9374,1.8847,1.8348,1.7908,1.7527,1.7214,1.697,1.6774,1.6598,1.6432,1.6266,1.609,1.5924,1.5797,1.5679,1.5533,1.5347,1.5152,1.4946,1.4751,1.4555,1.435,1.4135,1.393,1.3744,1.3617,1.3509,1.3382,1.3245,1.3109,1.2972,1.2845,1.2708,1.2571,1.2444,1.2346,1.2268,1.2209,1.219,1.219,1.217,1.2141,1.2102,1.2063,1.2014,1.1965,1.1926,1.1887,1.1848,1.1808,1.1799,1.1808,1.1789,1.1769,1.174,1.1701,1.1662,1.1632,1.1593,1.1544,1.1496,1.1476,1.1554,1.174,1.2082,1.2649,1.35,1.4633,1.6022,1.7586,1.9238,2.089,2.2454,2.3861,2.5064,2.5943,2.6579,2.7155,2.7634,2.8016,2.8299,2.8495,2.8612,2.8651,2.8622,2.8543,2.8426,2.825,2.8025,2.7664,2.7312,2.7028,2.6647,2.6188,2.565,2.5044,2.435,2.3597,2.2776,2.1887,2.1075,2.0313,1.9492,1.8671,1.7908,1.7234,1.6657,1.6178,1.5787,1.5455,1.5181,1.4956,1.4761,1.4604,1.4477,1.4321,1.4145,1.3959,1.3754,1.3548,1.3353,1.3138,1.2923,1.2708,1.2502,1.2356,1.2229,1.2072,1.1906,1.173,1.1554,1.1378,1.1222,1.1065,1.0919,1.0772,1.0626,1.0479,1.0381,1.0313,1.0225,1.0156,1.0108,1.0059,1.002,0.99804,0.99413,0.98925,0.98436,0.98045,0.98045,0.9824,0.98338,0.98534,0.98827,0.9912,0.99511,0.99804,1.002,1.0059,1.0088,1.0088,1.0088,1.0127,1.0186,1.0244,1.0391,1.0694,1.1222,1.2023,1.3109,1.4457,1.6002,1.7654,1.9316,2.0733,2.1935,2.3128,2.4213,2.5122,2.5846,2.6413,2.6813,2.7067,2.7204,2.7243,2.7195,2.7077,2.6823,2.6491,2.6207,2.5943,2.5679,2.5386,2.5054,2.4663,2.4194,2.3636,2.2991,2.2268,2.1584,2.0929,2.0205,1.9462,1.8729,1.8025,1.7361,1.6755,1.6197,1.5709,1.5298,1.4976,1.4741,1.4614,1.4555,1.4536,1.4545,1.4575,1.4604,1.4633,1.4643,1.4633,1.4594,1.4516,1.4428,1.436,1.4291,1.4203,1.4106,1.3978,1.3851,1.3724,1.3607,1.35,1.3402,1.3304,1.3206,1.3148,1.3099,1.303,1.2942,1.2854,1.2757,1.2659,1.2581,1.2502,1.2444,1.2405,1.2366,1.2326,1.2326,1.2356,1.2375,1.2385,1.2405,1.2414,1.2424,1.2444,1.2473,1.2502,1.2502,1.2502,1.2502,1.2502,1.2502,1.2502,1.2522,1.262,1.2864,1.3314,1.4027,1.5024,1.6276,1.7713,1.9277,2.0655,2.1896,2.3196,2.4438,2.5543,2.6481,2.7253,2.7869,2.8328,2.8661,2.8876,2.9003,2.9022,2.8974,2.8905,2.8827,2.871,2.8543,2.8319,2.8065,2.7771,2.7429,2.7028,2.6588,2.607,2.5543,2.4976,2.4311,2.3568,2.2776,2.1955,2.1124,2.0313,1.9541,1.8827,1.8192,1.7634,1.7204,1.6872,1.6579,1.6325,1.6119,1.5953,1.5806,1.567,1.5523,1.5386,1.523,1.5044,1.4839,1.4663,1.4506,1.433,1.4135,1.3939,1.3763,1.3587,1.3402,1.3245,1.3089,1.2942,1.2796,1.2688,1.261,1.2522,1.2424,1.2317,1.2229,1.217,1.2121,1.2082,1.2053,1.2043,1.2043,1.2043,1.2072,1.2131,1.217,1.2209,1.2239,1.2258,1.2258,1.2239,1.2209,1.218,1.2141,1.2111,1.2102,1.2102,1.2092,1.2063,1.2033,1.2033,1.2141,1.2414,1.2903,1.3666,1.4712,1.6002,1.7478,1.8847,2.0137,2.1535,2.2893,2.4115,2.5181,2.6061,2.6755,2.7292,2.7693,2.7957,2.8133,2.8201,2.8182,2.8133,2.8045,2.7937,2.7801,2.7634,2.7429,2.7165,2.6852,2.6471,2.6031,2.5543,1.8465,1.8065,1.7683,1.7331,1.7009,1.6725,1.65,1.6315,1.6119,1.5914,1.5689,1.5455,1.522,1.4985,1.478,1.4594,1.4438,1.4301,1.4223,1.4154,1.4057,1.3959,1.3851,1.3744,1.3646,1.3578,1.3578,1.3695,1.3988,1.4487,1.523,1.6041,1.695,1.8094,1.9365,2.0665,2.1906,2.303,2.4008,2.4829,2.5494,2.6002,2.6383,2.6618,2.6735,2.6804,2.6804,2.6745,2.6637,2.6481,2.6276,2.6031,2.5728,2.5367,2.4927,2.4399,2.3861,2.3294,2.262,2.1867,2.1085,2.0283,1.9501,1.8778,1.8123,1.7556,1.7077,1.6676,1.6403,1.6197,1.6002,1.5836,1.5679,1.5523,1.5386,1.5259,1.5132,1.5015,1.4888,1.4741,1.4585,1.4477,1.4379,1.4262,1.4125,1.3978,1.3822,1.3666,1.3529,1.3402,1.3284,1.3157,1.303,1.2942,1.2874,1.2776,1.2669,1.2571,1.2483,1.2395,1.2307,1.2219,1.2131,1.2043,1.1955,1.1867,1.1818,1.1799,1.1769,1.172,1.1672,1.1613,1.1554,1.1496,1.1437,1.1378,1.131,1.1222,1.1173,1.1144,1.1075,1.0997,1.0919,1.0841,1.0772,1.0714,1.0655,1.0587,1.0508,1.043,1.0371,1.0371,1.044,1.0606,1.0929,1.1486,1.2317,1.3431,1.479,1.6334,1.7967,1.9619,2.1202,2.2483,2.3539,2.4575,2.5494,2.6266,2.6872,2.7351,2.7713,2.7977,2.8162,2.827,2.8299,2.825,2.8133,2.7957,2.7722,2.7439,2.7097,2.6686,2.6217,2.566,2.5015,2.4311,2.3529,2.2698,2.1926,2.1193,2.0381,1.958,1.8827,1.8152,1.7566,1.7087,1.6696,1.6403,1.6197,1.6051,1.5963,1.5914,1.5875,1.5846,1.5816,1.5777,1.5718,1.565,1.5572,1.5455,1.5308,1.5171,1.5034,1.4907,1.478,1.4594,1.4389,1.4164,1.391,1.3656,1.3412,1.3167,1.2923,1.2688,1.2473,1.2326,1.2219,1.2092,1.1955,1.1808,1.1652,1.1496,1.1359,1.1232,1.1105,1.0978,1.086,1.0743,1.0684,1.0665,1.0635,1.0626,1.0616,1.0616,1.0616,1.0616,1.0635,1.0723,1.0919,1.1271,1.174,1.2375,1.3314,1.4536,1.5982,1.7576,1.9228,2.088,2.2434,2.3851,2.5112,2.6207,2.7116,2.7752,2.8211,2.8641,2.9003,2.9277,2.9472,2.9589,2.9638,2.9619,2.9531,2.9374,2.9159,2.8895,2.8583,2.8201,2.7732,2.7165,2.652,2.5797,2.4995,2.4135,2.3236,2.2356,2.1525,2.0753,2.0117,1.9599,1.911,1.869,1.8338,1.8045,1.7791,1.7576,1.739,1.7224,1.7067,1.6901,1.6764,1.6628,1.6471,1.6315,1.6158,1.5992,1.5826,1.565,1.5464,1.5279,1.5103,1.4927,1.4761,1.4633,1.4526,1.4409,1.4282,1.4154,1.4018,1.3871,1.3724,1.3587,1.346,1.3353,1.3255,1.3206,1.3187,1.3148,1.3089,1.3011,1.2933,1.2854,1.2766,1.2688,1.262,1.2561,1.2502,1.2444,1.2434,1.2454,1.2463,1.2454,1.2424,1.2385,1.2356,1.2326,1.2317,1.2375,1.2561,1.2962,1.349,1.4194,1.522,1.653,1.8035,1.9648,2.1261,2.2805,2.4233,2.5523,2.6657,2.7615,2.8416,2.8974,2.9365,2.9726,3.0029,3.0264,3.044,3.0547,3.0587,3.0557,3.0459,3.0293,3.0068,2.9775,2.9423,2.9003,2.8504,2.7908,2.7224,2.6461,2.564,2.4761,2.3842,2.2903,2.1975,2.1095,2.0371,1.9756,1.915,1.8602,1.8123,1.7703,1.7341,1.7028,1.6745,1.6481,1.6237,1.6012,1.5826,1.564,1.5415,1.5181,1.4936,1.4673,1.4399,1.4145,1.3891,1.3646,1.3402,1.3167,1.2933,1.2747,1.26,1.2414,1.2209,1.1994,1.1779,1.1574,1.1378,1.1202,1.1046,1.0909,1.0762,1.0655,1.0587,1.0499,1.0411,1.0323,1.0235,1.0147,1.0059,0.99804,0.99022,0.98436,0.97947,0.97947,0.98143,0.98143,0.97947,0.97752,0.97458,0.97165,0.96872,0.96481,0.9609,0.95797,0.95992,0.97165,0.99609,1.0371,1.1026,1.1955,1.3148,1.4555,1.61,1.7693,1.9277,2.0772,2.2121,2.3304,2.4203,2.4888,2.5513,2.5953,2.6227,2.6491,2.6706,2.6852,2.694,2.6979,2.697,2.6901,2.6774,2.6588,2.6364,2.608,2.5728,2.5298,2.48,2.4233,2.3578,2.2854,2.2102,2.1339,2.0596,1.9971,1.9423,1.8876,1.8387,1.7977,1.7654,1.741,1.7243,1.7146,1.7087,1.7058,1.7028,1.6989,1.695,1.6921,1.6872,1.6823,1.6755,1.6676,1.6579,1.6471,1.6364,1.6266,1.6168,1.607,1.6002,1.5943,1.5855,1.5758,1.565,1.5533,1.5425,1.5318,1.521,1.5093,1.4985,1.4868,1.4751,1.4663,1.4594,1.4506,1.4438,1.4379,1.4321,1.4272,1.4233,1.4194,1.4154,1.4115,1.4076,1.4057,1.4047,1.4018,1.3969,1.391,1.3832,1.3754,1.3675,1.3617,1.3587,1.3627,1.3812,1.4194,1.4692,1.5357,1.6325,1.7556,1.8974,2.0489,2.2014,2.348,2.4839,2.6041,2.7077,2.7967,2.8602,2.9071,2.9531,2.9932,3.0244,3.0479,3.0635,3.0733,3.0762,3.0733,3.0645,3.0499,3.0283,3.001,2.9677,2.9267,2.8788,2.824,2.7625,2.694,2.6197,2.5406,2.4565,2.3715,2.2854,2.2092,2.1408,2.0714,2.0059,1.9472,1.8974,1.8553,1.8211,1.7918,1.7664,1.7439,1.7214,1.6989,1.6794,1.6618,1.6413,1.6178,1.5934,1.5689,1.5445,1.5191,1.4936,1.4682,1.4438,1.4203,1.4018,1.3851,1.3666,1.348,1.3284,1.3089,1.2903,1.2717,1.2542,1.2375,1.2209,1.2033,1.1887,1.1799,1.174,1.1652,1.1574,1.1496,1.1427,1.1359,1.129,1.1212,1.1114,1.1026,1.0948,1.0919,1.0909,1.088,1.085,1.0821,1.0792,1.0762,1.0743,1.0723,1.0714,1.0694,1.0674,1.0684,1.0714,1.0714,1.0704,1.0743,1.0899,1.1232,1.1789,1.261,1.3685,1.4995,1.6471,1.8055,1.9453,2.0694,2.1994,2.3245,2.437,2.5357,2.6188,2.6872,2.7419,2.7859,2.8192,2.8426,2.8543,2.8592,2.8631,2.8651,2.8612,2.8524,2.8368,2.8123,2.7781,2.7341,2.6813,2.6207,2.5533,2.4878,2.4223,2.35,2.2727,2.1965,2.1241,2.0567,1.9961,1.9443,1.9022,1.869,1.8436,1.826,1.8133,1.8045,1.7986,1.7928,1.7859,1.7781,1.7693,1.7615,1.7527,1.7439,1.7322,1.7204,1.7107,1.7019,1.6901,1.6764,1.6618,1.6461,1.6305,1.6158,1.6012,1.5689,1.5288,1.5034,1.4878,1.4761,1.4643,1.4536,1.4418,1.4321,1.4233,1.4154,1.4086,1.4027,1.3959,1.3891,1.3822,1.3773,1.3734,1.3675,1.3636,1.3656,1.3803,1.4125,1.4673,1.5474,1.652,1.7771,1.9159,2.0411,2.1564,2.2825,2.4047,2.5171,2.6149,2.697,2.7644,2.8182,2.8602,2.8925,2.9169,2.9335,2.9404,2.9384,2.9345,2.9267,2.915,2.8983,2.8768,2.8495,2.8152,2.7732,2.7234,2.6667,2.608,2.5455,2.4721,2.392,2.3079,2.2219,2.1378,2.0577,1.9834,1.9169,1.8583,1.8084,1.7664,1.7351,1.7107,1.6882,1.6676,1.6491,1.6315,1.6139,1.5963,1.5787,1.5611,1.5425,1.523,1.5064,1.4917,1.4721,1.4516,1.4321,1.4125,1.3949,1.3783,1.3607,1.3441,1.3255,1.3069,1.2913,1.2815,1.2747,1.2659,1.2551,1.2424,1.2297,1.218,1.2063,1.1945,1.1838,1.173,1.1613,1.1535,1.1476,1.1388,1.1281,1.1173,1.1075,1.0978,1.089,1.0802,1.0723,1.0645,1.0577,1.0518,1.0489,1.0489,1.0459,1.042,1.0371,1.0313,1.0264,1.0225,1.0186,1.0166,1.0147,1.0117,1.0127,1.0156,1.0166,1.0186,1.0254,1.045,1.0831,1.1447,1.2326,1.348,1.4878,1.6432,1.8055,1.9472,2.0723,2.2033,2.3265,2.436,2.5308,2.61,2.6755,2.7263,2.7644,2.7928,2.8133,2.8221,2.8231,2.8221,2.8172,2.8074,2.7928,2.7722,2.7449,2.7107,2.6706,2.6217,2.564,2.5054,2.4438,2.3724,2.2942,2.2102,2.1261,2.044,1.9677,1.9003,1.8426,1.7947,1.7566,1.7273,1.7077,1.6931,1.6804,1.6706,1.6608,1.653,1.6461,1.6393,1.6334,1.6266,1.6168,1.6061,1.5953,1.5846,1.5709,1.5572,1.5435,1.5288,1.5132,1.4956,1.477,1.4594,1.4418,1.4252,1.4076,1.3939,1.3822,1.3685,1.3548,1.3402,1.3265,1.3118,1.2991,1.2893,1.2815,1.2747,1.2688,1.2659,1.2639,1.26,1.2561,1.2522,1.2502,1.2493,1.2483,1.2483,1.2483,1.2483,1.2493,1.2512,1.2571,1.2639,1.2708,1.2766,1.2815,1.2845,1.2864,1.2874,1.2874,1.2874,1.2893,1.2952,1.3069,1.3294,1.3705,1.435,1.5259,1.6413,1.7781,1.9306,2.0909,2.2502,2.4008,2.5386,2.6608,2.7527,2.824,2.8935,2.957,3.0117,3.0557,3.089,3.1124,3.129,3.1388,3.1417,3.1378,3.1251,3.1065,3.085,3.0587,3.0274,2.9892,2.9443,2.8915,2.8299,2.7595,2.6804,2.5953,2.5064,2.4252,2.35,2.2717,2.1955,2.1241,2.0596,2.0029,1.9531,1.911,1.8749,1.8446,1.8172,1.7947,1.7752,1.7546,1.7351,1.7146,1.6921,1.6686,1.6452,1.6217,1.608,1.5865,1.565,1.5435,1.5288,1.5171,1.5054,1.4936,1.4819,1.4692,1.4545,1.4399,1.4242,1.4096,1.3959,1.3851,1.3763,1.3705,1.3666,1.3607,1.3558,1.3509,1.347,1.3421,1.3372,1.3314,1.3255,1.3167,1.305,1.2952,1.2884,1.2854,1.2933,1.3196,1.3744,1.4614,1.5816,1.7331,1.9091,2.0987,2.2893,2.4712,2.6158,2.7312,2.8407,2.9345,3.0108,3.0694,3.1124,3.1417,3.1603,3.1711,3.174,3.1711,3.1593,3.1408,3.1193,3.0948,3.0665,3.0332,2.9941,2.9492,2.8974,2.8377,2.7703,2.6931,2.608,2.5259,2.4438,2.348,2.2463,2.1457,2.0489,1.9599,1.8817,1.8162,1.7576,1.7067,1.6696,1.6432,1.6256,1.61,1.5953,1.5816,1.5679,1.5533,1.5357,1.5181,1.5005,1.4829,1.4653,1.4516,1.4418,1.434,1.434,1.4448,1.4692,1.5064,1.5552,1.6149,1.6813,1.7478,1.8104,1.8631,1.9013,1.9257,1.9394,1.9413,1.9316,1.9101,1.8768,1.8338,1.7849,1.7322,1.6774,1.6227,1.5767,1.5357,1.4956,1.4614,1.434,1.4164,1.4096,1.4106,1.4174,1.4311,1.4497,1.4682,1.4858,1.5015,1.5152,1.5269,1.5357,1.5425,1.5445,1.5435,1.5396,1.5337,1.5249,1.5142,1.5044,1.4956,1.4868,1.4741,1.4594,1.4438,1.4291,1.4154,1.4037,1.393,1.3822,1.3705,1.3578,1.3451,1.3353,1.3265,1.3167,1.306,1.2952,1.2845,1.2747,1.2649,1.2551,1.2454,1.2356,1.2258,1.219,1.2141,1.2072,1.2004,1.1935,1.1867,1.1808,1.173,1.1642,1.1564,1.1486,1.1417,1.1349,1.132,1.13,1.1261,1.1202,1.1134,1.1065,1.1017,1.0987,1.0968,1.0958,1.0948,1.0929,1.0938,1.0958,1.0958,1.0958,1.0948,1.0929,1.0899,1.087,1.0841,1.0821,1.0811,1.0811,1.0821,1.087,1.0938,1.0978,1.0997,1.1007,1.1017,1.1017,1.1017,1.1017,1.1017,1.1017,1.1017,1.1046,1.1114,1.1183,1.1251,1.132,1.1388,1.1486,1.1672,1.2014,1.261,1.3509,1.478,1.6393,1.7996,1.9619,2.1544,2.3558,2.5494,2.7273,2.8847,3.0186,3.1281,3.216,3.2835,3.3324,3.3597,3.3715,3.3803,3.3842,3.3812,3.3705,3.3539,3.3324,3.305,3.2727,3.2356,3.1926,3.1427,3.0899,3.0313,2.9629,2.8856,2.8016,2.7107,2.6168,2.5239,2.434,2.348,2.2688,2.1994,2.1437,2.0978,2.0567,2.0215,1.9932,1.9697,1.9501,1.9355,1.9228,1.912,1.8993,1.8847,1.869,1.8553,1.8407,1.824,1.8074,1.7898,1.7722,1.7537,1.737,1.7204,1.7038,1.6872,1.6696,1.654,1.6393,1.6246,1.6109,1.5973,1.5846,1.5709,1.5582,1.5445,1.5298,1.5171,1.5044,1.4917,1.4809,1.4712,1.4575,1.4428,1.4282,1.4164,1.4106,1.4154,1.4379,1.4858,1.5611,1.6637,1.7683,1.8788,2.0127,2.1544,2.2952,2.4272,2.5425,2.6393,2.7165,2.7752,2.8172,2.8465,2.8592,2.8612,2.8602,2.8563,2.7683,2.6364,2.5601,2.5112,2.4751,2.4428,2.4086,2.3705,2.3284,2.2854,2.2395,2.1857,2.1251,2.0606,1.9922,1.9238,1.8573,1.7937,1.7351,1.6823,1.6373,1.6022,1.5767,1.5552,1.5367,1.521,1.5093,1.4995,1.4897,1.479,1.4673,1.4565,1.4448,1.434,1.4242,1.4164,1.4057,1.392,1.3783,1.3646,1.35,1.3363,1.3216,1.3079,1.2962,1.2854,1.2776,1.2727,1.2649,1.2561,1.2454,1.2346,1.2239,1.2131,1.2053,1.1994,1.1945,1.1896,1.1838,1.1808,1.1779,1.173,1.1672,1.1623,1.1574,1.1525,1.1466,1.1388,1.131,1.1222,1.1134,1.1095,1.1075,1.1036,1.0987,1.0948,1.0929,1.0909,1.0899,1.088,1.085,1.0821,1.0792,1.0762,1.0753,1.0743,1.0714,1.0704,1.0753,1.0899,1.1212,1.175,1.2522,1.3519,1.4702,1.6022,1.7204,1.8289,1.9433,2.0518,2.1476,2.2287,2.2933,2.3421,2.3773,2.3998,2.4115,2.4145,2.4115,2.4018,2.3881,2.3715,2.3539,2.3363,2.3167,2.2942,2.2688,2.2385,2.2033,2.1632,2.1173,2.0704,2.0215,1.9629,1.8964,1.827,1.7566,1.6872,1.6227,1.564,1.5142,1.4721,1.4379,1.4125,1.3949,1.3842,1.3783,1.3754,1.3734,1.3724,1.3724,1.3715,1.3695,1.3666,1.3636,1.3578,1.3529,1.349,1.3421,1.3324,1.3196,1.3069,1.2933,1.2786,1.263,1.2463,1.2297,1.2131,1.1984,1.1867,1.176,1.1642,1.1505,1.1349,1.1202,1.1065,1.0948,1.0831,1.0714,1.0596,1.0479,1.0411,1.0371,1.0332,1.0283,1.0254,1.0244,1.0235,1.0235,1.0235,1.0235,1.0244,1.0283,1.0391,1.0577,1.088,1.1349,1.2014,1.2903,1.3978,1.52,1.652,1.784,1.9091,2.0235,2.1241,2.1994,2.2571,2.3099,2.3529,2.3851,2.4076,2.4203,2.4252,2.4242,2.4194,2.4106,2.3978,2.3812,2.3636,2.3451,2.3226,2.2972,2.2669,2.2317,2.1906,2.1447,2.0938,2.0381,1.9795,1.9208,1.869,1.8211,1.7713,1.7253,1.6852,1.651,1.6237,1.6022,1.5855,1.5718,1.5601,1.5533,1.5484,1.5425,1.5357,1.5279,1.5181,1.5064,1.4927,1.478,1.4633,1.4487,1.434,1.4194,1.4057,1.3949,1.3861,1.3763,1.3656,1.3558,1.3451,1.3333,1.3206,1.3079,1.2972,1.304,1.3187,1.3245,1.3255,1.3196,1.3128,1.304,1.2952,1.2864,1.2786,1.2708,1.263,1.2551,1.2463,1.2385,1.2346,1.2326,1.2297,1.2268,1.2229,1.219,1.2151,1.2131,1.2121,1.2102,1.2072,1.2043,1.2043,1.2092,1.219,1.2424,1.2864,1.3568,1.4575,1.5865,1.737,1.9013,2.0665,2.2258,2.3715,2.4848,2.5728,2.6559,2.7273,2.784,2.828,2.8592,2.8798,2.8915,2.8944,2.8895,2.8798,2.8631,2.8416,2.8172,2.7889,2.7576,2.7214,2.6804,2.6344,2.5806,2.52,2.4516,2.3754,2.2923,2.2151,2.1378,2.0518,1.9638,1.8788,1.7986,1.7273,1.6637,1.609,1.5621,1.523,1.4897,1.4673,1.4497,1.433,1.4184,1.4047,1.391,1.3763,1.3617,1.347,1.3314,1.3167,1.3011,1.2854,1.2737,1.263,1.2493,1.2356,1.2209,1.2063,1.1896,1.172,1.1535,1.1359,1.1193,1.1036,1.0929,1.085,1.0733,1.0596,1.045,1.0303,1.0156,1.001,0.98827,0.97654,0.96481,0.95308,0.94135,0.93548,0.93451,0.93255,0.92962,0.92571,0.92375,0.92375,0.92473,0.92571,0.92375,0.9218,0.92278,0.93157,0.9521,0.98925,1.0489,1.1349,1.2493,1.3871,1.5406,1.7009,1.8602,2.0117,2.1476,2.2649,2.3519,2.4164,2.4731,2.5171,2.5503,2.5718,2.5836,2.5875,2.5846,2.5748,2.5611,2.5435,2.523,2.5005,2.4751,2.4457,2.4125,2.3724,2.3245,2.2698,2.2082,2.1427,2.0733,2.0039,1.9365,1.8788,1.8289,1.7801,1.738,1.7038,1.6774,1.6579,1.6442,1.6354,1.6305,1.6266,1.6227,1.6197,1.6178,1.6149,1.6109,1.6051,1.5982,1.5904,1.5816,1.5718,1.5601,1.5464,1.5327,1.521,1.5103,1.4966,1.4839,1.4712,1.4594,1.4467,1.433,1.4174,1.4018,1.3871,1.3705,1.3548,1.3431,1.3333,1.3216,1.3109,1.3001,1.2913,1.2825,1.2747,1.2669,1.259,1.2522,1.2473,1.2454,1.2444,1.2405,1.2356,1.2307,1.2229,1.2131,1.2053,1.2023,1.2121,1.2395,1.2903,1.3675,1.4565,1.5582,1.6911,1.8416,1.998,2.1515,2.2952,2.4213,2.5288,2.6158,2.6852,2.739,2.7722,2.7918,2.8084,2.8201,2.827,2.8289,2.825,2.8162,2.8025,2.784,2.7615,2.7341,2.7009,2.6657,2.6256,2.5787,2.5249,2.4878,2.4565,2.3998,2.3284,2.2483,2.1623,2.0772,1.9961,1.9286,1.8719,1.8152,1.7644,1.7204,1.6852,1.6559,1.6295,1.6061,1.5846,1.565,1.5474,1.5298,1.5161,1.5034,1.4868,1.4692,1.4516,1.435,1.4194,1.4037,1.3861,1.3656,1.3451,1.3255,1.3109,1.2981,1.2835,1.2688,1.2542,1.2395,1.2229,1.2053,1.1896,1.174,1.1584,1.1427,1.1271,1.1163,1.1095,1.0997,1.0899,1.0802,1.0723,1.0645,1.0567,1.0508,1.0459,1.0411,1.0381,1.0391,1.042,1.042,1.042,1.042,1.043,1.0459,1.0479,1.0499,1.0508,1.0518,1.0538,1.0577,1.0665,1.0821,1.1105,1.1603,1.2366,1.3421,1.4741,1.6285,1.7977,1.9717,2.1408,2.2972,2.4203,2.5181,2.6129,2.695,2.7644,2.8192,2.8592,2.8866,2.9032,2.911,2.912,2.9062,2.8954,2.8778,2.8563,2.8328,2.8045,2.7722,2.7351,2.6921,2.6432,2.5885,2.5269,2.4585,2.3851,2.3167,2.2512,2.1808,2.1114,2.0459,1.9873,1.9374,1.8974,1.8661,1.8416,1.824,1.8113,1.8016,1.7967,1.7918,1.7859,1.7781,1.7683,1.7576,1.7468,1.7361,1.7224,1.7058,1.6891,1.6735,1.6608,1.6491,1.6354,1.6237,1.6119,1.5992,1.5855,1.5728,1.5601,1.5474,1.5318,1.5152,1.4976,1.4848,1.4751,1.4633,1.4516,1.4409,1.4321,1.4233,1.4164,1.4106,1.4066,1.4018,1.3949,1.391,1.3881,1.3822,1.3754,1.3685,1.3617,1.3607,1.3705,1.3978,1.4477,1.5259,1.6315,1.741,1.8563,1.9941,2.1408,2.2854,2.4194,2.5367,2.6334,2.7107,2.7703,2.8143,2.8456,2.8651,2.871,2.868,2.8641,2.8592,2.8534,2.8446,2.8319,2.8143,2.7937,2.7683,2.739,2.7019,2.6618,2.6188,2.5679,2.5093,2.4438,2.3715,2.2942,2.2131,2.132,2.0528,1.9785,1.9101,1.8504,1.8045,1.7693,1.737,1.7097,1.6872,1.6686,1.651,1.6344,1.6168,1.5963,1.5777,1.5611,1.5464,1.5337,1.5181,1.5005,1.4809,1.4594,1.4379,1.4174,1.3969,1.3763,1.3558,1.3343,1.3138,1.2991,1.2874,1.2717,1.2542,1.2375,1.2219,1.2072,1.1935,1.1808,1.1681,1.1554,1.1408,1.132,1.1261,1.1183,1.1095,1.1007,1.0929,1.086,1.0802,1.0753,1.0714,1.0694,1.0626,1.0528,1.0528,1.0567,1.0606,1.0674,1.0743,1.0821,1.0919,1.1046,1.1212,1.1408,1.1613,1.1818,1.2033,1.2268,1.2542,1.2893,1.3392,1.4125,1.5142,1.6481,1.8162,2.0117,2.2268,2.4516,2.6774,2.8671,3.0323,3.2082,3.3832,3.5523,3.7126,3.8436,3.9228,3.9629,3.9824,3.9922,3.9971,4,4.001,4.002,4.002,4.002,4.002,4.002,4.002,4.002,4.002,4.002,4.002,3.9756,3.913,3.826,3.7165,3.5953,3.4702,3.347,3.2287,3.1183,3.0147,2.9198,2.8328,2.7517,2.6804,2.6149,2.5464,2.4761,2.4047,2.3324,2.259,2.1838,2.1065,2.0293,1.9531,1.8768,1.7996,1.7322,1.6696,1.5992,1.5279,1.4594,1.392,1.3255,1.261,1.1965,1.1339,1.0723,1.0108,0.96188,0.91789,0.86413,0.80645,0.74585,0.68328,0.61975,0.55425,0.48778,0.42326,0.36168,0.30499,0.25122,0.2131,0.18475,0.15054,0.11339,0.079179,0.053763,0.041056,0.047898,0.081134,0.14761,0.24633,0.37341,0.50538,0.64027,0.79081,0.94233,1.087,1.2199,1.3363,1.436,1.521,1.5894,1.6432,1.6843,1.7146,1.737,1.7586,1.7791,1.7967,1.8133,1.828,1.8397,1.8475,1.8485,1.8407,1.824,1.7957,1.7615,1.7214,1.6647,1.5924,1.5073,1.4135,1.3148,1.2151,1.1173,1.0244,0.93939,0.86608,0.81427,0.77713,0.73998,0.70772,0.68231,0.65982,0.63636,0.61193,0.58944,0.5738,0.56989,0.58553,0.62268,0.67351,0.73705,0.81134,0.88563,0.95015,0.99804,1.0283,1.045,1.0528,1.0567,1.0577,1.0547,1.0499,1.0342,0.99218,0.92375,0.82796,0.71065,0.57674,0.435,0.28935,0.16227,0.081134,0.040078,0.01955,0.0097752,0.0048876,0.001955,0.00097752,0,0.013685,0.064516,0.16031,0.29912,0.47996,0.69599,0.93842,1.1955,1.4242,1.6315,1.8514,2.0645,2.262,2.4389,2.5914,2.7185,2.8211,2.9022,2.9658,3.0127,3.045,3.0596,3.0635,3.0655,3.0645,3.0606,3.0499,3.0332,3.0098,2.9775,2.9374,2.8876,2.827,2.7644,2.696,2.6149,2.5269,2.437,2.3196,2.2023,2.129,2.0811,2.0469,2.0215,2.002,1.9863,1.9756,1.9668,1.9599,1.9531,1.9462,1.9413,1.9384,1.9355,1.9316,1.9277,1.9228,1.9179,1.912,1.9062,1.8974,1.8866,1.8749,1.8622,1.8485,1.8338,1.8192,1.8035,1.7889,1.7752,1.7634,1.7546,1.7478,1.74,1.7322,1.7243,1.7165,1.7087,1.7009,1.694,1.6872,1.6784,1.6696,1.6628,1.6579,1.654,1.6549,1.6657,1.6891,1.7273,1.7791,1.8436,1.9169,1.9951,2.0743,2.1496,2.2111,2.262,2.3128,2.3607,2.4037,2.4409,2.4721,2.4976,2.5171,2.5327,2.5445,2.5533,2.5562,2.5543,2.5503,2.5445,2.5357,2.5239,2.5093,2.4907,2.4682,2.4418,2.4115,2.3773,2.3392,2.303,2.2669,2.2278,2.1877,2.1476,2.1095,2.0743,2.042,2.0137,1.9892,1.9677,1.9492,1.9345,1.9218,1.9091,1.8964,1.8837,1.87,1.8563,1.8416,1.825,1.8084,1.7908,1.7722,1.7556,1.741,1.7234,1.7048,1.6872,1.6706,1.6559,1.6432,1.6325,1.6246,1.6188,1.6149,1.6129,1.6139,1.6158,1.6178,1.6197,1.6197,1.6188,1.6168,1.6139,1.61,1.6041,1.5982,1.5943,1.5924,1.5924,1.5924,1.5924,1.5943,1.5973,1.6012,1.6061,1.6109,1.6158,1.6197,1.6227,1.6237,1.6246,1.6246,1.6217,1.6158,1.6119,1.607,1.5982,1.5914,1.5846,1.5777,1.5738,1.5748,1.5836,1.6022,1.6344,1.6823,1.7458,1.8221,1.9052,1.9922,2.0772,2.1564,2.2287,2.2923,2.3402,2.3763,2.4115,2.4428,2.4692,2.4897,2.5103,2.5171,2.52,2.5161,2.5083,2.4966,2.4829,2.4663,2.4467,2.4252,2.4008,2.3724,2.3402,2.304,2.262,2.1935,2.1457,2.0987,2.0391,1.999,1.9609,1.9277,1.8974,1.8719,1.8524,1.8368,1.8201,1.8123,1.8065,1.8016,1.7977,1.7937,1.7898,1.7849,1.7791,1.7703,1.7595,1.7478,1.7331,1.7175,1.7009,1.6882,1.6774,1.6647,1.653,1.6442,1.6373,1.6325,1.6305,1.6295,1.6305,1.6325,1.6344,1.6364,1.6393,1.6403,1.6403,1.6393,1.6364,1.6325,1.6276,1.6217,1.6168,1.6129,1.6129,1.6197,1.6334,1.6559,1.6911,1.74,1.8006,1.871,1.9453,2.0215,2.0948,2.1632,2.2248,2.3363,2.4653,2.5523,2.6266,2.6891,2.741,2.783,2.8152,2.8397,2.8553,2.8641,2.8661,2.8622,2.8514,2.8348,2.8113,2.783,2.7488,2.7067,2.6569,2.5992,2.5327,2.4594,2.3783,2.2933,2.2063,2.13,2.0606,1.9892,1.9228,1.8651,1.8162,1.7771,1.7488,1.7263,1.7067,1.6891,1.6725,1.6549,1.6403,1.6246,1.6031,1.5787,1.5513,1.5239,1.4976,1.4721,1.4497,1.4282,1.4057,1.3832,1.3646,1.348,1.3284,1.305,1.2796,1.2542,1.2297,1.2082,1.1877,1.1691,1.1544,1.1427,1.1329,1.129,1.1271,1.1232,1.1193,1.1153,1.1114,1.1085,1.1046,1.1026,1.1017,1.1036,1.1065,1.1124,1.1202,1.1271,1.131,1.132,1.1281,1.1193,1.1075,1.0938,1.0782,1.0645,1.0538,1.0479,1.0459,1.043,1.0381,1.0323,1.0264,1.0196,1.0137,1.0088,1.0098,1.0225,1.0538,1.1095,1.1808,1.2727,1.3988,1.5513,1.7175,1.8876,2.0538,2.2102,2.3509,2.4741,2.5797,2.6667,2.7283,2.7722,2.8133,2.8475,2.8729,2.8905,2.9013,2.9042,2.8983,2.8837,2.8602,2.828,2.7849,2.737,2.6823,2.6158,2.5386,2.4487,2.346,2.2317,2.1095,1.9824,1.8543,1.7283,1.608,1.5093,1.4252,1.3382,1.2561,1.1808,1.1153,1.0587,1.0098,0.96676,0.92473,0.87781,0.82111,0.75367,0.6911,0.62854,0.55621,0.49071,0.44477,0.42913,0.44477,0.48778,0.54839,0.61584,0.68133,0.73607,0.77908,0.81329,0.83675,0.84848,0.84848,0.83871,0.82209,0.79961,0.77322,0.74487,0.71652,0.68915,0.66276,0.64418,0.6305,0.61193,0.59531,0.58162,0.57478,0.57967,0.6002,0.64223,0.7087,0.80156,0.92082,1.044,1.174,1.3265,1.4897,1.651,1.8016,1.9384,2.0577,2.1584,2.2414,2.3099,2.3656,2.4106,2.4409,2.4614,2.4809,2.4995,2.5191,2.5445,2.5806,2.6276,2.6852,2.7468,2.8065,2.8602,2.8944,2.9159,2.9345,2.9453,2.9472,2.9423,2.9326,2.9179,2.8983,2.8729,2.8377,2.7889,2.7253,2.654,2.5679,2.4565,2.3236,2.1779,2.0293,1.3324,1.3099,1.2307,1.1193,0.99218,0.85826,0.74585,0.64907,0.54154,0.435,0.33431,0.24242,0.15738,0.086999,0.043011,0.021505,0.010753,0.0048876,0.001955,0.00097752,0.59629,1.8025,2.8436,3.4233,3.4761,2.9345,1.999,1.0978,0.54839,0.2737,0.13685,0.068426,0.034213,0.016618,0.0078201,0.0039101,0.001955,0.00097752,0,0.47605,1.5054,2.5435,3.2727,3.6373,3.8201,3.911,3.957,3.9795,3.9912,3.9971,4,4.001,4.002,4.002,4.002,4.002,4.002,4.002,3.9824,3.9257,3.8446,3.7498,3.6461,3.5376,3.4301,3.3343,3.2493,3.1662,3.088,3.0117,2.9345,2.8514,2.7595,2.6549,2.5347,2.3988,2.2454,2.0753,1.9179,1.7654,1.5885,1.4018,1.217,1.0411,0.87292,0.71163,0.55621,0.40469,0.25709,0.13783,0.068426,0.034213,0.016618,0.0078201,0.0039101,0.001955,0.00097752,0,0,0,0,0,0,0.00097752,0.028348,0.091887,0.17107,0.25318,0.33236,0.40665,0.47507,0.53763,0.59433,0.64516,0.68915,0.72825,0.76051,0.78201,0.79277,0.79277,0.78299,0.76442,0.73998,0.7087,0.6696,0.62463,0.5738,0.51808,0.47507,0.44184,0.40762,0.38319,0.3783,0.40078,0.45259,0.53861,0.65982,0.81623,1.0039,1.217,1.4174,1.6109,1.8211,1.7566,1.7644,1.8133,1.9032,2.0323,2.1955,2.3861,2.5992,2.827,3.0665,3.2747,3.4673,3.6813,3.8416,3.9218,3.9619,3.9824,3.9922,3.9971,4,4.001,4.002,3.7458,3.3607,3.1662,3.0665,3.0137,2.9834,2.9629,2.9462,2.9306,2.915,2.8983,2.8817,2.8641,2.8446,2.824,2.8055,2.7879,2.7703,2.7537,1.7253,1.7234,1.7204,1.7175,1.6843,1.6325,1.5973,1.5718,1.5503,1.5308,1.5112,1.4907,1.4721,1.4545,1.4409,1.4311,1.4203,1.4096,1.3978,1.3842,1.3685,1.3529,1.3353,1.3167,1.2972,1.2786,1.2639,1.2551,1.2502,1.2454,1.2395,1.2326,1.2229,1.2141,1.2072,1.2004,1.1945,1.1896,1.1857,1.1857,1.1887,1.1887,1.1857,1.1808,1.176,1.1701,1.1642,1.1632,1.174,1.2043,1.261,1.349,1.4477,1.563,1.7136,1.8876,2.0674,2.2434,2.4057,2.5494,2.6696,2.7674,2.8436,2.8993,2.9306,2.9443,2.9511,2.9501,2.9423,2.9286,2.9091,2.8856,2.8612,2.8328,2.7986,2.7586,2.7107,2.6598,2.6051,2.5406,2.4653,2.3812,2.2913,2.1965,2.0958,1.9902,1.8847,1.7801,1.6784,1.5943,1.5249,1.4575,1.3949,1.3402,1.2962,1.262,1.2366,1.2151,1.1945,1.172,1.1496,1.1251,1.1065,1.0909,1.0714,1.0499,1.0293,1.0108,0.9912,0.9697,0.95015,0.93353,0.91691,0.89932,0.88759,0.87879,0.86608,0.85435,0.8436,0.83382,0.82502,0.81623,0.80841,0.80254,0.79668,0.79081,0.78495,0.78495,0.78788,0.78886,0.78983,0.78983,0.79277,0.79668,0.80156,0.80841,0.81916,0.83382,0.85239,0.87488,0.89834,0.92669,0.95797,0.99022,1.0244,1.0567,1.088,1.1173,1.1437,1.1662,1.1857,1.2043,1.2219,1.2424,1.2717,1.3177,1.39,1.4917,1.6246,1.7849,1.9658,2.1574,2.348,2.5318,2.7116,2.8475,2.9384,3.0264,3.1017,3.1593,3.2004,3.2278,3.2444,3.2512,3.2502,3.2444,3.2326,3.2121,3.1857,3.1574,3.1222,3.0831,3.0411,2.9912,2.9326,2.8661,2.7908,2.7067,2.6149,2.5249,2.436,2.3353,2.2268,2.1193,2.0166,1.9218,1.8387,1.7654,1.7038,1.6559,1.6178,1.5846,1.5591,1.5406,1.523,1.5044,1.4829,1.4604,1.4379,1.4154,1.393,1.3695,1.346,1.3206,1.2962,1.2737,1.2483,1.2209,1.1926,1.1642,1.1359,1.1085,1.0831,1.0587,1.0352,1.0117,0.98827,0.97165,0.95699,0.93842,0.91887,0.90029,0.8827,0.86413,0.84164,0.81525,0.78788,0.76149,0.73705,0.71848,0.70381,0.68524,0.66373,0.64125,0.6217,0.60606,0.59238,0.5826,0.57771,0.57674,0.58065,0.5914,0.60508,0.62072,0.64614,0.68719,0.75171,0.84457,0.9697,1.129,1.3578,1.6119,1.8231,2.0078,2.1554,2.2776,2.3988,2.5103,2.6051,2.6833,2.7478,2.7977,2.8358,2.8631,2.8817,2.8925,2.8925,2.8847,2.8739,2.8602,2.8436,2.8231,2.7996,2.7703,2.7341,2.6911,2.6422,2.5855,2.523,2.4624,2.4018,2.3353,2.2532,2.1828,2.1329,2.0821,2.0352,1.9932,1.956,1.9267,1.9032,1.8847,1.871,1.8592,1.8465,1.8328,1.8172,1.8025,1.7889,1.7752,1.7625,1.7498,1.737,1.7234,1.7097,1.696,1.6804,1.6628,1.6461,1.6315,1.6188,1.6061,1.5934,1.5806,1.566,1.5523,1.5425,1.5386,1.5435,1.5611,1.5953,1.651,1.7292,1.828,1.9423,2.0626,2.1828,2.2972,2.4018,2.4819,2.5425,2.5963,2.6403,2.6745,2.697,2.7107,2.7175,2.7175,2.7126,2.7038,2.6901,2.6716,2.6491,2.6227,2.5924,2.5582,2.5181,2.4741,2.4242,2.3685,2.3099,2.2473,2.1818,2.1153,2.0577,2.0039,1.9472,1.8935,1.8446,1.8035,1.7693,1.741,1.7195,1.7019,1.6872,1.6755,1.6676,1.6598,1.652,1.6413,1.6276,1.6119,1.5973,1.5826,1.567,1.5533,1.5396,1.5259,1.5132,1.5034,1.4956,1.4848,1.4731,1.4604,1.4477,1.435,1.4223,1.4106,1.4008,1.393,1.3851,1.3812,1.3793,1.3763,1.3724,1.3685,1.3666,1.3636,1.3597,1.3558,1.35,1.3451,1.3402,1.3353,1.3353,1.3372,1.3392,1.3412,1.3421,1.3431,1.3431,1.3431,1.3421,1.3412,1.3402,1.3402,1.3421,1.3451,1.347,1.348,1.348,1.348,1.348,1.348,1.346,1.3431,1.3412,1.3441,1.3695,1.4018,1.4409,1.5132,1.6168,1.7458,1.8935,2.0489,2.2043,2.3509,2.4839,2.5973,2.695,2.7644,2.8084,2.8465,2.8768,2.8974,2.9081,2.911,2.9071,2.8983,2.8847,2.8671,2.8475,2.825,2.8006,2.7722,2.74,2.7048,2.6628,2.6129,2.5367,2.4614,2.4037,2.3314,2.2512,2.1691,2.0987,2.0352,1.9697,1.9052,1.8465,1.7889,1.7429,1.7146,1.6891,1.6686,1.653,1.6422,1.6373,1.6344,1.6295,1.6237,1.6197,1.6149,1.6051,1.5904,1.5787,1.5699,1.5582,1.5396,1.523,1.5152,1.5034,1.4858,1.4731,1.4614,1.4448,1.4252,1.4066,1.3881,1.3724,1.3578,1.3451,1.3363,1.3294,1.2414,1.1095,1.0391,0.99804,0.97263,0.95406,0.94135,0.93157,0.92473,0.91789,0.91593,0.91789,0.91789,0.91593,0.91496,0.913,0.91202,0.91202,0.91202,0.91496,0.91887,0.9218,0.92571,0.93353,0.94624,0.97458,1.0244,1.1017,1.2111,1.3509,1.5152,1.6979,1.8895,2.0782,2.2571,2.3998,2.5122,2.6207,2.7175,2.7977,2.8592,2.9032,2.9345,2.956,2.9668,2.9677,2.9619,2.9462,2.9267,2.9091,2.8895,2.8651,2.8358,2.8006,2.7586,2.7067,2.6461,2.5758,2.4976,2.4125,2.3333,2.2571,2.175,2.0938,2.0176,1.9472,1.8856,1.8319,1.7859,1.7488,1.7185,1.6921,1.6716,1.654,1.6364,1.6178,1.6022,1.5885,1.5728,1.5572,1.5415,1.5259,1.5083,1.4878,1.4643,1.4448,1.4282,1.4106,1.3939,1.3763,1.3568,1.3363,1.3148,1.2933,1.2737,1.2581,1.2483,1.2434,1.2375,1.2278,1.218,1.2063,1.1955,1.1867,1.1799,1.174,1.1672,1.1584,1.1496,1.1417,1.1349,1.129,1.1202,1.1124,1.1056,1.1007,1.1065,1.132,1.1808,1.2581,1.3705,1.5152,1.6559,1.7977,1.9599,2.1251,2.2815,2.4194,2.5367,2.6325,2.7077,2.7634,2.8035,2.8319,2.8514,2.8583,2.8563,2.8524,2.8456,2.8328,2.8143,2.7898,2.7615,2.7322,2.6989,2.6569,2.6061,2.5543,2.4985,2.4321,2.3548,2.2678,2.175,2.0792,1.9834,1.8905,1.7996,1.7155,1.6413,1.5777,1.5308,1.4936,1.4604,1.433,1.4086,1.3861,1.3636,1.3421,1.3206,1.3001,1.2825,1.2659,1.2532,1.2424,1.2297,1.2151,1.1994,1.1838,1.1681,1.1505,1.131,1.1134,1.0978,1.0831,1.0753,1.0694,1.0616,1.0508,1.0371,1.0215,1.0029,0.98534,0.9697,0.95503,0.94233,0.93255,0.92473,0.9218,0.9218,0.91984,0.91887,0.91789,0.91789,0.91789,0.91593,0.91398,0.91007,0.90714,0.9042,0.90518,0.90811,0.91007,0.91105,0.91105,0.91398,0.91789,0.9218,0.92375,0.92473,0.92669,0.92864,0.92962,0.93255,0.93744,0.94233,0.95112,0.97165,1.0127,1.0802,1.1789,1.3109,1.4741,1.6608,1.8592,2.0332,2.1887,2.3509,2.5034,2.6403,2.7556,2.8504,2.9267,2.9853,3.0264,3.0538,3.0704,3.0772,3.0743,3.0645,3.0538,3.0411,3.0235,3.001,2.9726,2.9404,2.9013,2.8387,2.7625,2.6911,2.6266,2.563,2.4907,2.4115,2.3294,2.2463,2.1652,2.086,2.0127,1.9462,1.8886,1.8416,1.8065,1.781,1.7625,1.7468,1.7341,1.7234,1.7107,1.697,1.6823,1.6657,1.6491,1.6334,1.6178,1.6022,1.5855,1.565,1.5425,1.521,1.5005,1.48,1.4614,1.4438,1.4252,1.4057,1.3871,1.3695,1.3558,1.3451,1.3343,1.3236,1.3138,1.305,1.2981,1.2923,1.2864,1.2815,1.2766,1.2717,1.2688,1.2678,1.2649,1.261,1.2561,1.2512,1.2502,1.26,1.2854,1.3333,1.4086,1.5103,1.6354,1.7576,1.8798,2.0205,2.1652,2.304,2.4282,2.5357,2.6246,2.6931,2.7429,2.7781,2.8016,2.8123,2.8143,2.8133,2.8104,2.8055,2.7967,2.784,2.7664,2.7429,2.7155,2.6852,2.6481,2.6041,2.5572,2.5073,2.4477,2.3803,2.306,2.2248,2.1398,2.0557,1.9756,1.9003,1.8319,1.7722,1.7253,1.6872,1.653,1.6237,1.5992,1.5797,1.5621,1.5464,1.5308,1.5161,1.5005,1.4829,1.4643,1.4487,1.435,1.4184,1.3998,1.3812,1.3617,1.3421,1.3216,1.3011,1.2815,1.262,1.2424,1.2268,1.2141,1.1984,1.1838,1.1701,1.1584,1.1466,1.1349,1.1222,1.1105,1.0997,1.089,1.0792,1.0723,1.0684,1.0616,1.0557,1.0499,1.045,1.042,1.0381,1.0342,1.0323,1.0313,1.0293,1.0283,1.0274,1.0244,1.0205,1.0166,1.0117,1.0068,1.0039,1.0029,1.0049,1.0088,1.0127,1.0186,1.0225,1.0235,1.0244,1.0254,1.0332,1.0567,1.1026,1.1769,1.2845,1.4194,1.5738,1.741,1.8886,2.0225,2.1642,2.3001,2.4203,2.522,2.6041,2.6686,2.7175,2.7546,2.7801,2.7957,2.7986,2.7908,2.7801,2.7664,2.7478,2.7263,2.7028,2.6764,2.6461,2.61,2.5689,2.522,2.4663,2.4106,2.3509,2.2796,2.2023,2.1212,2.0371,1.955,1.8778,1.8074,1.7458,1.696,1.6569,1.6305,1.6139,1.6012,1.5924,1.5855,1.5816,1.5777,1.5738,1.5689,1.564,1.5572,1.5464,1.5337,1.522,1.5103,1.4956,1.4809,1.4663,1.4516,1.4389,1.4262,1.4125,1.3978,1.3832,1.3675,1.3548,1.3451,1.3343,1.3245,1.3177,1.3118,1.306,1.3011,1.2962,1.2913,1.2864,1.2815,1.2776,1.2796,1.2913,1.3196,1.3812,1.4761,1.5953,1.739,1.9003,2.0704,2.2405,2.4037,2.5503,2.6608,2.7429,2.8172,2.8798,2.9286,2.9638,2.9873,3.002,3.0078,3.0088,3.0039,2.9922,2.9736,2.9492,2.9179,2.8837,2.8446,2.7996,2.7498,2.6921,2.6266,2.5523,2.4721,2.3881,2.3021,2.2258,2.1525,2.0733,1.9951,1.9228,1.8602,1.8074,1.7634,1.7302,1.7058,1.6852,1.6667,1.65,1.6364,1.6237,1.61,1.5934,1.5758,1.5562,1.5357,1.5161,1.4956,1.4751,1.4536,1.4321,1.4154,1.3998,1.3832,1.3666,1.35,1.3343,1.3177,1.3021,1.2864,1.2698,1.2542,1.2375,1.2219,1.2102,1.2023,1.1945,1.1857,1.1769,1.1701,1.1652,1.1603,1.1554,1.1525,1.1515,1.1505,1.1525,1.1535,1.1515,1.1505,1.1505,1.1505,1.1515,1.1535,1.1544,1.1544,1.1544,1.1544,1.1544,1.1574,1.1613,1.1632,1.1642,1.1652,1.1652,1.1672,1.173,1.1896,1.2239,1.2854,1.3793,1.4848,1.607,1.7654,1.9443,2.131,2.3148,2.4868,2.6413,2.7742,2.8866,2.9775,3.0479,3.1017,3.1339,3.1515,3.1642,3.1711,3.1711,3.1662,3.1584,3.1466,3.13,3.1095,3.085,3.0547,3.0196,2.9785,2.9286,2.87,2.8035,2.7273,2.6432,2.5503,2.4487,2.3431,2.2395,2.1408,2.0567,1.9834,1.9101,1.8446,1.7879,1.741,1.7028,1.6706,1.6413,1.6149,1.5894,1.565,1.5415,1.523,1.5073,1.4888,1.4692,1.4487,1.4272,1.4047,1.3812,1.3587,1.3353,1.3118,1.2893,1.2727,1.259,1.2434,1.2248,1.2063,1.1896,1.174,1.1584,1.1437,1.129,1.1153,1.1017,1.088,1.0802,1.0733,1.0635,1.0518,1.0411,1.0313,1.0225,1.0156,1.0088,1.0029,0.99804,0.99218,0.9912,0.99218,0.98925,0.98729,0.98631,0.98436,0.98338,0.9824,0.9824,0.98338,0.98436,0.98534,0.98729,0.9912,0.99707,1,1.001,1.0049,1.0108,1.0225,1.0489,1.0978,1.1789,1.2923,1.436,1.5777,1.7224,1.8915,2.0704,2.2434,2.4018,2.5415,2.6608,2.7586,2.8348,2.8915,2.9316,2.958,2.9707,2.9726,2.9726,2.9677,2.9589,2.9462,2.9296,2.9062,2.8778,2.8436,2.8025,2.7546,2.7058,2.652,2.5894,2.5181,2.4379,2.3529,2.2659,2.1799,2.0978,2.0225,1.9394,1.8622,1.8074,1.7703,1.7458,1.7273,1.7155,1.7097,1.7067,1.7058,1.7048,1.7048,1.7028,1.6989,1.6921,1.6843,1.6774,1.6667,1.653,1.6393,1.6237,1.6061,1.5875,1.5699,1.5513,1.5318,1.5161,1.5015,1.4897,1.4809,1.4702,1.4575,1.4438,1.4301,1.4145,1.3978,1.3822,1.3685,1.3578,1.348,1.3402,1.3363,1.3324,1.3275,1.3226,1.3187,1.3138,1.3089,1.304,1.2991,1.2942,1.2893,1.2845,1.2835,1.2845,1.2825,1.2786,1.2747,1.2698,1.2649,1.26,1.2551,1.2502,1.2454,1.2424,1.2434,1.2483,1.261,1.2884,1.3392,1.4164,1.523,1.6549,1.8055,1.9687,2.1339,2.2923,2.437,2.5494,2.6373,2.7195,2.7898,2.8475,2.8935,2.9286,2.9541,2.9726,2.9853,2.9932,2.9951,2.9873,2.9726,2.956,2.9365,2.913,2.8856,2.8524,2.8113,2.7634,2.7087,2.6471,2.5787,2.5122,2.4438,2.3666,2.2845,2.1984,2.1144,2.0342,1.9599,1.8944,1.8387,1.7918,1.7527,1.7195,1.695,1.6755,1.6579,1.6413,1.6237,1.6051,1.5855,1.565,1.5435,1.522,1.5015,1.4819,1.4663,1.4526,1.436,1.4174,1.3969,1.3763,1.3558,1.3372,1.3196,1.3021,1.2864,1.2708,1.2561,1.2454,1.2356,1.2239,1.2121,1.1994,1.1877,1.175,1.1632,1.1525,1.1427,1.131,1.1193,1.1124,1.1075,1.1007,1.0919,1.0831,1.0733,1.0635,1.0547,1.0479,1.042,1.0371,1.0323,1.0274,1.0274,1.0323,1.0371,1.0391,1.0401,1.0411,1.0401,1.0401,1.0411,1.044,1.0528,1.0762,1.1134,1.1701,1.2551,1.3685,1.5064,1.6598,1.8201,1.9795,2.13,2.2649,2.3822,2.4809,2.5601,2.6139,2.65,2.6784,2.6979,2.7087,2.7126,2.7116,2.7058,2.6979,2.6872,2.6716,2.653,2.6305,2.6031,2.5728,2.5376,2.4966,2.4467,2.3891,2.3236,2.2512,2.173,2.0938,2.0156,1.9384,1.8739,1.8182,1.7634,1.7146,1.6735,1.6393,1.6129,1.5934,1.5797,1.5709,1.566,1.564,1.5621,1.5591,1.5543,1.5455,1.5337,1.521,1.5073,1.4946,1.4809,1.4653,1.4497,1.4321,1.4135,1.3978,1.3842,1.3685,1.3529,1.3382,1.3236,1.3089,1.2942,1.2815,1.2698,1.2581,1.2463,1.2375,1.2297,1.2209,1.2111,1.1984,1.1877,1.1828,1.1799,1.1799,1.1808,1.1818,1.1808,1.1789,1.1808,1.1828,1.1828,1.1838,1.1857,1.1877,1.1906,1.1945,1.1965,1.1965,1.1965,1.1955,1.1945,1.1945,1.1916,1.1906,1.1935,1.2063,1.2356,1.2874,1.3646,1.4682,1.5973,1.7468,1.9091,2.0528,2.1838,2.3255,2.4633,2.5885,2.6979,2.7898,2.8641,2.9218,2.9629,2.9892,3.0059,3.0098,3.0059,3.0039,3.001,2.9961,2.9892,2.9785,2.9619,2.9404,2.912,2.8768,2.8348,2.784,2.7312,2.6735,2.6051,2.5269,2.4418,2.3519,2.261,2.1701,2.0811,1.999,1.9267,1.8661,1.8201,1.784,1.7498,1.7195,1.6931,1.6706,1.65,1.6325,1.6168,1.6012,1.5836,1.564,1.5474,1.5298,1.5103,1.4907,1.4712,1.4516,1.4321,1.4115,1.3881,1.3656,1.346,1.3284,1.3128,1.3011,1.2913,1.2796,1.2659,1.2522,1.2375,1.2229,1.2082,1.1955,1.1838,1.173,1.1632,1.1564,1.1525,1.1457,1.1369,1.1281,1.1232,1.1202,1.1193,1.1173,1.1134,1.1095,1.1036,1.0958,1.0909,1.088,1.0841,1.0802,1.0753,1.0723,1.0684,1.0616,1.0528,1.044,1.0352,1.0283,1.0264,1.0313,1.0499,1.0909,1.1593,1.2581,1.3842,1.5327,1.6931,1.8543,2.0098,2.1535,2.2815,2.3803,2.4565,2.5259,2.5855,2.6344,2.6696,2.6921,2.7028,2.7058,2.7038,2.6979,2.6901,2.6794,2.6637,2.6461,2.6246,2.5973,2.564,2.5249,2.48,2.4282,2.3675,2.2991,2.2248,2.1447,2.0704,2,1.9228,1.8446,1.7713,1.7058,1.6481,1.6012,1.564,1.5357,1.5142,1.4985,1.4897,1.4829,1.477,1.4721,1.4643,1.4585,1.4526,1.4448,1.436,1.4272,1.4154,1.3988,1.3812,1.3656,1.3519,1.3363,1.3216,1.3069,1.2923,1.2766,1.259,1.2385,1.216,1.1965,1.1799,1.1662,1.1574,1.1447,1.131,1.1183,1.1056,1.0948,1.0841,1.0743,1.0645,1.0547,1.0459,1.0401,1.0401,1.042,1.043,1.044,1.044,1.044,1.044,1.044,1.045,1.0499,1.0567,1.0655,1.0753,1.087,1.0978,1.1075,1.1173,1.129,1.1437,1.1632,1.1926,1.2395,1.3128,1.4125,1.5386,1.6628,1.7898,1.9433,2.1065,2.2669,2.4145,2.5435,2.653,2.7449,2.8192,2.871,2.9052,2.9257,2.9374,2.9482,2.955,2.957,2.9541,2.9462,2.9345,2.9189,2.8983,2.8739,2.8456,2.8113,2.7742,2.7331,2.6862,2.6295,2.563,2.4888,2.4076,2.3236,2.2385,2.1544,2.0733,1.9971,1.9345,1.8807,1.8289,1.7849,1.7468,1.7146,1.6872,1.6637,1.6422,1.6227,1.6061,1.5904,1.5777,1.566,1.5533,1.5367,1.5161,1.4936,1.4721,1.4516,1.4301,1.4086,1.3881,1.3675,1.348,1.3304,1.3157,1.3011,1.2864,1.2717,1.2571,1.2424,1.2278,1.2131,1.1984,1.1848,1.173,1.1652,1.1613,1.1564,1.1515,1.1496,1.1486,1.1476,1.1476,1.1457,1.1427,1.1398,1.1388,1.1378,1.1398,1.1437,1.1457,1.1466,1.1466,1.1466,1.1466,1.1466,1.1457,1.1427,1.1388,1.1359,1.1378,1.1476,1.1672,1.2043,1.2688,1.3617,1.4829,1.6276,1.7879,1.9541,2.1163,2.2688,2.4037,2.5054,2.5846,2.6579,2.7204,2.7683,2.8025,2.826,2.8397,2.8465,2.8475,2.8436,2.8348,2.8211,2.8045,2.7879,2.7683,2.7458,2.7204,2.6891,2.652,2.6061,2.5513,2.4888,2.4194,2.3431,2.2708,2.1984,2.1202,2.0401,1.9609,1.8847,1.8143,1.7517,1.6989,1.6559,1.6227,1.5953,1.5748,1.5572,1.5367,1.5152,1.4936,1.4731,1.4565,1.4409,1.4242,1.4076,1.39,1.3715,1.3519,1.3363,1.3226,1.306,1.2884,1.2727,1.2571,1.2414,1.2248,1.2082,1.1906,1.175,1.1593,1.1496,1.1437,1.1359,1.1271,1.1173,1.1075,1.0978,1.088,1.0782,1.0684,1.0587,1.0489,1.0391,1.0332,1.0293,1.0225,1.0147,1.0088,1.0029,0.99804,0.99316,0.98827,0.98338,0.98045,0.98143,0.98729,0.99413,0.99707,0.99707,0.99511,0.9912,0.98827,0.98925,1.001,1.0303,1.0821,1.1632,1.2747,1.392,1.5171,1.6706,1.8328,1.9892,2.1339,2.262,2.3695,2.4565,2.523,2.5748,2.6139,2.6373,2.65,2.6598,2.6667,2.6686,2.6657,2.6579,2.6461,2.6305,2.61,2.5836,2.5523,2.5161,2.477,2.434,2.3832,2.3236,2.2561,2.1818,2.1017,2.0186,1.9355,1.8563,1.784,1.7185,1.6676,1.6285,1.5943,1.566,1.5435,1.5269,1.5161,1.5083,1.5024,1.4956,1.4858,1.4761,1.4682,1.4614,1.4555,1.4477,1.4379,1.4311,1.4262,1.4154,1.3998,1.3822,1.3636,1.346,1.3284,1.3148,1.303,1.2854,1.2649,1.2424,1.2199,1.1994,1.1818,1.1662,1.1525,1.1388,1.1261,1.1183,1.1134,1.1065,1.0978,1.088,1.0792,1.0714,1.0635,1.0567,1.0479,1.0401,1.0352,1.0323,1.0332,1.0362,1.0381,1.0411,1.0479,1.0557,1.0645,1.0743,1.0841,1.0938,1.1036,1.1134,1.1241,1.1388,1.1584,1.1896,1.2414,1.3177,1.4242,1.5582,1.7136,1.8827,2.0547,2.2209,2.3754,2.4966,2.5934,2.6862,2.7664,2.8309,2.8817,2.9179,2.9423,2.958,2.9668,2.9717,2.9726,2.9658,2.9541,2.9404,2.9238,2.9032,2.8778,2.8485,2.8123,2.7713,2.7224,2.6628,2.5953,2.521,2.4487,2.3763,2.2933,2.2072,2.1232,2.044,1.9717,1.9071,1.8524,1.8065,1.7674,1.7331,1.7067,1.6862,1.6667,1.65,1.6344,1.6188,1.6041,1.5894,1.5738,1.5552,1.5347,1.5142,1.4936,1.477,1.4633,1.4467,1.4282,1.4086,1.3891,1.3695,1.3509,1.3343,1.3187,1.305,1.2933,1.2845,1.2776,1.2678,1.2561,1.2444,1.2346,1.2248,1.2151,1.2072,1.2014,1.1955,1.1896,1.1857,1.1848,1.1848,1.1838,1.1828,1.1808,1.1779,1.175,1.174,1.173,1.173,1.173,1.174,1.1769,1.1799,1.1808,1.1818,1.1818,1.1818,1.1818,1.1857,1.2014,1.2375,1.2991,1.3871,1.5024,1.6207,1.7439,1.8895,2.042,2.1906,2.3294,2.4516,2.5552,2.6403,2.7087,2.7625,2.8035,2.828,2.8387,2.8456,2.8475,2.8465,2.8407,2.8309,2.8182,2.8025,2.781,2.7537,2.7224,2.6843,2.6432,2.5973,2.5425,2.4809,2.4115,2.3343,2.2502,2.1593,2.0674,1.9785,1.8935,1.8133,1.7488,1.696,1.6452,1.5992,1.5582,1.5259,1.5005,1.4819,1.4682,1.4565,1.4457,1.435,1.4233,1.4125,1.4008,1.3851,1.3685,1.3548,1.3431,1.3324,1.3206,1.3069,1.2923,1.2776,1.261,1.2454,1.2326,1.216,1.1975,1.1808,1.1672,1.1554,1.1447,1.1329,1.1212,1.1105,1.0987,1.086,1.0772,1.0704,1.0606,1.0489,1.0381,1.0293,1.0205,1.0137,1.0078,1.0029,0.99804,0.99413,0.99511,0.99804,1,1.0029,1.0039,1.0029,1,0.99804,0.99511,0.9912,0.98827,0.99022,0.99902,1.0098,1.0235,1.0508,1.0997,1.1779,1.2864,1.4233,1.5806,1.7488,1.9189,2.0841,2.2356,2.3548,2.4487,2.5406,2.6227,2.6891,2.741,2.7801,2.8065,2.8231,2.8319,2.8328,2.827,2.8143,2.7947,2.7732,2.7498,2.7243,2.694,2.6579,2.6168,2.5689,2.5142,2.4506,2.3793,2.303,2.2307,2.1623,2.0899,2.0196,1.9521,1.8895,1.8358,1.7918,1.7546,1.7243,1.6989,1.6804,1.6696,1.6628,1.6569,1.652,1.6471,1.6422,1.6344,1.6237,1.6109,1.5973,1.5826,1.565,1.5455,1.5279,1.5132,1.4976,1.4819,1.4692,1.4555,1.4409,1.4262,1.4106,1.3949,1.3783,1.3617,1.3509,1.3431,1.3314,1.3196,1.3089,1.2972,1.2854,1.2747,1.2649,1.2581,1.2522,1.2463,1.2414,1.2385,1.2375,1.2346,1.2297,1.2239,1.216,1.2082,1.2033,1.2014,1.2004,1.1994,1.1994,1.2004,1.2004,1.1994,1.1994,1.1994,1.1994,1.2014,1.2151,1.2483,1.305,1.391,1.5044,1.6422,1.7752,1.9052,2.0518,2.2004,2.3421,2.4702,2.5806,2.6735,2.7498,2.8104,2.8553,2.8876,2.9032,2.9091,2.912,2.9101,2.9042,2.8944,2.8817,2.868,2.8514,2.8309,2.8055,2.7742,2.738,2.6989,2.654,2.5992,2.5367,2.4663,2.391,2.3109,2.2278,2.1427,2.0606,1.9824,1.9081,1.8475,1.7977,1.7507,1.7107,1.6784,1.653,1.6325,1.6149,1.5992,1.5836,1.567,1.5474,1.5269,1.5103,1.4956,1.479,1.4604,1.4409,1.4213,1.4008,1.3793,1.3597,1.3402,1.3206,1.3021,1.2874,1.2766,1.263,1.2473,1.2307,1.2151,1.1994,1.1828,1.1672,1.1505,1.1339,1.1183,1.1026,1.0919,1.0841,1.0733,1.0616,1.0518,1.045,1.0391,1.0332,1.0283,1.0235,1.0186,1.0127,1.0117,1.0137,1.0137,1.0137,1.0137,1.0117,1.0098,1.0059,1.002,0.99707,0.99511,0.99902,1.0108,1.0342,1.0753,1.1408,1.2326,1.3519,1.4917,1.6442,1.8025,1.957,2.1017,2.2317,2.346,2.4321,2.4946,2.5494,2.5934,2.6266,2.651,2.6667,2.6755,2.6804,2.6804,2.6735,2.6618,2.6442,2.6217,2.5963,2.567,2.5327,2.4936,2.4506,2.4018,2.346,2.2835,2.2151,2.1427,2.0684,2.002,1.9404,1.8739,1.8084,1.7488,1.7048,1.6745,1.6471,1.6246,1.608,1.5973,1.5894,1.5846,1.5806,1.5758,1.5709,1.566,1.5601,1.5503,1.5396,1.5288,1.5181,1.5054,1.4888,1.4702,1.4545,1.4399,1.4223,1.4037,1.3842,1.3656,1.348,1.3314,1.3157,1.3001,1.2845,1.2698,1.2581,1.2483,1.2356,1.2229,1.2131,1.2043,1.1975,1.1935,1.1896,1.1848,1.1828,1.1818,1.1808,1.1828,1.1877,1.1916,1.1935,1.1965,1.2014,1.2063,1.2121,1.217,1.2199,1.2229,1.2229,1.2229,1.2229,1.2209,1.218,1.219,1.2297,1.26,1.3148,1.3969,1.5083,1.6461,1.8045,1.9746,2.1251,2.261,2.4057,2.5435,2.6647,2.7683,2.8534,2.9198,2.9707,3.0108,3.0411,3.0626,3.0714,3.0723,3.0714,3.0674,3.0587,3.045,3.0254,3.001,2.9717,2.9384,2.8983,2.8514,2.7977,2.741,2.6804,2.609,2.5288,2.4438,2.3558,2.2649,2.1779,2.0948,2.0156,1.9443,1.8817,1.8319,1.7918,1.7537,1.7214,1.694,1.6716,1.652,1.6334,1.6139,1.5924,1.5689,1.5455,1.5249,1.5093,1.4956,1.48,1.4633,1.4448,1.4252,1.4047,1.3861,1.3675,1.349,1.3304,1.3128,1.3001,1.2903,1.2776,1.2659,1.2551,1.2434,1.2317,1.2209,1.2102,1.2004,1.1896,1.1799,1.1711,1.1681,1.1662,1.1632,1.1603,1.1564,1.1515,1.1466,1.1427,1.1408,1.1369,1.1329,1.131,1.131,1.131,1.1271,1.1202,1.1114,1.1017,1.0919,1.085,1.085,1.0978,1.1281,1.1838,1.2659,1.3587,1.4663,1.6041,1.7586,1.9189,2.0762,2.2219,2.3509,2.4614,2.5513,2.6217,2.6774,2.7146,2.738,2.7576,2.7693,2.7752,2.7761,2.7713,2.7605,2.7449,2.7273,2.7058,2.6794,2.651,2.6188,2.5797,2.5347,2.4829,2.4223,2.3539,2.2786,2.1975,2.1114,2.0254,1.9404,1.8592,1.7928,1.738,1.6852,1.6383,1.6002,1.5709,1.5494,1.5347,1.5259,1.522,1.52,1.5191,1.5181,1.5152,1.5083,1.5005,1.4917,1.4819,1.4721,1.4594,1.4428,1.4242,1.4047,1.3861,1.3685,1.3558,1.3431,1.3265,1.3079,1.2864,1.263,1.2414,1.2229,1.2063,1.1916,1.1769,1.1632,1.1535,1.1466,1.1369,1.1251,1.1144,1.1036,1.0929,1.0821,1.0723,1.0635,1.0567,1.0508,1.0362,1.0225,1.0196,1.0176,1.0166,1.0166,1.0166,1.0166,1.0176,1.0215,1.0283,1.0371,1.0489,1.0665,1.0909,1.1281,1.1848,1.2649,1.3715,1.5024,1.654,1.8201,1.9892,2.1535,2.3069,2.4438,2.5484,2.6295,2.7058,2.7713,2.824,2.8612,2.8866,2.9013,2.9071,2.9071,2.9022,2.8935,2.8788,2.8612,2.8436,2.824,2.7996,2.7713,2.739,2.6999,2.653,2.5973,2.5318,2.4575,2.3773,2.303,2.2297,2.1505,2.0704,1.9941,1.9247,1.8641,1.8123,1.7683,1.7331,1.7038,1.6804,1.6637,1.652,1.6403,1.6266,1.6129,1.5982,1.5826,1.566,1.5474,1.5279,1.5093,1.4917,1.4741,1.4585,1.4448,1.4282,1.4096,1.39,1.3715,1.3539,1.3372,1.3245,1.3138,1.303,1.2923,1.2845,1.2766,1.2649,1.2512,1.2385,1.2268,1.217,1.2102,1.2043,1.1984,1.1906,1.1818,1.176,1.174,1.173,1.172,1.1711,1.1711,1.1681,1.1642,1.1613,1.1574,1.1544,1.1505,1.1457,1.1447,1.1437,1.1427,1.1427,1.1476,1.1642,1.1984,1.2561,1.3402,1.4506,1.5846,1.7351,1.8925,2.0293,2.1515,2.2786,2.3969,2.5005,2.5875,2.6588,2.7175,2.7634,2.7977,2.8231,2.8407,2.8475,2.8456,2.8397,2.8289,2.8143,2.7937,2.7683,2.74,2.7097,2.6755,2.6354,2.5885,2.5337,2.479,2.4213,2.3539,2.2786,2.1984,2.1144,2.0313,1.9521,1.8759,1.8055,1.7429,1.6901,1.652,1.6227,1.5953,1.5699,1.5445,1.52,1.4995,1.48,1.4604,1.4409,1.4223,1.4037,1.3881,1.3744,1.3578,1.3402,1.3245,1.3089
93.195,89.971,86.698,83.279,79.909,76.685,73.608,70.873,68.675,67.063,65.988,65.5,65.402,65.598,66.135,66.868,67.747,68.528,69.359,70.091,70.677,71.117,71.41,71.557,71.557,71.41,71.117,70.824,70.384,69.847,69.359,68.87,68.284,67.796,67.307,66.819,66.281,65.842,65.402,65.012,64.572,64.181,63.839,63.497,63.155,62.911,62.618,62.374,62.13,61.885,61.69,61.495,61.348,61.153,61.055,60.909,60.713,60.616,60.469,60.322,60.176,60.029,59.883,59.736,59.59,59.492,59.346,59.248,59.15,59.053,59.004,58.857,58.759,58.613,58.466,58.418,58.369,58.222,58.124,57.978,57.88,57.734,57.587,57.49,57.441,57.294,57.245,57.099,57.05,56.903,56.855,56.806,56.757,56.61,56.561,56.464,56.366,56.317,56.22,56.122,56.073,55.926,55.878,55.731,55.633,55.536,55.487,55.438,55.292,55.243,55.194,55.096,55.096,55.047,54.998,54.901,54.852,54.852,54.852,54.852,54.852,54.852,54.803,54.803,54.754,54.657,54.608,54.559,54.559,54.852,55.926,58.857,64.816,74.194,85.868,97.884,108.82,118.11,125.72,131.88,136.47,139.94,142.23,143.6,144.24,144.38,144.04,143.5,142.72,141.89,141.01,140.13,139.11,138.03,136.91,135.69,134.37,132.86,131.1,129.19,126.99,124.5,121.62,118.3,114.64,110.53,106.38,102.13,98.128,94.562,91.632,89.434,87.822,86.747,86.112,85.819,85.721,85.721,85.819,85.868,85.868,85.819,85.624,85.379,84.989,84.5,83.914,83.279,82.595,81.912,81.179,80.446,79.616,78.883,78.102,77.418,76.734,76.05,75.415,74.731,74.097,73.559,72.973,72.436,71.947,71.508,71.068,70.629,70.238,69.847,69.505,69.114,68.724,68.382,68.04,67.747,67.503,67.161,66.916,66.672,66.428,66.184,65.94,65.598,65.402,65.158,65.012,64.816,64.621,64.377,64.23,64.035,63.937,63.742,63.546,63.448,63.253,63.058,62.862,62.667,62.423,62.227,61.983,61.885,61.934,62.472,64.132,67.698,73.657,81.814,91.192,100.62,109.26,116.74,122.99,127.97,131.78,134.52,136.23,137.2,137.45,137.2,136.47,135.69,134.76,133.74,132.66,131.63,130.56,129.39,128.12,126.75,125.29,123.67,121.87,119.77,117.32,114.44,111.17,107.55,103.7,99.74,95.881,92.364,89.434,87.138,85.428,84.305,83.621,83.279,83.23,83.377,83.572,83.67,83.719,83.719,83.621,83.426,83.035,82.595,82.058,81.423,80.739,80.055,79.323,78.541,77.76,76.978,76.197,75.464,74.78,74.097,73.413,72.875,72.24,71.605,71.068,70.482,69.994,69.505,68.968,68.528,68.089,67.747,67.307,66.965,66.623,66.281,65.988,65.744,65.5,65.158,64.914,64.621,64.377,64.132,63.839,63.595,63.448,63.155,63.009,62.814,62.569,62.374,62.179,61.983,61.739,61.544,61.348,61.153,61.055,60.86,60.664,60.567,60.371,60.176,59.981,59.736,59.541,59.346,59.297,59.59,60.713,63.497,68.626,76.197,85.428,95.197,104.23,112.24,118.98,124.5,128.75,131.98,134.17,135.49,136.08,136.08,135.54,134.76,133.78,132.81,131.68,130.56,129.44,128.26,127.04,125.72,124.36,122.79,121.04,118.94,116.44,113.56,110.29,106.68,102.87,98.86,95.002,91.436,88.408,86.112,84.305,83.133,82.302,81.912,81.814,81.863,82.009,82.107,82.156,82.156,82.058,81.863,81.472,80.984,80.495,79.86,79.176,78.444,77.662,76.929,76.099,75.366,74.536,73.852,73.168,72.485,71.801,71.117,70.482,69.945,69.359,68.821,68.284,67.796,67.356,66.868,66.428,66.037,65.744,65.353,65.06,64.718,64.377,64.035,63.79,63.546,63.302,63.009,62.716,62.472,62.227,62.032,61.885,61.592,61.446,61.251,61.055,60.86,60.664,60.469,60.322,60.176,59.981,59.883,59.687,59.492,59.297,59.053,58.808,58.564,58.369,58.124,57.88,57.734,57.783,58.369,59.981,63.497,69.407,77.613,86.845,96.076,104.43,111.66,117.76,122.6,126.41,129.09,130.85,131.78,131.98,131.73,131.05,130.12,129,127.83,126.56,125.29,124.02,122.7,121.28,119.86,118.3,116.49,114.3,111.76,108.82,105.5,101.79,97.981,94.074,90.362,87.187,84.696,82.791,81.472,80.593,80.104,80.007,80.055,80.3,80.495,80.739,80.886,80.886,80.788,80.69,80.446,80.007,79.469,78.932,78.297,77.662,76.978,76.343,75.66,74.976,74.292,73.657,73.071,72.436,71.801,71.166,70.629,70.091,69.554,69.066,68.626,68.235,67.796,67.405,67.112,66.721,66.428,66.135,65.842,65.549,65.305,65.012,64.718,64.474,64.279,64.035,63.79,63.546,63.351,63.107,62.911,62.716,62.569,62.374,62.179,61.983,61.788,61.592,61.446,61.299,61.153,61.006,60.86,60.664,60.469,60.322,60.029,59.883,59.687,59.541,59.541,59.981,61.348,64.572,70.189,78.102,87.529,97.2,106.14,113.9,120.5,125.82,129.93,133,135.05,136.23,136.67,136.62,136.18,135.44,134.57,133.49,132.51,131.44,130.36,129.24,128.07,126.75,125.38,123.87,122.16,120.16,117.86,115.13,112.05,108.53,104.82,100.86,96.907,93.341,90.215,87.724,85.917,84.598,83.719,83.279,83.182,83.182,83.279,83.426,83.475,83.572,83.426,83.23,82.937,82.547,82.058,81.472,80.886,80.153,79.421,78.737,78.053,77.32,76.636,75.855,75.171,74.487,73.852,73.217,72.631,72.045,71.508,70.97,70.482,70.042,69.603,69.163,68.821,68.431,68.089,67.796,67.405,67.112,66.819,66.477,66.233,65.988,65.744,65.5,65.256,65.06,64.816,64.621,64.425,64.23,64.035,63.839,63.693,63.448,63.253,63.107,62.911,62.716,62.569,62.374,62.179,61.934,61.69,61.348,61.104,60.86,60.664,60.664,61.055,62.276,65.305,70.873,78.883,88.408,98.323,107.41,115.37,122.11,127.63,131.88,135.05,137.11,138.23,138.67,138.62,138.23,137.54,136.76,135.79,134.81,133.78,132.76,131.63,130.41,129.24,127.87,126.41,124.75,122.79,120.55,117.91,114.93,111.51,107.8,103.79,99.789,95.93,92.511,89.629,87.48,85.917,84.94,84.354,84.158,84.158,84.305,84.354,84.403,84.403,84.305,84.11,83.816,83.377,82.791,82.107,81.423,80.69,79.909,79.176,78.444,77.662,76.881,76.197,75.415,74.731,73.999,73.315,72.68,72.094,71.557,70.97,70.482,70.042,69.603,69.261,68.821,68.479,68.186,67.844,67.551,67.307,67.063,66.819,66.526,66.281,66.135,65.842,65.695,65.402,65.256,65.06,64.816,64.621,64.425,64.23,64.035,63.839,63.693,63.497,63.302,63.155,63.058,62.911,62.814,62.618,62.423,62.227,62.032,61.885,61.592,61.446,61.348,61.446,61.934,63.546,66.965,72.973,81.277,90.997,100.72,109.66,117.42,123.87,129,133,135.74,137.5,138.38,138.57,138.23,137.59,136.67,135.69,134.57,133.49,132.37,131.2,129.97,128.8,127.48,126.07,124.41,122.6,120.45,117.91,115.08,111.76,108.09,104.23,100.23,96.418,93.048,90.215,88.164,86.698,85.624,84.989,84.745,84.598,84.598,84.696,84.696,84.696,84.549,84.305,83.914,83.475,82.986,82.498,81.863,81.179,80.446,79.665,78.932,78.199,77.418,76.685,76.001,75.318,74.634,73.901,73.315,72.68,72.045,71.508,70.922,70.433,69.945,69.407,69.066,68.675,68.284,67.942,67.551,67.258,66.916,66.672,66.428,66.135,65.842,65.549,65.305,65.06,64.816,64.572,64.377,64.181,63.937,63.693,63.497,63.351,63.155,63.009,62.862,62.667,62.472,62.276,62.179,61.934,61.739,61.544,61.299,61.055,60.86,60.811,61.055,61.983,64.572,69.359,76.881,86.259,96.321,105.94,114.34,121.43,127.24,131.88,135.3,137.59,139.01,139.55,139.55,139.16,138.57,137.79,136.91,135.98,135.05,134.13,133.2,132.12,131,129.73,128.31,126.7,124.75,122.55,120.01,116.98,113.61,109.85,105.85,101.74,97.737,94.123,91.045,88.701,86.943,85.721,85.038,84.745,84.598,84.696,84.793,84.842,84.842,84.745,84.598,84.305,83.914,83.426,82.84,82.156,81.423,80.69,79.86,79.127,78.297,77.564,76.783,76.001,75.22,74.487,73.803,73.12,58.564,58.418,58.222,58.027,57.929,57.783,57.685,57.49,57.343,57.196,57.05,56.855,56.757,56.61,53.094,53.729,55.633,60.029,67.698,78.053,89.434,100.18,109.41,117.23,123.62,128.7,132.51,135.25,137.01,137.98,138.42,138.47,138.33,137.98,137.45,136.81,135.98,135.05,133.98,132.81,131.49,130.12,128.61,126.95,125.04,122.84,120.45,117.62,114.44,110.92,107.16,103.26,99.251,95.344,91.876,88.994,86.747,84.989,83.816,83.035,82.595,82.449,82.302,82.302,82.253,82.156,82.009,81.814,81.423,81.032,80.495,79.909,79.225,78.541,77.76,76.978,76.246,75.464,74.731,73.901,73.217,72.485,71.85,71.166,70.531,69.994,69.359,68.87,68.284,67.796,67.356,66.868,66.428,66.037,65.695,65.305,65.012,64.621,64.279,63.986,63.693,63.448,63.107,62.862,62.667,62.423,62.227,61.983,61.739,61.544,61.299,61.104,60.909,60.664,60.469,60.322,60.176,59.981,59.785,59.59,59.443,59.15,59.004,58.662,58.418,58.173,57.929,57.783,57.88,58.369,59.932,63.302,68.919,76.636,85.282,93.781,101.55,108.24,113.86,118.45,121.91,124.41,125.97,126.85,127.19,126.99,126.41,125.68,124.75,123.72,122.75,121.62,120.55,119.37,118.11,116.74,115.17,113.37,111.32,108.87,106.04,102.91,99.544,95.979,92.511,89.189,86.308,84.061,82.302,81.13,80.3,79.86,79.665,79.665,79.762,79.86,80.007,80.055,80.007,79.86,79.616,79.323,78.883,78.297,77.662,77.027,76.343,75.757,75.073,74.438,73.755,73.071,72.387,71.654,71.068,70.482,69.847,69.359,68.821,68.284,67.844,67.405,67.063,66.623,66.233,65.842,65.5,65.158,64.816,64.474,64.181,63.937,63.693,63.448,63.155,62.911,62.667,62.423,62.227,62.032,61.885,61.69,61.495,61.299,61.104,60.909,60.713,60.567,60.42,60.322,60.176,59.981,59.883,59.687,59.443,59.248,59.053,59.004,59.248,60.225,62.814,67.698,75.073,84.061,93.439,102.23,109.95,116.35,121.67,125.87,129,131.24,132.61,133.3,133.49,133.3,133,132.56,131.98,131.44,130.76,129.97,129.19,128.31,127.39,126.26,124.99,123.58,121.87,119.86,117.57,114.88,111.76,108.29,104.58,100.62,96.76,93.048,89.873,87.284,85.282,83.865,82.937,82.351,82.107,82.058,82.009,82.009,82.009,81.912,81.814,81.57,81.179,80.739,80.251,79.616,78.932,78.248,77.467,76.734,76.001,75.22,74.487,73.803,73.12,72.436,71.752,71.117,70.482,69.945,69.359,68.87,68.382,67.942,67.503,67.112,66.672,66.281,65.94,65.549,65.256,64.914,64.572,64.23,63.839,63.546,63.253,62.911,62.667,62.374,62.13,61.788,61.544,61.299,61.104,60.86,60.664,60.469,60.225,60.029,59.883,59.59,59.443,59.248,59.053,58.808,58.613,58.418,58.222,58.32,59.053,61.104,65.256,71.752,80.251,89.482,98.421,106.43,113.17,118.79,123.43,126.99,129.53,131.29,132.32,132.66,132.61,132.22,131.68,130.95,130.17,129.29,128.41,127.53,126.7,125.68,124.7,123.43,122.06,120.45,118.45,116.1,113.37,110.19,106.68,102.87,98.909,95.051,91.485,88.359,85.917,84.061,82.742,81.814,81.277,81.032,80.984,80.984,81.032,80.984,80.935,80.739,80.446,80.055,79.616,79.03,78.492,77.858,77.174,76.49,75.855,75.171,74.487,73.803,73.12,72.485,71.85,71.312,70.726,70.238,69.749,69.261,68.821,68.431,68.04,67.698,67.405,67.161,66.916,66.672,66.428,66.184,65.988,65.744,65.549,65.353,65.158,64.914,64.718,64.572,64.425,64.23,64.035,63.937,63.742,63.595,63.497,63.448,63.351,63.253,63.107,63.009,62.911,62.814,62.618,62.472,62.374,62.227,62.179,62.179,62.569,63.742,66.623,71.654,78.981,87.675,96.662,105.11,112.54,118.79,124.02,128.12,131.2,133.3,134.61,135.25,135.35,135.25,134.86,134.13,133.25,132.42,131.88,131.24,130.56,129.88,129.09,128.17,127.04,125.63,123.92,121.87,119.42,116.64,113.37,109.75,105.8,101.79,98.03,94.806,92.218,90.362,89.043,88.31,87.919,87.822,87.822,87.919,88.115,88.31,88.359,88.31,88.115,87.724,87.236,86.698,86.063,85.379,84.696,84.012,83.23,82.547,81.863,81.179,80.544,79.909,79.372,78.883,78.346,77.858,77.418,76.929,76.539,76.197,75.855,75.464,75.073,74.731,74.341,74.048,73.755,73.51,73.217,72.973,72.875,72.68,72.533,72.387,72.192,71.947,71.752,71.557,71.41,71.215,71.117,70.97,70.824,70.677,70.629,70.482,70.433,70.287,70.042,69.847,69.652,69.554,69.359,69.163,69.114,69.31,70.091,72.24,76.343,82.742,91.094,100.33,109.31,117.42,124.41,130.17,134.76,138.18,140.57,141.94,142.62,142.72,142.43,141.94,141.31,140.62,139.94,139.16,138.42,137.54,136.62,135.64,134.61,133.54,132.37,130.95,129.24,127.19,124.7,121.67,118.3,114.49,110.44,106.19,102.18,98.47,95.49,93.097,91.387,90.166,89.385,88.847,88.554,88.359,88.261,88.115,87.968,87.724,87.48,87.04,86.552,85.868,85.135,84.354,83.621,82.791,82.058,81.374,80.69,80.055,79.421,78.737,78.004,77.32,76.636,75.904,75.22,74.634,73.999,73.413,72.778,72.24,71.752,71.215,70.726,70.238,69.749,69.359,69.066,68.821,68.528,68.284,68.089,67.991,67.844,67.698,67.356,67.112,66.868,66.623,66.281,65.988,65.695,65.402,65.158,65.012,64.816,64.621,64.377,64.035,63.742,63.497,63.253,63.009,62.667,62.618,63.107,64.621,67.844,73.51,81.374,90.41,99.593,108.04,115.37,121.57,126.56,130.61,133.54,135.44,136.42,136.86,136.91,136.67,136.23,135.64,134.86,134.08,133.25,132.32,131.44,130.51,129.44,128.26,126.95,125.29,123.43,121.18,118.59,115.57,112.1,108.29,104.23,100.13,96.125,92.511,89.531,87.187,85.477,84.305,83.572,83.182,83.035,82.986,82.986,82.986,82.986,82.84,82.595,82.253,81.716,81.228,80.593,80.007,79.225,78.444,77.613,76.881,76.099,75.366,74.634,73.901,73.217,72.485,71.801,71.117,70.482,69.847,69.31,68.821,68.284,67.796,67.356,66.965,66.623,66.233,65.842,65.549,65.256,65.012,64.67,64.425,64.181,63.937,63.693,63.497,63.302,63.107,62.911,62.716,62.569,62.374,62.179,62.032,61.885,61.739,61.544,61.348,61.153,61.006,60.713,60.469,60.225,60.029,59.785,59.687,59.687,60.029,61.104,63.79,68.724,76.05,84.989,94.171,102.82,110.39,116.79,122.26,126.7,129.97,132.32,133.74,134.52,134.66,134.37,133.78,133.1,132.22,131.39,130.41,129.44,128.31,127.19,125.92,124.6,123.18,121.48,119.42,116.98,114.1,110.92,107.36,103.5,99.544,95.734,92.315,89.531,87.431,85.917,84.94,84.256,83.914,83.816,83.816,83.816,83.816,83.719,83.621,83.377,82.986,82.595,82.058,81.472,80.788,80.104,79.421,78.688,78.004,77.32,76.539,75.855,75.171,74.487,73.803,73.168,72.533,71.947,71.41,70.873,70.433,69.945,69.505,69.114,68.675,68.284,67.942,67.551,67.161,66.868,66.477,66.135,65.793,65.402,65.158,64.865,64.621,64.377,64.181,63.937,63.693,63.497,63.253,63.058,62.862,62.716,62.569,62.423,62.276,62.179,62.032,61.885,61.739,61.544,61.299,61.006,60.811,60.713,61.104,62.472,65.549,71.068,78.932,88.066,97.346,105.94,113.37,119.77,124.99,129.24,132.56,134.81,136.23,137.01,137.25,137.2,136.86,136.42,135.79,135.25,134.61,133.98,133.3,132.51,131.49,130.36,129,127.48,125.68,123.58,121.18,118.45,115.32,111.8,107.95,103.84,99.74,95.881,92.364,89.482,87.236,85.624,84.5,83.816,83.426,83.279,83.279,83.279,83.377,83.279,83.182,82.986,82.693,82.253,81.667,81.13,80.495,79.811,79.127,78.346,77.613,76.881,76.099,75.366,74.634,73.852,73.071,72.289,71.557,70.873,70.238,69.652,69.114,68.626,68.089,67.698,67.307,66.868,66.477,66.135,65.793,65.402,65.109,64.865,64.572,64.279,63.986,63.742,63.448,63.155,62.862,62.667,62.423,62.227,61.983,61.788,61.544,119.23,115.66,111.76,107.51,103.11,98.86,95.002,91.68,89.092,87.284,86.063,85.282,84.989,84.94,85.038,85.184,85.233,85.282,85.233,85.038,84.745,84.305,83.816,83.133,82.449,81.667,80.935,80.104,79.323,78.492,77.662,76.929,76.197,75.415,74.731,74.048,73.413,72.729,72.192,71.605,71.068,70.629,70.189,69.749,69.359,68.968,68.626,68.284,67.942,67.6,67.307,66.965,66.721,66.428,66.184,65.94,65.744,65.5,65.305,65.06,64.865,64.67,64.474,64.377,64.23,64.035,63.937,63.742,63.595,63.448,63.253,63.009,62.716,62.472,62.374,62.374,62.862,64.474,68.04,74.194,82.693,92.413,102.28,111.32,119.13,125.68,131,135.1,138.03,139.89,140.87,141.16,141.06,140.57,139.89,139.06,138.18,137.25,136.23,135.25,134.13,132.95,131.54,130.07,128.36,126.41,124.06,121.38,118.2,114.54,110.49,106.24,101.89,97.737,94.123,91.192,88.994,87.382,86.308,85.673,85.428,85.379,85.477,85.575,85.673,85.624,85.477,85.233,84.842,84.403,83.865,83.182,82.498,81.814,81.032,80.251,79.469,78.688,77.906,77.125,76.343,75.611,74.927,74.243,73.559,72.924,72.289,71.752,71.215,70.824,70.287,69.847,69.505,69.066,68.626,68.235,67.942,67.6,67.307,66.965,66.672,66.428,66.184,65.842,65.598,65.353,65.158,64.914,64.718,64.474,64.279,64.181,63.986,63.79,63.595,63.351,63.155,63.009,62.716,62.472,62.179,61.885,61.739,61.788,62.423,64.279,68.284,74.927,83.719,93.634,103.45,112.39,120.06,126.41,131.63,135.64,138.42,140.33,141.35,141.79,141.75,141.31,140.67,139.89,139.06,138.18,137.25,136.32,135.44,134.42,133.3,131.98,130.41,128.61,126.51,123.87,120.79,117.23,113.32,109.07,104.67,100.37,96.369,92.999,90.313,88.359,87.04,86.259,85.868,85.819,85.868,85.966,86.112,86.161,86.161,85.966,85.673,85.233,84.696,84.061,83.426,82.693,81.912,81.032,80.251,79.421,78.59,77.809,76.978,76.246,75.464,74.731,74.048,73.413,72.778,72.24,71.752,71.215,70.824,70.287,69.847,69.407,69.066,68.724,68.382,67.991,67.698,67.356,67.063,66.819,66.526,66.233,65.988,65.744,65.5,65.256,65.012,64.718,64.474,64.279,64.132,63.937,63.742,63.546,63.351,63.155,62.911,62.716,62.569,62.276,62.13,62.032,62.423,63.742,66.819,72.289,80.251,89.727,99.593,108.87,117.03,124.02,129.68,134.13,137.45,139.69,141.01,141.55,141.6,141.26,140.62,139.89,139.06,138.33,137.5,136.62,135.74,134.66,133.54,132.17,130.61,128.85,126.7,124.16,121.23,117.81,113.9,109.66,105.26,100.86,96.809,93.341,90.557,88.554,87.138,86.308,85.868,85.721,85.819,85.917,86.063,86.161,86.161,86.063,85.721,85.282,84.745,84.11,83.426,82.693,81.863,80.984,80.153,79.323,78.492,77.76,76.929,76.099,75.366,74.683,73.999,73.364,72.729,72.192,71.557,70.97,70.482,70.042,69.603,69.163,68.724,68.382,67.991,67.698,67.307,66.965,66.672,66.379,66.135,65.793,65.549,65.353,65.109,64.816,64.572,64.279,64.132,63.937,63.693,63.497,63.253,63.058,62.862,62.667,62.472,62.227,62.032,61.885,61.592,61.446,61.348,61.544,62.569,65.06,69.749,76.929,85.966,95.734,105.11,113.51,120.69,126.7,131.49,135.2,137.79,139.35,140.18,140.43,140.23,139.74,139.11,138.38,137.5,136.62,135.69,134.76,133.69,132.56,131.24,129.68,127.92,125.82,123.23,120.16,116.69,112.73,108.48,103.94,99.495,95.344,91.876,89.092,87.187,85.917,85.184,84.842,84.793,84.989,85.233,85.477,85.575,85.624,85.477,85.233,84.793,84.256,83.621,82.84,82.107,81.277,80.495,79.665,78.932,78.102,77.369,76.636,75.904,75.22,74.536,73.852,73.217,72.68,72.045,71.508,70.97,70.531,70.042,69.603,69.261,68.919,68.626,68.284,67.991,67.698,67.405,67.112,66.916,66.672,66.477,66.281,66.135,65.94,65.695,65.5,65.256,65.06,64.865,64.67,64.474,64.279,64.181,63.986,63.79,63.595,63.351,63.107,62.862,62.667,62.423,62.374,62.618,63.742,66.379,71.361,78.883,88.115,97.932,107.26,115.42,122.5,128.31,133,136.47,138.91,140.48,141.26,141.35,141.11,140.57,139.89,139.06,138.18,137.3,136.37,135.35,134.32,133.2,131.78,130.32,128.51,126.36,123.82,120.89,117.42,113.61,109.36,105.01,100.67,96.76,93.439,90.801,88.945,87.626,86.845,86.503,86.405,86.503,86.601,86.747,86.796,86.747,86.552,86.161,85.721,85.233,84.549,83.865,83.035,82.253,81.423,80.593,79.811,78.932,78.102,77.369,76.539,75.855,75.171,74.536,73.901,73.315,72.729,72.24,71.752,71.312,70.873,70.433,70.042,69.652,69.31,68.919,68.626,68.235,67.942,67.6,67.356,67.112,66.868,66.672,66.428,66.184,65.94,65.695,65.402,65.256,65.06,64.865,64.718,64.572,64.377,64.181,64.035,63.79,63.595,63.448,63.155,63.009,62.814,62.911,63.546,65.353,69.31,75.855,84.598,94.513,104.38,113.32,121.04,127.53,132.81,136.86,139.79,141.6,142.67,143.11,143.11,142.72,142.23,141.6,140.92,140.23,139.55,138.81,137.98,137.06,136.08,134.81,133.34,131.68,129.63,127.04,124.06,120.55,116.69,112.39,107.8,103.31,99.056,95.344,92.413,90.166,88.701,87.724,87.236,87.04,87.04,87.187,87.236,87.236,87.236,87.04,86.796,86.356,85.819,85.184,84.403,83.621,82.791,82.009,81.13,80.251,79.421,78.688,77.858,77.125,76.343,75.611,74.927,74.243,73.608,72.973,72.436,71.947,71.41,70.922,70.482,70.042,69.652,69.31,68.919,68.626,68.284,67.991,67.698,67.356,67.112,66.916,66.672,66.477,66.233,65.988,65.793,65.549,65.353,65.158,65.012,64.816,64.67,64.572,64.377,64.181,63.937,63.742,63.497,63.253,63.009,62.814,62.716,63.009,64.132,66.721,71.752,79.225,88.554,98.421,107.95,116.35,123.67,129.73,134.57,138.18,140.62,142.04,142.72,142.87,142.62,142.14,141.35,140.62,139.89,139.06,138.23,137.35,136.37,135.25,133.98,132.51,130.76,128.61,126.16,123.23,119.86,116,111.8,107.36,102.87,98.763,95.099,92.315,90.166,88.75,87.871,87.431,87.284,87.382,87.48,87.626,87.675,87.626,87.48,87.236,86.796,86.259,85.624,84.842,84.061,83.23,82.449,81.57,80.593,79.762,78.932,78.102,77.32,76.539,75.806,75.122,74.487,73.803,73.168,72.631,72.094,71.605,71.166,70.726,70.384,69.945,69.554,69.163,68.87,68.528,68.235,67.942,67.6,67.356,67.112,66.868,66.526,66.281,66.037,65.793,65.598,65.353,65.158,64.914,64.816,64.621,64.425,64.23,64.035,63.839,63.693,63.497,63.253,63.058,62.814,62.716,62.911,63.937,66.428,71.312,78.786,88.164,98.225,107.95,116.54,123.92,130.07,135.01,138.77,141.31,142.87,143.7,143.85,143.6,143.16,142.62,141.99,141.35,140.72,140.04,139.3,138.57,137.59,136.47,135.25,133.69,131.88,129.68,127.04,123.92,120.35,116.35,112,107.41,102.91,98.763,95.099,92.218,90.117,88.701,87.822,87.382,87.284,87.382,87.48,87.626,87.626,87.529,87.382,87.04,86.601,85.966,85.282,84.549,83.719,82.937,82.009,81.13,80.251,79.372,78.492,77.613,76.783,76.05,75.366,74.683,73.999,73.315,72.729,72.192,71.605,71.117,70.677,70.238,69.798,69.359,68.919,68.626,68.235,67.942,67.6,67.258,66.868,66.526,66.281,66.037,65.793,65.549,65.353,65.109,64.865,64.621,64.377,64.181,63.937,63.742,63.546,63.448,63.253,63.107,62.911,62.667,62.472,62.179,61.934,61.739,61.739,62.13,63.546,66.819,72.533,80.69,90.215,99.984,109.07,116.93,123.67,129.19,133.54,136.81,139.01,140.23,140.87,141.01,140.72,140.33,139.6,138.91,138.18,137.35,136.57,135.74,134.81,133.78,132.61,131.24,129.49,127.39,124.8,121.72,118.25,114.25,109.95,105.36,100.86,96.76,93.243,90.557,88.603,87.284,86.552,86.161,86.112,86.259,86.405,86.503,86.552,86.552,86.308,85.966,85.477,84.94,84.305,83.621,82.84,82.107,81.277,80.495,79.762,78.932,78.199,77.418,76.734,76.05,75.318,74.634,73.999,73.364,72.778,72.24,71.801,71.361,70.922,70.531,70.189,69.847,69.554,69.261,68.919,68.626,68.382,68.089,67.844,67.6,67.356,67.161,66.965,66.819,66.526,66.379,66.135,65.842,65.695,65.402,65.256,65.06,64.865,64.67,64.474,64.23,64.035,63.839,63.595,63.302,63.058,62.862,62.911,63.497,65.158,68.87,75.073,83.475,93.195,102.91,111.85,119.67,126.26,131.63,135.74,138.77,140.72,141.89,142.28,142.38,142.14,141.7,141.06,140.38,139.6,138.81,138.03,137.2,136.23,135.2,133.98,132.42,130.66,128.51,125.92,122.84,119.33,115.37,111.07,106.53,102.13,98.03,94.562,91.876,89.922,88.603,87.871,87.431,87.382,87.382,87.48,87.675,87.675,87.626,87.431,87.138,86.698,86.112,85.428,84.745,83.914,83.133,82.302,81.423,80.544,79.665,78.883,78.102,77.32,76.636,75.855,75.171,74.487,73.901,73.364,72.778,72.24,71.801,71.361,70.922,70.531,70.189,69.798,69.505,69.114,68.87,68.528,68.235,67.991,67.698,67.405,67.161,66.916,66.672,66.428,66.233,66.037,65.793,65.549,65.353,65.158,65.012,64.816,64.621,64.425,64.279,64.132,63.937,63.693,63.448,63.155,63.009,63.058,63.546,65.256,68.821,74.976,83.475,93.341,103.35,112.54,120.55,127.29,132.86,137.2,140.23,142.23,143.46,143.94,143.99,143.75,143.31,142.72,142.23,141.6,141.01,140.33,139.55,138.67,137.69,136.47,135.1,133.49,131.49,129.09,126.31,123.04,119.33,115.13,110.63,105.94,101.45,97.346,93.976,91.436,89.629,88.506,87.871,87.626,87.626,87.822,88.066,88.164,88.164,88.115,87.822,87.431,86.943,86.308,85.575,84.745,83.914,83.035,82.156,81.277,80.495,79.616,78.737,78.004,77.223,76.49,75.757,75.073,74.438,73.803,73.217,72.68,72.192,71.654,71.166,70.726,70.384,69.994,69.652,69.31,68.968,68.675,68.382,68.04,67.796,67.503,67.258,67.063,66.819,66.623,66.379,66.135,65.842,65.598,65.402,65.256,65.06,64.914,64.718,64.474,64.279,64.132,63.839,63.595,63.448,63.155,62.911,62.716,62.716,63.107,64.377,67.356,72.778,80.69,90.215,100.13,109.36,117.62,124.7,130.56,135.25,138.77,141.11,142.62,143.46,143.7,143.5,143.02,142.38,141.6,140.87,140.04,139.16,138.33,137.45,136.47,135.44,134.17,132.66,130.76,128.41,125.63,122.26,118.35,114.1,109.56,104.92,100.67,97.004,94.074,91.876,90.313,89.385,88.799,88.554,88.506,88.554,88.603,88.603,88.554,88.31,87.968,87.529,87.04,86.356,85.673,84.94,84.11,83.279,82.449,81.57,80.593,79.811,78.981,78.248,77.467,76.734,76.001,75.366,74.731,74.194,73.608,73.12,72.631,72.094,71.654,71.166,70.824,70.433,70.042,69.749,69.407,69.114,68.724,68.431,68.186,67.942,67.698,67.405,67.161,66.916,66.672,66.428,66.184,65.94,65.695,65.5,65.305,65.109,64.914,64.718,64.572,64.377,64.181,63.986,63.742,63.497,63.253,63.009,62.911,63.107,63.937,66.184,70.629,77.662,86.747,96.76,106.48,115.32,122.84,129.24,134.37,138.38,141.16,143.06,144.04,144.58,144.48,144.24,143.75,143.16,142.62,142.04,141.55,141.01,140.33,139.6,138.67,137.59,136.23,134.57,132.51,129.97,126.99,123.62,119.77,115.42,110.88,106.24,101.79,97.884,94.66,92.218,90.557,89.482,88.945,88.701,88.603,88.75,88.847,88.945,88.945,88.75,88.506,88.066,87.431,86.796,86.063,85.233,84.354,83.475,82.547,81.667,80.788,79.909,79.03,78.248,77.369,76.636,75.855,75.122,74.487,73.803,73.217,72.68,72.094,71.605,71.117,70.677,70.287,69.847,69.505,69.163,68.821,68.431,68.089,67.796,67.503,67.161,66.916,66.623,66.428,66.184,65.94,65.695,65.402,65.158,64.914,64.718,64.474,64.23,63.986,63.742,63.595,63.448,63.302,63.107,62.911,62.716,62.569,62.276,62.032,61.885,61.592,61.544,61.934,63.155,66.135,71.557,79.372,88.799,98.665,107.85,115.91,122.84,128.61,133.2,136.67,139.06,140.62,141.45,141.79,141.75,141.35,140.82,140.18,139.5,138.81,138.13,137.45,136.57,135.64,134.52,133.25,131.68,129.73,127.39,124.5,121.13,117.32,113.07,108.48,103.94,99.593,95.783,92.755,90.508,88.945,87.919,87.382,87.187,87.187,87.284,87.382,87.431,87.284,87.187,86.845,86.405,85.917,85.233,84.549,83.865,83.133,82.351,81.57,80.788,80.007,79.225,78.492,77.76,77.027,76.343,75.66,74.976,74.341,73.803,73.315,72.778,72.289,71.85,71.508,71.117,70.726,70.384,70.042,69.749,69.407,69.163,68.87,68.626,68.382,68.186,67.942,67.747,67.503,67.258,67.063,66.819,66.526,66.281,66.135,65.94,65.695,65.5,65.305,65.109,65.012,64.816,64.621,64.425,64.181,63.937,63.595,63.351,63.155,63.253,63.79,65.549,69.31,75.415,83.816,93.439,103.11,112.1,119.91,126.56,131.98,136.23,139.3,141.35,142.62,143.11,143.16,142.92,142.43,141.89,141.16,140.48,139.79,139.06,138.33,137.45,136.42,135.25,133.93,132.32,130.32,127.92,125.14,121.72,117.86,113.61,109.12,104.62,100.37,96.76,93.781,91.632,90.117,89.189,88.701,88.506,88.506,88.554,88.701,88.701,88.603,88.408,88.115,87.675,87.138,86.405,85.673,84.842,84.061,83.182,82.351,81.472,80.593,79.811,78.981,78.199,77.418,76.685,76.001,75.318,74.683,74.048,73.51,72.924,72.485,71.996,71.557,71.117,70.726,70.384,69.994,69.652,69.31,68.968,68.675,68.431,68.089,67.796,67.551,67.307,67.063,66.819,66.526,66.379,66.135,65.842,65.598,65.353,65.158,65.012,64.816,64.67,64.474,64.377,64.181,63.986,63.742,63.546,63.302,63.058,62.862,62.716,63.009,63.937,66.379,71.117,78.297,87.431,97.297,106.92,115.61,123.04,129.29,134.37,138.23,141.01,142.72,143.7,144.04,143.99,143.7,143.31,142.82,142.28,141.75,141.26,140.62,139.89,139.06,137.98,136.81,135.3,133.54,131.44,128.95,125.97,122.55,118.59,114.34,109.8,105.26,100.91,97.102,93.976,91.68,90.069,89.043,88.554,88.359,88.359,88.506,88.603,88.603,88.603,88.408,88.066,87.626,87.04,86.405,85.624,84.793,83.914,83.035,82.107,81.228,80.446,79.616,78.883,78.053,77.32,76.539,75.855,75.171,74.487,73.852,73.315,72.729,72.24,71.752,71.312,70.873,70.482,70.091,69.749,69.359,69.114,68.821,68.479,68.186,67.942,67.698,67.405,67.161,66.916,66.672,66.428,66.184,65.94,65.695,65.402,65.158,64.914,64.718,64.572,64.377,64.132,63.937,63.742,63.497,63.302,63.058,62.716,62.423,62.179,61.983,61.934,62.227,63.302,65.94,70.873,78.248,87.382,97.053,106.28,114.64,121.82,127.87,132.66,136.32,138.91,140.57,141.5,141.79,141.75,141.35,140.87,140.33,139.74,139.11,138.42,137.74,137.01,136.13,135.1,133.88,132.32,130.51,128.26,125.58,122.31,118.59,114.49,110.09,105.6,101.35,97.591,94.562,92.315,90.752,89.678,89.189,88.994,88.945,88.994,89.092,89.189,89.092,88.994,88.701,88.261,87.724,87.138,86.405,85.673,84.842,84.061,83.182,82.302,81.423,80.593,79.811,78.981,78.199,77.467,76.734,76.099,75.415,74.878,74.292,73.755,73.168,72.729,72.24,71.801,71.41,71.068,70.677,70.384,69.994,69.652,69.359,69.066,68.724,68.479,68.186,67.942,67.698,67.503,67.258,66.965,66.819,66.526,66.281,66.037,65.842,65.695,65.5,65.353,65.256,65.06,64.865,64.621,64.425,64.23,63.986,63.742,63.497,63.351,63.546,64.572,66.916,71.605,78.883,88.115,98.177,107.85,116.54,124.02,130.12,135.1,138.91,141.7,143.5,144.43,144.87,144.92,144.68,144.29,143.8,143.36,142.87,142.28,141.7,141.01,140.23,139.3,138.13,136.81,135.1,133.2,130.8,127.92,124.6,120.89,116.69,112.19,107.55,103.06,99.056,95.686,93.097,91.29,90.117,89.482,89.287,89.238,89.287,89.434,89.434,89.434,89.238,88.945,88.506,87.919,87.284,86.552,85.819,84.94,84.061,83.182,82.351,81.472,80.69,79.811,78.981,78.199,77.418,76.734,76.05,75.366,74.78,74.243,73.657,73.168,72.729,72.24,71.801,71.361,70.97,70.629,70.238,69.847,69.505,69.163,68.87,68.626,68.284,67.991,67.747,67.405,67.112,66.819,66.477,66.184,65.842,65.598,65.353,65.109,64.865,64.621,64.377,64.181,63.986,63.79,63.595,63.351,63.107,62.862,62.618,62.374,62.227,62.227,62.814,64.572,68.186,74.292,82.693,92.315,101.94,110.88,118.59,125.29,130.8,135.1,138.33,140.48,141.79,142.48,142.67,142.48,142.04,141.55,141.01,140.43,139.79,139.11,138.42,137.54,136.62,135.49,134.13,132.51,130.56,128.17,125.29,121.91,118.11,113.81,109.26,104.62,100.33,96.565,93.536,91.29,89.727,88.75,88.164,87.968,87.968,88.066,88.115,88.115,88.066,87.822,87.431,86.991,86.405,85.721,85.038,84.256,83.426,82.595,81.814,80.984,80.251,79.421,78.688,77.906,77.174,76.441,75.757,75.122,74.438,73.803,73.217,72.68,72.24,71.752,71.312,70.873,70.482,70.091,69.798,69.505,69.163,68.87,68.528,68.235,67.942,67.698,67.405,67.258,66.965,66.819,66.526,66.379,66.184,65.988,65.744,65.549,65.353,65.158,65.012,64.865,64.67,64.572,64.377,64.23,64.132,63.937,63.693,63.497,63.302,63.107,62.911,62.814,63.009,63.693,65.598,69.505,75.806,84.305,93.878,103.45,112.1,119.77,126.16,131.49,135.69,138.67,140.67,141.89,142.38,142.38,142.04,141.5,140.82,140.04,139.3,138.57,137.74,136.91,135.98,134.81,133.44,131.78,129.88,127.48,124.75,121.48,117.76,113.61,109.17,104.72,100.57,96.858,93.878,91.68,90.166,89.189,88.701,88.506,88.506,88.554,88.603,88.701,88.701,88.554,88.261,87.822,87.284,86.698,85.966,85.184,84.354,83.572,82.742,81.912,81.032,80.251,79.421,78.59,77.858,77.125,76.343,75.66,75.073,74.487,73.901,73.364,72.875,72.387,71.947,71.508,71.068,70.677,70.238,69.847,69.554,69.163,68.87,68.528,68.284,67.991,67.747,67.503,67.258,66.965,66.721,66.477,66.233,65.988,65.793,65.549,65.353,65.158,65.012,64.816,64.621,64.474,64.279,64.132,63.937,63.742,63.497,63.253,63.058,62.862,62.814,63.107,64.377,67.307,72.631,80.349,89.824,99.74,109.17,117.47,124.6,130.56,135.35,139.01,141.55,143.16,144.04,144.43,144.38,144.14,143.75,143.26,142.72,142.23,141.75,141.16,140.57,139.89,138.91,137.79,136.42,134.81,132.76,130.22,127.29,123.87,120.01,115.66,111.12,106.48,102.13,98.225,95.051,92.608,90.948,89.873,89.238,88.994,88.945,88.945,88.994,88.994,88.847,88.603,88.31,87.822,87.236,86.552,85.819,84.94,84.11,83.23,82.351,81.57,80.69,79.811,78.981,78.102,77.369,76.636,75.855,75.171,74.487,73.852,73.315,72.729,72.192,71.605,71.166,70.726,70.287,69.945,69.505,69.163,68.87,68.528,68.235,67.942,67.6,67.356,67.161,66.916,66.721,66.477,66.233,65.988,65.793,65.549,65.305,65.06,64.865,64.718,64.621,64.425,64.279,64.132,63.839,63.693,63.448,63.155,62.911,62.618,62.374,62.276,62.569,63.693,66.281,71.166,78.59,87.724,97.444,106.63,114.78,121.87,127.83,132.56,136.23,138.86,140.57,141.5,141.94,141.94,141.7,141.26,140.67,140.04,139.35,138.67,137.98,137.25,136.42,135.44,134.22,132.76,130.85,128.7,125.97,122.84,119.18,115.08,110.53,105.99,101.6,97.688,94.513,92.12,90.508,89.434,88.847,88.603,88.701,88.847,89.043,89.189,89.238,89.092,88.945,88.554,88.115,87.48,86.845,86.112,85.379,84.549,83.719,82.937,82.058,81.228,80.349,79.567,78.883,78.248,77.809,77.467,77.613,78.492,80.788,84.94,90.85,98.225,106.24,114.1,121.28,127.43,132.37,136.18,138.86,140.43,141.11,141.06,140.48,139.55,138.33,136.91,135.3,133.64,131.78,129.73,127.43,124.75,121.62,118.11,114.3,110.19,105.85,101.5,97.346,93.732,90.948,88.945,87.675,86.943,86.698,86.747,87.04,87.382,87.724,87.919,88.066,88.066,87.822,87.48,86.991,86.356,85.673,84.94,84.11,83.279,82.449,81.57,80.69,79.811,78.932,78.102,77.369,76.636,75.855,75.22,74.634,74.048,73.559,73.071,72.533,72.192,71.752,71.361,70.97,70.677,70.384,70.042,69.749,69.407,69.163,68.87,68.626,68.382,68.089,67.844,67.698,67.405,67.161,66.916,66.721,66.477,66.233,65.988,65.744,65.5,65.305,65.109,64.865,64.621,64.425,64.23,64.035,63.839,63.693,63.546,63.448,63.302,63.155,63.009,62.814,62.618,62.423,62.227,61.983,61.739,61.544,61.544,62.227,64.279,68.87,76.539,86.991,98.47,109.61,119.42,127.83,134.86,140.57,144.87,147.8,149.66,150.73,151.12,151.12,150.88,150.49,150.05,149.56,148.97,148.44,147.75,146.92,146,144.87,143.55,141.94,140.04,137.74,135.05,131.88,128.26,124.11,119.62,114.88,110,105.26,101.06,97.688,95.051,93.243,92.071,91.387,91.045,90.948,90.948,90.948,90.948,90.752,90.41,90.069,89.531,88.945,88.164,87.382,86.503,85.575,84.598,83.719,82.791,81.912,81.032,80.104,79.225,78.444,77.613,76.881,76.197,75.464,74.878,74.243,73.608,73.12,72.631,72.192,71.752,71.312,70.922,70.482,70.189,69.798,69.505,69.163,68.87,68.528,68.284,67.991,67.747,67.405,67.112,66.819,66.526,66.281,66.037,65.842,65.598,65.402,65.256,65.06,64.865,64.67,64.474,64.279,64.132,63.937,63.693,63.448,63.107,62.814,62.472,62.276,62.179,62.569,63.937,66.965,72.533,80.495,89.922,99.593,108.63,116.64,123.38,128.95,133.34,136.62,138.86,140.18,140.72,140.87,140.62,140.13,139.5,138.77,137.94,137.11,136.32,135.35,134.32,133.1,131.73,130.12,128.07,125.58,122.6,119.18,115.32,110.97,106.48,101.99,97.932,94.513,91.973,90.166,88.994,88.261,87.871,87.822,87.871,87.919,87.968,87.968,87.871,87.675,87.284,86.845,86.308,85.673,84.989,84.305,83.572,82.742,81.912,81.13,80.349,79.567,78.786,78.102,77.418,76.734,76.05,75.464,74.878,74.292,73.755,73.315,72.778,72.387,71.996,71.605,71.215,70.824,70.433,70.091,69.749,69.505,69.163,68.87,68.626,68.284,67.991,67.747,67.405,67.161,66.916,66.672,66.379,66.135,65.842,65.695,65.5,65.305,65.109,64.914,64.718,64.572,64.279,64.132,63.839,63.595,63.351,63.107,62.911,62.862,63.253,64.572,67.698,73.315,81.374,90.997,100.91,110.19,118.3,125.24,131,135.54,138.91,141.31,142.72,143.5,143.75,143.6,143.31,142.87,142.38,141.89,141.26,140.62,139.94,139.11,138.18,137.06,135.74,134.08,132.12,129.73,126.85,123.48,119.62,115.37,110.88,106.24,101.89,97.932,94.758,92.364,90.606,89.531,88.945,88.75,88.75,88.799,88.945,88.945,88.847,88.603,88.31,87.871,87.382,86.698,85.917,85.184,84.354,83.572,82.693,81.863,80.984,80.104,79.225,78.444,77.662,76.929,76.197,75.464,74.878,74.243,73.657,73.12,72.631,72.094,71.654,71.215,70.873,70.433,70.042,69.749,69.359,69.066,68.724,68.431,68.089,67.844,67.6,67.307,67.063,66.819,66.526,66.379,66.135,65.842,65.598,65.402,65.256,65.012,64.816,64.572,64.377,64.132,63.839,63.595,63.302,63.009,62.667,62.423,62.179,62.276,63.107,65.5,70.042,77.174,86.259,96.076,105.55,114.05,121.38,127.48,132.42,136.32,139.06,140.87,141.99,142.48,142.58,142.38,141.94,141.35,140.72,140.04,139.45,138.77,137.94,137.01,135.93,134.61,133,131.05,128.75,125.97,122.75,119.03,114.98,110.53,105.99,101.5,97.493,94.171,91.632,89.824,88.701,87.968,87.724,87.675,87.724,87.724,87.724,87.675,87.48,87.187,86.747,86.259,85.624,84.842,84.061,83.23,82.449,81.57,80.739,79.909,79.176,78.346,77.613,76.881,76.099,75.415,63.595,63.448,63.302,63.058,62.862,62.618,62.374,62.032,61.788,61.544,61.495,61.885,63.155,66.184,71.557,79.372,88.847,98.812,108.29,116.74,124.02,129.93,134.66,138.18,140.62,141.99,142.67,142.72,142.28,141.6,140.72,139.79,138.77,137.74,136.67,135.64,134.42,133.2,131.88,130.32,128.51,126.36,123.82,120.79,117.37,113.51,109.26,104.87,100.47,96.369,92.853,90.117,88.115,86.747,85.917,85.575,85.428,85.477,85.624,85.721,85.819,85.819,85.673,85.379,84.989,84.549,84.012,83.279,82.547,81.814,80.984,80.153,79.323,78.492,77.662,76.929,76.099,75.415,74.731,74.048,73.364,72.729,72.094,71.557,70.97,70.482,69.945,69.505,68.968,68.528,68.089,67.747,67.356,66.965,66.623,66.281,65.988,65.744,65.402,65.256,65.012,64.816,64.572,64.279,64.132,63.839,63.742,63.546,63.351,63.253,63.058,62.862,62.618,62.423,62.227,61.983,61.788,61.544,61.348,61.104,61.006,61.104,61.885,63.986,68.382,75.366,84.5,94.611,104.62,113.76,121.62,128.17,133.54,137.74,140.72,142.67,143.75,144.19,144.04,143.6,142.92,142.14,141.16,140.33,139.35,138.42,137.35,136.18,134.91,133.44,131.73,129.68,127.29,124.55,121.43,117.86,113.9,109.66,105.16,100.81,96.662,93.195,90.362,88.31,86.845,85.966,85.575,85.428,85.477,85.624,85.721,85.819,85.721,85.477,85.184,84.745,84.158,83.572,82.791,82.058,81.228,80.349,79.469,78.59,77.76,76.929,76.05,75.318,74.536,73.852,73.168,72.485,71.85,71.215,70.677,70.091,69.554,69.066,68.528,68.089,67.747,67.356,66.965,66.623,66.281,65.988,65.695,65.353,65.109,64.865,64.621,64.377,64.132,63.937,63.693,63.448,63.253,63.009,62.814,62.618,62.423,62.276,62.13,61.934,61.739,61.544,61.348,61.104,60.86,60.567,60.225,59.932,59.736,59.687,60.127,61.544,64.816,70.531,78.688,88.261,98.03,107.31,115.57,122.55,128.31,132.76,135.93,137.98,139.06,139.5,139.3,138.81,137.98,137.01,135.98,134.91,133.78,132.76,131.68,130.51,129.24,127.73,125.97,124.02,121.57,118.69,115.37,111.61,107.51,103.11,98.812,94.758,91.387,88.75,86.845,85.624,84.842,84.5,84.403,84.549,84.745,84.989,85.135,85.184,85.135,84.842,84.549,84.158,83.621,82.986,82.351,81.618,80.935,80.104,79.323,78.541,77.76,76.978,76.246,75.415,74.683,73.901,73.217,72.533,71.996,71.41,70.922,70.531,70.287,70.238,70.726,72.24,75.366,80.593,87.822,96.369,105.31,113.81,121.28,127.68,132.76,136.57,139.25,140.72,141.35,141.26,140.62,139.6,138.42,137.11,135.74,134.37,132.86,131.29,129.68,84.354,83.816,83.182,82.449,81.618,80.788,79.909,79.03,78.199,77.32,76.49,75.66,74.927,74.097,73.364,72.68,71.996,71.361,70.824,70.238,69.749,69.261,68.821,68.382,67.942,67.551,67.161,66.868,66.526,66.281,65.988,65.744,65.5,65.256,64.914,64.67,64.377,64.132,63.937,63.693,63.448,63.253,63.009,62.814,62.618,62.374,62.179,61.934,61.739,61.495,61.299,61.104,60.909,60.713,60.567,60.42,60.225,60.029,59.883,59.736,59.59,59.492,59.346,59.248,59.101,59.053,58.906,58.759,58.613,58.466,58.662,59.59,62.179,67.405,75.757,86.503,98.03,109.12,118.94,127.39,134.42,140.04,144.24,147.17,148.97,149.85,150.05,149.66,149.07,148.19,147.26,146.29,145.31,144.38,143.5,142.58,141.55,140.38,139.01,137.35,135.44,133.1,130.41,127.24,123.62,119.47,114.93,110.19,105.36,100.72,96.614,93.195,90.557,88.75,87.529,86.943,86.601,86.601,86.747,86.943,86.991,86.991,86.845,86.601,86.259,85.673,85.038,84.305,83.475,82.693,81.814,80.886,80.007,79.127,78.297,77.467,76.734,76.05,75.366,74.683,74.048,73.413,72.875,72.289,71.752,71.166,70.726,70.287,69.847,69.505,69.114,68.821,68.431,68.089,67.844,67.551,67.307,67.063,66.819,66.623,66.379,66.135,65.842,65.598,65.402,65.158,64.914,64.718,64.474,64.279,64.181,63.986,63.79,63.595,63.351,63.107,62.862,62.618,62.374,62.032,61.885,61.788,62.13,63.302,66.135,71.312,79.03,88.554,98.567,108.04,116.64,123.92,129.97,134.81,138.33,140.67,141.94,142.38,142.23,141.6,140.67,139.6,138.47,137.25,135.98,134.81,133.54,132.32,130.95,129.49,127.73,125.68,123.18,120.25,116.79,112.88,108.53,104.04,99.593,95.539,92.218,89.727,88.066,86.943,86.308,86.063,86.063,86.259,86.356,86.405,86.503,86.405,86.259,85.868,85.428,84.842,84.256,83.572,82.84,82.156,81.472,80.739,80.007,79.225,78.492,77.76,76.978,76.294,75.562,74.878,74.194,73.559,72.924,72.387,71.85,71.41,70.97,70.629,70.287,69.945,69.603,69.359,69.114,68.87,68.675,68.431,68.186,67.942,67.747,67.503,67.307,67.112,66.868,66.672,66.428,66.233,65.988,65.793,65.598,65.402,65.158,65.06,64.865,64.718,64.621,64.425,64.23,64.132,63.937,63.742,63.693,63.839,64.718,66.916,71.215,78.053,86.991,96.907,106.82,115.81,123.62,130.17,135.35,139.35,142.14,143.8,144.63,144.73,144.29,143.6,142.67,141.7,140.62,139.55,138.42,137.3,136.13,134.86,133.49,131.98,130.22,128.12,125.63,122.7,119.33,115.42,111.17,106.68,102.18,98.03,94.562,91.778,89.727,88.31,87.382,86.796,86.552,86.503,86.503,86.552,86.601,86.552,86.356,86.112,85.673,85.184,84.549,83.865,83.182,82.449,81.618,80.788,80.007,79.176,78.346,77.564,76.783,76.05,75.366,74.634,73.999,73.364,72.778,72.24,71.752,71.215,70.726,70.238,69.798,69.359,68.968,68.626,68.235,67.844,67.551,67.307,66.965,66.672,66.428,66.135,65.842,65.598,65.353,65.06,64.865,64.621,64.474,64.279,64.132,63.937,63.79,63.595,63.448,63.253,63.009,62.716,62.472,62.276,62.13,62.179,62.814,64.621,68.528,75.122,84.11,94.513,105.01,114.69,123.14,130.17,135.93,140.33,143.36,145.36,146.43,146.73,146.53,146.04,145.31,144.58,143.7,142.87,141.99,141.11,140.23,139.16,137.98,136.62,135.01,133.1,130.85,128.26,125.24,121.82,117.91,113.76,109.31,104.82,100.47,96.614,93.439,90.948,89.189,88.066,87.382,87.138,87.04,87.138,87.187,87.187,87.138,86.991,86.747,86.308,85.819,85.184,84.5,83.67,82.84,82.058,81.179,80.251,79.421,78.541,77.76,76.978,76.197,75.415,74.731,74.048,73.364,72.729,72.192,71.605,71.117,70.677,70.189,69.798,69.359,68.968,68.528,68.235,67.844,67.551,67.258,66.916,66.623,66.379,66.135,65.842,65.598,65.305,65.06,64.865,64.621,64.425,64.23,64.035,63.937,63.742,63.546,63.351,63.155,62.911,62.667,62.423,62.227,62.179,62.472,63.595,66.379,71.605,79.469,89.238,99.593,109.56,118.5,126.07,132.37,137.35,141.01,143.46,144.87,145.41,145.41,145.02,144.24,143.36,142.38,141.35,140.33,139.16,137.98,136.76,135.49,134.13,132.56,130.66,128.41,125.82,122.7,119.13,115.13,110.73,106.19,101.6,97.297,93.683,90.752,88.554,87.04,86.112,85.624,85.428,85.477,85.624,85.721,85.868,85.868,85.673,85.428,84.989,84.5,83.865,83.133,82.351,81.472,80.593,79.762,78.786,78.004,77.125,76.294,75.562,74.731,74.048,73.315,72.631,71.947,71.312,70.726,70.189,69.652,69.163,68.724,68.382,67.991,67.6,67.258,66.916,66.623,66.281,65.988,65.744,65.5,65.256,65.06,64.816,64.621,64.377,64.181,63.986,63.79,63.693,63.546,63.448,63.302,63.155,63.009,62.814,62.618,62.423,62.179,61.934,61.739,61.592,61.69,62.227,64.035,67.747,74.048,82.791,92.853,103.06,112.44,120.55,127.43,133.05,137.54,140.72,142.82,143.85,144.14,143.85,143.26,142.28,141.26,139.99,138.77,137.45,136.08,134.76,133.3,131.78,130.17,128.26,125.97,123.28,120.16,116.54,112.49,108.19,103.7,99.349,95.49,92.218,89.727,87.968,86.845,86.259,85.966,85.917,86.063,86.259,86.356,60.86,60.664,60.567,60.469,60.371,60.225,60.029,59.932,59.736,59.541,139.5,138.77,137.98,137.2,136.23,135.2,133.98,132.56,130.85,128.8,126.36,123.58,120.25,116.49,112.44,108.04,103.6,99.349,95.637,92.511,90.117,88.408,87.284,86.698,86.356,86.356,86.405,86.552,86.601,86.601,86.503,86.308,85.917,85.428,84.842,84.158,83.377,82.595,81.716,80.935,80.055,79.176,78.444,77.613,76.881,76.099,75.366,74.683,73.999,73.364,72.729,72.192,71.605,71.117,70.629,70.091,69.652,69.261,68.821,68.431,68.04,67.698,67.307,66.965,66.672,66.428,66.135,65.793,65.549,65.256,65.012,64.67,64.425,64.181,63.937,63.693,63.448,63.107,62.862,62.618,62.374,62.13,61.885,61.592,61.446,61.251,61.055,60.86,60.616,60.42,60.322,60.127,59.981,59.883,59.736,59.59,59.492,59.346,59.15,59.004,58.808,58.613,58.613,59.101,60.664,64.132,70.091,78.492,88.31,98.177,107.41,115.61,122.55,128.31,132.95,136.42,138.86,140.43,141.31,141.6,141.5,141.11,140.57,139.89,139.11,138.42,137.69,136.91,136.18,135.3,134.37,133.25,131.88,130.22,128.26,125.92,123.23,120.11,116.49,112.49,108.24,103.84,99.593,95.783,92.608,90.117,88.359,87.187,86.552,86.308,86.259,86.356,86.503,86.601,86.698,86.601,86.405,86.112,85.624,85.038,84.403,83.719,82.986,82.156,81.423,80.593,79.811,78.981,78.199,77.418,76.734,76.099,75.611,75.366,75.415,76.246,78.346,82.253,88.066,95.344,103.35,111.32,118.69,124.99,130.17,134.13,136.86,138.57,139.25,139.16,138.47,137.35,135.98,134.42,132.76,131,129.09,127.19,124.94,122.5,119.67,116.49,112.93,108.97,104.82,100.47,96.223,92.315,88.994,86.405,84.696,83.67,83.182,83.133,83.377,83.719,84.158,84.598,84.94,85.038,84.989,84.793,84.403,83.914,83.279,82.595,81.863,81.032,80.153,79.372,78.492,77.613,76.734,75.904,75.171,74.341,73.657,72.973,72.289,71.752,71.117,70.629,70.091,69.603,69.163,68.724,68.284,67.991,67.6,67.307,66.965,66.672,66.428,66.135,65.842,65.549,65.305,65.06,64.816,64.572,64.377,64.132,63.937,63.693,63.448,63.253,63.009,62.716,62.569,62.276,62.032,61.885,61.592,61.446,61.153,61.006,60.811,60.616,60.42,60.225,60.029,59.883,59.687,59.541,59.346,59.15,59.004,58.857,58.759,58.613,58.564,58.418,58.369,58.222,58.173,58.027,57.88,57.734,57.587,57.538,57.783,58.808,61.544,67.161,76.099,87.382,99.251,110.24,119.81,127.87,134.57,139.74,143.6,146.19,147.8,148.53,148.73,148.49,147.95,147.31,146.53,145.8,145.07,144.24,143.5,142.67,141.79,140.72,139.55,138.13,136.42,134.37,131.88,129,125.68,121.87,117.67,113.12,108.43,103.84,99.593,95.979,93.097,90.997,89.482,88.554,88.066,87.822,87.724,87.822,87.822,87.724,87.626,87.382,86.991,86.503,85.917,85.233,84.403,83.621,82.742,81.863,80.935,80.055,79.176,78.297,77.418,76.685,75.904,75.171,74.438,73.803,73.168,72.533,71.996,71.508,70.97,70.482,69.994,69.603,69.163,68.821,68.431,68.04,67.747,67.356,67.063,66.721,66.428,66.184,65.842,65.549,65.305,65.06,64.816,64.572,64.279,64.035,63.79,63.497,63.253,63.058,62.814,62.618,62.374,62.13,61.934,61.69,61.495,61.299,61.104,60.909,60.811,60.616,60.42,60.225,60.029,59.883,59.687,59.492,59.248,59.004,58.759,58.564,58.613,59.297,61.299,65.402,72.289,81.374,91.485,101.35,110.39,118.2,124.8,130.17,134.32,137.3,139.25,140.38,140.82,140.72,140.38,139.74,138.91,138.03,137.25,136.42,135.64,134.76,133.78,132.81,131.68,130.32,128.7,126.6,124.26,121.38,118.01,114.2,110.05,105.7,101.35,97.346,93.878,91.094,89.043,87.675,86.747,86.308,86.161,86.161,86.308,86.405,86.552,86.552,86.405,86.161,85.819,85.233,84.598,83.914,83.182,82.351,81.57,80.69,79.86,79.03,78.199,77.418,76.636,75.855,75.171,74.487,73.852,73.217,72.68,72.094,71.605,71.117,70.629,70.189,69.749,69.359,68.968,68.626,68.284,67.942,67.6,67.307,66.965,66.672,66.379,66.135,65.842,65.598,65.353,65.06,64.816,64.572,64.279,64.035,63.79,63.546,63.351,63.107,62.911,62.667,62.472,62.227,62.032,61.885,61.592,61.446,61.251,61.104,61.006,60.86,60.713,60.616,60.469,60.42,60.225,60.029,59.883,59.687,59.59,59.785,60.713,63.253,67.991,75.464,84.989,95.295,105.16,114.05,121.72,128.12,133.3,137.3,140.13,141.94,143.02,143.5,143.55,143.31,142.92,142.43,141.79,141.16,140.48,139.74,138.91,138.03,137.11,136.08,134.86,133.44,131.63,129.49,126.99,124.06,120.6,116.79,112.63,108.19,103.74,99.544,95.93,92.95,90.655,89.092,88.115,87.529,87.284,87.236,87.284,87.284,87.382,87.284,87.138,86.796,86.308,85.721,85.038,84.305,83.475,82.595,81.716,80.886,80.007,79.03,78.199,77.32,76.49,75.757,74.976,74.243,73.559,72.924,72.289,71.752,71.166,70.677,70.189,69.749,69.31,68.919,68.479,68.089,67.796,67.405,67.112,66.721,66.428,66.184,65.842,65.549,65.256,65.012,64.718,64.474,64.23,63.986,63.742,63.497,63.302,63.107,62.911,62.716,62.569,62.276,62.13,61.934,61.739,61.544,61.446,61.299,61.153,61.006,60.86,60.713,60.567,60.371,60.127,59.932,59.736,59.59,59.59,60.127,61.739,65.305,71.41,79.86,89.629,99.495,108.63,116.69,123.58,129.19,133.69,137.06,139.35,140.82,141.5,141.7,141.45,141.01,140.43,139.79,139.06,138.33,137.59,136.86,136.08,135.2,134.13,132.95,131.54,129.88,127.83,125.38,122.5,119.18,115.42,111.32,106.97,102.62,98.567,95.051,92.218,90.166,88.799,87.919,87.48,87.382,87.431,87.626,87.724,87.822,87.724,87.529,87.284,86.943,86.405,85.868,85.184,84.403,83.67,82.937,82.107,81.374,80.544,79.811,79.03,78.297,77.564,76.783,76.05,75.366,74.683,74.048,73.413,72.875,72.289,71.801,71.361,71.068,70.873,70.873,71.361,72.924,76.197,81.618,89.043,97.786,106.82,115.17,122.55,128.75,133.74,137.54,140.23,141.79,142.48,142.58,142.14,141.35,140.48,139.5,138.42,137.35,136.23,135.1,133.88,132.56,131.05,129.39,127.39,124.99,122.16,118.89,115.13,110.97,106.53,102.13,97.884,94.171,91.29,89.189,87.724,86.991,86.601,86.601,86.796,87.04,87.187,87.284,87.284,87.138,86.845,86.405,85.917,85.233,84.549,83.719,82.84,82.009,81.179,80.3,79.469,78.688,77.858,77.027,76.294,75.611,74.927,74.243,73.657,73.071,72.533,72.045,71.557,71.068,70.629,70.189,69.798,69.407,69.066,68.675,68.382,68.04,67.747,67.405,67.112,66.819,66.477,66.184,65.842,65.598,65.353,65.109,64.865,64.621,64.377,64.181,63.937,63.742,63.497,63.302,63.058,62.862,62.667,62.423,62.227,61.983,61.788,61.592,61.348,61.153,61.006,60.811,60.616,60.42,60.225,60.127,59.932,59.736,59.59,59.492,59.346,59.248,59.15,59.053,59.004,58.857,58.662,58.466,58.369,58.222,58.418,59.248,61.592,66.477,74.536,85.038,96.467,107.36,116.93,125.19,132.07,137.59,141.79,144.82,146.68,147.7,148,147.95,147.51,146.97,146.39,145.75,145.12,144.58,143.85,143.16,142.28,141.35,140.18,138.81,137.2,135.25,132.95,130.22,127.04,123.48,119.47,115.13,110.49,105.8,101.45,97.542,94.367,92.071,90.362,89.385,88.799,88.603,88.603,88.701,88.75,88.701,88.603,88.359,87.968,87.431,86.845,86.112,85.379,84.5,83.572,82.693,81.716,80.886,80.007,79.176,78.346,77.613,76.783,76.099,75.366,74.731,74.097,73.51,72.924,72.387,71.801,71.312,70.873,70.433,69.994,69.603,69.261,68.919,68.528,68.235,67.942,67.6,67.307,67.063,66.721,66.428,66.184,65.842,65.598,65.353,65.109,64.865,64.67,64.425,64.181,63.986,63.742,63.497,63.253,63.009,62.716,62.569,62.374,62.179,62.032,61.885,61.739,61.592,61.446,61.251,61.006,60.811,60.567,60.371,60.225,60.225,60.616,61.885,64.718,69.994,77.809,87.382,97.346,106.92,115.42,122.75,128.8,133.69,137.45,140.04,141.6,142.43,142.62,142.38,141.79,141.06,140.23,139.35,138.42,137.5,136.57,135.54,134.52,133.3,131.88,130.22,128.26,125.92,123.14,119.86,116.2,112.05,107.7,103.31,99.105,95.49,92.608,90.508,88.994,88.115,87.626,87.431,87.48,87.626,87.675,87.822,87.822,87.626,87.382,86.943,86.405,85.819,85.038,84.256,83.426,82.595,81.716,80.935,80.055,79.176,78.346,77.564,76.783,76.05,75.318,74.634,73.999,73.413,72.875,72.387,71.85,71.361,70.922,70.482,70.091,69.749,69.359,68.968,68.626,68.284,67.942,67.698,67.356,67.063,66.819,66.477,66.233,65.94,65.744,65.5,65.256,65.012,64.718,64.474,64.23,63.986,63.79,63.546,63.351,63.155,63.009,62.716,62.618,62.423,62.276,62.227,62.032,61.885,61.592,61.446,61.153,61.006,61.006,61.299,62.423,65.158,70.287,77.906,87.48,97.688,107.51,116.25,123.72,129.97,135.05,138.91,141.7,143.46,144.38,144.73,144.68,144.38,143.85,143.31,142.72,142.19,141.55,140.87,140.04,139.16,138.18,137.01,135.54,133.93,131.98,129.73,127.04,124.02,120.45,116.49,112.1,107.6,103.16,99.056,95.49,92.657,90.557,89.189,88.31,87.822,87.626,87.626,87.675,87.822,87.822,87.626,87.382,86.943,86.405,85.819,85.135,84.305,83.475,82.595,81.716,80.886,80.055,79.225,78.346,77.564,76.783,76.05,75.366,74.634,73.901,73.315,72.68,72.094,71.605,71.068,70.531,70.091,69.652,69.261,68.87,68.479,68.186,67.844,67.551,67.307,66.965,66.672,66.428,66.233,65.988,65.744,65.5,65.158,65.012,64.718,64.474,64.181,63.937,63.693,63.448,63.253,63.058,62.862,62.667,62.423,62.179,61.983,61.788,61.544,61.299,61.006,60.713,60.567,60.42,60.567,61.299,63.351,67.551,74.341,83.182,92.999,102.67,111.51,119.23,125.72,131,135.1,138.18,140.23,141.5,142.04,142.19,141.94,141.55,141.01,140.38,139.74,139.06,138.42,137.74,136.91,136.08,134.91,133.64,132.07,130.12,127.83,124.99,121.67,117.91,113.76,109.31,104.82,100.57,96.907,93.927,91.729,90.215,89.238,88.701,88.408,88.359,88.408,88.506,88.554,88.506,88.31,87.968,87.626,87.138,86.503,85.819,84.989,84.158,83.377,82.547,81.716,80.935,80.104,79.323,78.59,77.858,77.223,76.636,76.001,75.415,74.878,74.243,73.657,73.12,72.533,71.996,71.508,71.068,70.677,70.287,69.994,69.798,69.798,70.238,71.654,74.878,80.251,87.871,96.907,106.38,115.32,123.18,129.88,135.3,139.55,142.48,144.29,145.26,145.41,145.12,144.58,143.8,143.02,142.19,141.45,140.62,139.89,139.01,138.03,136.91,135.54,133.88,131.88,129.49,126.7,123.43,119.67,115.47,111.07,106.43,101.99,98.03,94.758,92.218,90.557,89.482,88.994,88.799,88.847,88.994,89.189,89.238,89.238,89.043,88.75,88.359,87.822,87.138,86.308,85.477,84.549,83.67,82.742,81.814,80.788,79.909,79.03,78.199,77.369,76.636,75.855,75.171,74.536,73.901,73.364,72.778,72.24,71.752,71.215,70.824,70.384,69.945,69.505,69.114,68.821,68.479,68.186,67.844,67.551,67.258,66.916,66.672,66.379,66.135,65.793,65.549,65.305,65.06,64.816,64.572,64.377,64.132,63.839,63.693,63.448,63.155,62.911,62.667,62.472,62.227,62.032,61.885,61.592,61.446,61.251,61.006,60.811,60.664,60.567,60.42,60.371,60.322,60.176,60.029,59.932,59.736,59.59,59.443,59.248,59.053,59.004,59.15,60.127,62.667,67.844,76.05,86.405,97.493,107.95,117.18,125.19,131.93,137.3,141.35,144.24,146.04,146.97,147.36,147.31,146.97,146.53,146.04,145.56,145.07,144.48,143.85,143.11,142.28,141.31,140.18,138.81,137.25,135.44,133.2,130.51,127.39,123.72,119.62,115.17,110.63,106.04,101.89,98.421,95.734,93.781,92.511,91.68,91.29,91.094,91.045,90.997,90.948,90.85,90.606,90.313,89.824,89.238,88.554,87.822,86.991,86.161,85.282,84.354,83.475,82.693,81.814,80.935,80.104,79.323,78.541,77.809,77.125,76.441,75.806,75.171,74.634,74.097,73.608,73.12,72.533,72.094,71.654,71.215,70.873,70.482,70.091,69.749,69.407,69.114,68.821,68.479,68.186,67.942,67.6,67.307,67.063,66.721,66.477,66.233,66.037,65.793,65.598,65.402,65.256,65.06,64.865,64.67,64.425,64.23,64.035,63.79,63.546,63.302,63.009,62.814,62.716,63.058,64.132,66.721,71.801,79.469,89.092,99.349,109.17,117.86,125.38,131.54,136.57,140.33,142.92,144.58,145.36,145.6,145.56,145.16,144.63,144.04,143.36,142.67,141.94,141.16,140.38,139.5,138.47,137.35,135.93,134.22,132.17,129.63,126.7,123.23,119.42,115.17,110.68,106.14,101.69,97.737,94.513,92.12,90.508,89.482,88.994,88.799,88.847,88.994,89.043,89.092,89.043,88.945,88.603,88.164,87.529,86.845,86.112,85.282,84.403,83.572,82.693,81.716,80.788,79.909,79.03,78.199,77.32,76.49,75.757,74.976,74.243,73.559,72.924,72.387,71.801,71.312,70.824,70.287,69.847,69.505,69.066,68.675,68.284,67.942,67.551,67.161,66.868,66.526,66.233,65.94,65.695,65.353,65.06,64.816,64.572,64.279,63.986,63.742,63.497,63.302,63.058,62.862,62.716,62.569,62.423,62.227,62.032,61.885,61.69,61.495,61.251,61.006,60.86,61.055,61.983,64.377,69.114,76.49,85.868,95.93,105.6,114.34,121.91,128.26,133.34,137.25,139.99,141.75,142.67,143.06,142.92,142.58,141.99,141.31,140.62,139.89,139.11,138.38,137.54,136.67,135.64,134.32,132.76,130.8,128.51,125.82,122.6,118.98,114.93,110.53,105.99,101.55,97.493,94.123,91.485,89.678,88.506,87.724,87.431,87.382,87.48,87.675,87.724,87.822,87.675,87.48,87.187,86.698,86.063,85.428,84.696,83.865,83.035,82.253,81.423,80.593,79.811,78.981,78.248,77.564,76.881,76.246,75.611,74.976,74.341,73.803,73.315,72.875,72.387,71.947,71.508,71.068,70.677,70.384,69.994,69.652,69.359,69.066,68.724,68.431,68.186,67.844,67.551,67.307,67.063,66.819,66.526,66.379,66.135,65.842,65.695,65.5,65.305,65.109,64.914,64.718,64.572,64.279,64.132,63.839,63.595,63.302,63.058,62.862,62.862,63.302,64.914,68.528,74.683,83.23,93.195,103.31,112.68,120.94,127.87,133.49,137.94,141.26,143.46,144.73,145.31,145.36,145.12,144.63,144.04,143.36,142.72,142.04,141.31,140.48,139.69,138.77,137.74,136.57,135.05,133.2,130.95,128.17,124.99,121.38,117.23,112.78,108.24,103.74,99.691,96.223,93.536,91.632,90.313,89.482,89.092,88.994,88.994,89.043,89.043,88.994,88.847,88.554,88.115,87.529,86.943,86.161,85.379,84.549,83.719,82.84,82.009,81.13,80.251,79.421,78.688,77.858,77.125,76.441,75.66,74.976,74.341,73.803,73.217,72.68,72.192,71.654,71.215,70.824,70.384,69.994,69.603,69.31,68.919,68.626,68.284,67.991,67.698,67.405,67.161,66.868,66.623,66.379,66.184,65.842,65.598,65.353,65.158,65.012,64.816,64.67,64.474,64.23,64.035,63.79,63.546,63.302,63.009,62.716,62.423,62.13,61.885,61.885,62.423,64.23,68.089,74.634,83.426,93.488,103.55,112.88,120.99,127.87,133.54,138.03,141.31,143.46,144.68,145.31,145.36,145.16,144.68,144.04,143.36,142.67,141.99,141.26,140.43,139.55,138.62,137.5,136.13,134.57,132.61,130.32,127.53,124.31,120.6,116.49,112.05,107.51,103.01,98.909,95.637,92.999,91.094,89.873,89.092,88.75,88.701,88.701,88.701,88.701,88.554,88.359,88.066,87.626,86.991,86.308,85.575,84.793,83.914,83.133,82.302,81.423,80.593,79.762,78.932,78.199,77.418,76.685,75.904,75.22,74.536,73.901,73.364,72.778,72.289,71.801,71.312,70.873,70.433,70.042,69.652,69.359,69.066,68.724,68.479,68.235,67.991,67.796,83.914,83.572,83.377,83.182,82.986,82.742,82.351,81.912,81.423,80.886,80.251,79.469,78.737,78.004,77.174,76.343,75.611,74.878,74.048,73.217,72.436,71.752,71.068,70.384,69.749,69.114,68.479,67.942,67.356,66.819,66.379,65.988,65.5,65.012,64.572,64.23,63.986,63.546,63.155,62.862,62.569,62.227,61.983,61.739,61.495,61.251,61.006,60.664,60.322,59.981,59.736,59.541,59.297,59.101,58.906,58.759,58.564,58.369,58.222,58.027,57.783,57.49,57.196,56.855,56.61,56.366,56.366,56.757,58.124,61.153,66.281,73.51,81.667,89.873,97.102,103.35,108.68,113.32,117.32,120.69,123.43,125.63,127.29,128.61,129.53,130.17,130.66,130.95,131.05,131,130.76,130.36,129.88,129.05,127.87,126.51,124.8,122.84,120.35,117.37,113.86,110,105.75,101.3,97.053,93.243,90.069,87.626,85.819,84.549,83.67,83.133,82.791,82.547,82.351,82.107,81.814,81.423,80.935,80.349,79.811,79.127,78.444,77.662,76.929,76.099,75.318,74.487,73.755,72.924,72.045,71.117,70.287,69.603,68.968,68.235,67.551,66.965,66.477,65.94,65.402,64.914,64.474,64.035,63.693,63.302,62.911,62.569,62.227,61.934,61.544,61.251,60.86,60.567,60.225,59.981,59.687,59.443,59.15,58.906,58.759,58.466,58.173,57.929,57.734,57.538,57.343,57.196,57.001,56.806,56.659,56.317,55.878,55.536,55.438,55.34,55.438,56.122,58.173,62.179,68.382,76.197,84.403,92.12,98.812,104.43,109.26,113.42,116.98,119.91,122.45,124.41,126.12,127.39,128.41,129.29,130.07,130.56,130.95,131.1,131.05,130.8,130.17,129.39,128.31,126.95,125.24,123.18,120.69,117.76,114.34,110.49,106.28,101.94,97.591,93.536,90.117,87.431,85.379,83.914,82.937,82.302,81.912,81.667,81.423,81.179,80.788,80.349,79.86,79.323,78.737,78.102,77.369,76.636,75.806,74.976,74.243,73.413,72.631,71.85,71.068,70.287,69.554,68.87,68.235,67.6,66.965,66.477,65.988,65.549,65.109,64.67,64.181,63.693,63.253,62.814,62.423,61.983,61.592,61.251,61.055,60.909,60.86,60.616,60.371,60.176,59.981,59.785,59.541,59.346,59.15,59.053,58.857,58.613,58.418,58.173,57.929,57.734,57.538,57.294,57.001,56.659,56.415,56.22,56.073,55.975,56.317,57.343,59.932,64.621,71.215,79.03,86.845,93.927,99.984,105.26,109.75,113.61,116.93,119.77,122.01,123.72,125.04,126.07,126.8,127.39,127.68,127.92,128.12,128.17,128.12,127.87,127.24,126.36,125.14,123.58,121.67,119.33,116.49,113.12,109.36,105.31,101.06,96.858,93.048,89.824,87.284,85.428,84.11,83.23,82.547,82.107,81.814,81.57,81.228,80.935,80.495,80.007,79.469,78.883,78.248,77.564,76.881,76.197,75.415,74.683,73.901,73.217,72.485,71.801,71.117,70.433,69.749,69.066,68.382,67.796,67.161,66.623,65.988,65.353,64.816,64.279,63.839,63.448,63.009,62.814,63.058,64.132,66.526,70.873,76.978,84.354,91.973,99.007,104.92,109.85,114.05,117.47,120.3,122.5,124.16,125.38,126.26,126.85,127.39,127.68,127.83,127.73,127.48,127.14,126.56,125.82,124.7,123.28,121.57,119.42,116.98,114.05,110.53,106.68,102.57,98.225,94.171,90.557,87.626,85.282,83.67,82.498,81.814,81.423,81.179,80.984,80.788,80.593,80.3,80.007,79.469,78.883,78.248,77.564,76.734,75.855,74.927,74.097,73.217,72.387,71.508,70.677,69.847,69.114,68.431,67.796,67.112,66.428,65.842,65.305,64.816,64.279,63.79,63.351,63.009,62.569,62.179,61.739,61.446,61.055,60.713,60.42,60.029,59.687,59.443,59.101,58.808,58.418,58.124,57.783,57.49,57.196,56.903,56.659,56.464,56.317,56.122,55.878,55.536,55.292,55.047,54.852,54.657,54.412,54.168,53.875,53.631,53.435,53.191,52.996,52.8,52.605,52.41,52.312,52.166,52.068,51.921,51.726,51.433,51.189,50.993,50.993,51.433,52.996,56.464,62.472,70.629,79.567,87.968,95.295,101.45,106.82,111.51,115.57,118.94,121.72,124.02,125.92,127.48,128.7,129.53,130.32,130.95,131.44,131.73,131.88,131.78,131.49,130.95,130.07,128.95,127.39,125.48,123.14,120.35,117.03,113.37,109.26,104.87,100.42,96.125,92.364,89.238,86.845,85.135,83.865,83.035,82.498,82.107,81.814,81.472,81.179,80.739,80.3,79.762,79.03,78.297,77.564,76.783,76.05,75.318,74.536,73.755,72.973,72.289,71.557,70.824,70.091,69.407,68.724,68.089,67.503,66.868,66.281,65.744,65.256,64.67,64.23,63.79,63.351,62.911,62.569,62.179,61.885,61.544,61.153,60.811,60.469,60.225,60.029,59.883,59.59,59.443,59.15,59.004,58.759,58.564,58.369,58.124,57.929,57.783,57.587,57.49,57.294,57.05,56.855,56.659,56.464,56.22,55.975,55.731,55.536,55.438,55.731,56.806,59.248,63.693,70.091,77.809,85.721,92.999,99.105,104.28,108.68,112.44,115.61,118.2,120.25,121.87,123.18,124.16,124.99,125.48,125.87,126.12,126.26,126.26,125.97,125.48,124.7,123.67,122.31,120.55,118.35,115.76,112.68,109.26,105.36,101.3,97.2,93.243,89.824,87.04,85.038,83.621,82.595,81.912,81.472,81.179,80.886,80.69,80.349,80.055,79.616,79.176,78.688,78.053,77.369,76.685,75.904,75.22,74.438,73.657,72.924,72.094,71.312,70.531,69.798,69.066,68.284,67.698,67.063,66.477,65.94,65.402,64.914,64.425,63.986,63.497,63.107,62.814,62.423,61.983,61.544,61.153,60.86,60.616,60.322,60.029,59.785,59.541,59.297,59.004,58.759,58.418,58.124,57.88,57.587,57.441,57.245,57.05,56.806,56.61,56.415,56.317,56.073,55.878,55.633,55.34,55.096,54.852,54.657,54.803,55.487,57.441,61.251,67.161,74.878,83.133,90.85,97.444,102.82,107.41,111.51,114.98,117.91,120.45,122.55,124.31,125.68,126.8,127.73,128.41,129,129.39,129.63,129.73,129.63,129.29,128.61,127.73,126.56,124.99,123.14,120.79,118.06,114.88,111.22,107.31,103.16,98.86,94.806,91.192,88.164,85.868,84.158,82.986,82.156,81.667,81.374,81.13,80.886,80.495,80.104,79.665,79.127,78.492,77.809,77.027,76.343,75.611,74.878,74.048,73.217,72.387,71.508,70.677,69.847,69.066,68.284,67.6,66.916,66.233,65.695,65.06,64.474,63.986,63.546,63.155,62.814,62.423,62.032,61.592,61.153,60.909,60.616,60.225,59.932,59.541,59.297,59.053,58.808,58.613,58.369,58.124,57.88,57.587,57.441,57.196,57.001,56.806,56.659,56.464,56.366,56.171,55.975,55.731,55.487,55.243,54.901,54.657,54.51,54.559,55.194,56.806,60.176,65.598,72.778,80.69,88.066,94.318,99.593,104.14,108.04,111.56,114.54,117.13,119.18,120.89,122.26,123.28,124.26,124.99,125.63,126.12,126.36,126.41,126.26,125.82,125.14,124.11,122.84,121.23,119.18,116.74,113.86,110.49,106.68,102.62,98.421,94.513,91.045,88.261,86.161,84.598,83.475,82.693,82.156,81.814,81.423,81.032,80.739,80.446,80.007,79.421,78.883,78.248,77.564,76.783,76.05,75.366,74.634,73.901,73.168,72.289,71.557,70.824,70.042,69.359,68.626,67.942,67.307,66.721,66.184,65.598,65.06,64.572,64.035,63.595,63.155,62.814,62.374,61.983,61.69,61.348,61.055,60.811,60.469,60.225,59.981,59.736,59.443,59.101,58.808,58.564,58.32,58.027,57.88,57.685,57.441,57.245,57.001,56.806,56.61,56.415,56.22,55.975,55.78,55.487,55.243,55.047,55.194,55.926,57.978,61.983,68.235,75.904,84.012,91.436,97.737,103.11,107.6,111.51,114.78,117.62,120.01,122.01,123.62,124.94,126.07,127.04,127.87,128.51,129,129.29,129.39,129.24,128.95,128.36,127.39,126.12,124.55,122.75,120.5,117.81,114.69,111.12,107.16,103.06,98.86,95.002,91.632,88.799,86.698,85.135,84.11,83.377,82.937,82.547,82.253,81.912,81.57,81.13,80.544,79.909,79.225,78.541,77.809,76.978,76.197,75.366,74.536,73.803,72.973,72.24,71.508,70.824,70.189,69.554,68.968,68.382,67.796,67.307,66.868,84.061,83.816,83.475,83.182,82.742,82.156,81.618,80.984,80.446,79.762,79.03,78.444,77.76,77.125,76.441,75.757,75.122,74.487,73.852,73.315,72.68,72.045,71.508,70.97,70.482,70.091,69.652,69.261,68.821,68.431,68.04,67.747,67.356,67.063,66.721,66.428,66.184,65.94,65.695,65.402,65.256,65.109,64.914,64.816,64.621,64.425,64.279,64.035,63.839,63.595,63.351,63.107,62.862,62.667,62.618,62.862,64.035,66.819,71.801,79.03,87.626,96.174,103.84,110.39,115.86,120.45,124.16,127.19,129.39,130.85,131.93,132.61,133,133.2,133.2,133.05,132.76,132.37,131.88,131.2,130.41,129.53,128.51,127.19,125.63,123.72,121.48,118.94,115.91,112.54,108.87,104.87,100.81,96.907,93.488,90.801,88.75,87.236,86.259,85.575,85.038,84.745,84.549,84.354,84.256,84.061,83.719,83.377,82.937,82.449,81.814,81.179,80.544,79.909,79.372,78.59,77.858,77.125,76.441,75.757,74.976,74.292,73.657,73.071,72.485,71.85,71.361,70.873,70.384,69.847,69.359,68.968,68.528,68.089,67.747,67.356,67.063,66.721,66.379,66.037,65.793,65.549,65.305,65.109,64.865,64.67,64.474,64.425,64.279,64.132,63.937,63.693,63.497,63.351,63.107,62.862,62.667,62.423,62.374,62.423,63.155,65.256,69.31,75.66,83.816,92.413,100.57,107.55,113.51,118.54,122.79,126.26,128.85,130.8,132.07,132.95,133.34,133.54,133.49,133.34,133.1,132.76,132.22,131.73,131.1,130.36,129.39,128.17,126.75,124.94,122.75,120.25,117.23,113.86,110.19,106.19,102.13,98.177,94.611,91.632,89.287,87.626,86.405,85.624,85.135,84.842,84.696,84.598,84.5,84.305,84.061,83.816,83.426,82.937,82.351,81.814,81.13,80.495,79.762,79.03,78.346,77.662,76.978,76.294,75.611,74.927,74.292,73.608,72.973,72.436,71.801,71.215,70.677,70.238,69.798,69.359,68.919,68.479,68.089,67.747,67.405,67.112,66.819,66.477,66.184,65.988,65.744,65.5,65.305,65.06,64.865,64.621,64.474,64.279,64.132,63.937,63.742,63.546,63.302,63.058,62.862,62.618,62.423,62.374,62.667,63.79,66.428,71.312,78.492,87.04,95.734,103.55,110.24,115.86,120.6,124.5,127.63,129.88,131.39,132.32,132.76,132.86,132.76,132.42,132.07,131.54,131,130.36,129.53,128.61,127.48,126.16,124.55,122.6,120.35,117.62,114.49,110.97,107.12,103.06,98.909,95.002,91.534,88.75,86.698,85.135,84.061,83.426,83.035,82.937,82.84,82.791,82.742,82.595,82.449,82.107,81.716,81.277,80.739,80.055,79.421,78.737,78.053,77.32,76.636,75.855,75.122,74.341,73.657,72.973,72.289,71.654,71.068,70.433,69.847,69.31,68.821,68.382,67.942,67.503,67.112,66.721,66.379,65.988,65.695,65.353,65.109,64.865,64.621,64.377,64.132,63.937,63.693,63.497,63.351,63.107,62.911,62.814,62.667,62.569,62.374,62.179,61.983,61.788,61.544,61.299,61.104,60.909,60.86,61.006,61.69,63.497,67.307,73.51,81.618,90.508,98.86,106.19,112.39,117.62,121.91,125.43,128.12,130.07,131.24,131.98,132.22,132.17,131.78,131.24,130.61,129.88,129,128.07,126.99,125.72,124.31,122.6,120.6,118.25,115.47,112.39,108.87,105.06,101.11,97.2,93.536,90.557,88.261,86.552,85.379,84.598,84.11,83.865,83.719,83.719,83.67,83.572,83.426,83.182,82.84,82.449,81.912,81.374,80.788,80.153,79.469,78.786,78.102,77.418,76.685,76.001,75.318,74.634,73.999,73.364,72.729,72.094,71.557,71.068,70.531,70.042,69.603,69.163,68.821,68.431,68.04,67.698,67.356,66.965,66.672,66.428,66.135,65.842,65.549,65.305,65.109,64.865,64.718,64.572,64.377,64.23,64.035,63.839,63.693,63.546,63.351,63.155,63.009,62.716,62.472,62.179,61.983,61.983,62.569,64.181,67.747,73.755,82.009,91.29,100.33,108.24,114.98,120.69,125.43,129.29,132.22,134.37,135.74,136.57,136.91,137.06,137.01,136.76,136.37,135.88,135.25,134.52,133.74,132.81,131.73,130.51,129,127.24,125.24,122.84,120.11,116.93,113.42,109.51,105.36,101.16,97.249,93.683,90.801,88.701,87.138,86.063,85.379,85.038,84.842,84.793,84.745,84.696,84.5,84.305,83.914,83.572,82.986,82.449,81.716,81.032,80.3,79.567,78.737,77.906,77.125,76.343,75.611,74.878,74.194,73.51,72.778,72.094,71.508,70.922,70.384,69.798,69.31,68.821,68.382,67.844,67.405,67.063,66.623,66.281,65.94,65.549,65.256,65.012,64.67,64.425,64.132,63.839,63.595,63.448,63.253,63.058,62.814,62.618,62.472,62.276,62.179,61.983,61.739,61.544,61.299,61.104,61.055,61.348,62.472,65.158,70.189,77.613,86.552,95.637,103.94,111.12,117.18,122.31,126.51,129.88,132.32,133.98,134.91,135.44,135.64,135.44,135.1,134.66,134.13,133.49,132.76,131.78,130.8,129.68,128.41,126.95,125.19,123.14,120.6,117.67,114.3,110.53,106.48,102.28,98.128,94.416,91.29,88.994,87.382,86.259,85.477,85.135,84.989,84.989,85.038,85.038,85.038,84.94,84.745,84.403,84.061,83.572,83.035,82.449,81.716,81.032,80.349,79.616,78.883,78.102,77.369,76.636,75.904,75.318,74.683,74.048,73.51,72.924,72.387,71.85,71.312,70.873,70.384,69.945,69.554,69.163,68.87,68.528,68.186,67.844,67.6,67.307,67.063,66.819,66.477,66.281,66.037,65.842,65.598,65.5,65.305,65.158,65.06,64.865,64.67,64.425,64.181,63.937,63.693,63.497,63.351,63.448,63.986,65.744,69.407,75.66,84.061,93.439,102.57,110.68,117.57,123.38,128.12,131.98,134.91,137.01,138.33,139.01,139.25,139.25,138.91,138.47,137.94,137.2,136.42,135.54,134.61,133.69,132.56,131.29,129.73,127.92,125.82,123.23,120.3,116.93,113.17,109.17,104.92,100.72,96.858,93.536,90.997,89.043,87.724,86.845,86.356,86.063,85.917,85.868,85.819,85.721,85.575,85.379,85.038,84.598,84.158,83.572,82.937,82.253,81.472,80.739,80.055,79.323,78.541,77.809,77.027,76.294,75.611,74.976,74.438,73.852,73.315,72.729,72.192,71.752,71.215,70.824,70.384,69.945,69.554,69.163,68.821,68.479,68.186,67.844,67.6,67.356,67.112,66.868,66.672,66.428,66.184,65.988,65.842,65.695,65.549,65.305,65.109,64.865,64.67,64.425,64.132,63.839,63.595,63.448,63.448,63.839,65.305,68.479,74.194,82.156,91.485,100.91,109.41,116.74,122.84,127.92,132.07,135.2,137.35,138.81,139.55,139.79,139.74,139.45,138.86,138.18,137.45,136.67,135.88,135.01,133.93,132.76,131.39,129.73,127.83,125.58,122.94,119.86,116.35,112.49,108.39,104.14,99.984,96.223,93.048,90.606,88.799,87.529,86.796,86.308,86.112,85.966,85.917,85.917,85.819,85.624,85.379,84.989,84.5,83.914,83.377,82.693,82.009,81.228,80.495,79.762,78.932,78.199,77.418,76.685,76.001,75.318,74.683,73.999,73.413,72.778,72.289,71.752,71.312,70.824,70.384,69.945,69.554,69.114,68.724,68.431,68.04,67.747,67.405,67.112,66.819,66.477,66.135,65.793,65.5,65.256,65.012,64.67,64.425,64.181,63.986,63.742,63.497,63.302,63.058,62.814,62.569,62.276,61.983,61.788,61.69,62.032,63.351,66.379,71.752,79.372,88.506,97.786,106.38,113.81,120.01,125.24,129.44,132.66,135.01,136.42,137.2,137.45,137.3,136.91,136.32,135.64,134.81,133.88,132.86,131.73,130.61,129.29,127.87,126.16,124.16,121.72,118.89,115.42,111.61,107.51,103.16,98.86,94.806,91.387,88.701,86.698,85.379,84.5,84.061,83.914,84.012,84.11,84.305,84.354,84.305,84.158,83.914,83.621,83.133,82.547,81.912,81.277,80.69,80.007,79.225,78.444,77.76,76.978,76.294,75.611,74.927,74.292,73.608,72.973,72.436,71.947,71.41,70.922,70.482,70.091,69.749,69.359,69.066,68.724,68.479,68.186,67.942,67.698,67.503,67.307,67.112,66.916,66.819,66.623,66.428,66.281,66.135,65.988,65.793,65.695,65.5,65.353,65.158,64.914,64.718,64.474,64.279,64.035,63.839,63.742,82.009,81.179,80.349,79.469,78.688,77.858,77.027,76.294,75.562,74.78,74.194,73.51,72.875,72.289,71.752,71.166,70.726,70.238,69.798,69.359,68.968,68.626,68.284,67.991,67.747,67.503,67.161,66.916,66.672,66.428,66.184,65.94,65.793,65.695,65.5,65.353,65.158,65.06,64.865,64.67,64.425,64.181,63.937,63.742,63.693,64.035,65.256,68.186,73.559,81.423,90.948,100.81,110.19,118.69,126.07,132.22,137.25,140.92,143.46,144.87,145.51,145.56,145.16,144.48,143.6,142.62,141.5,140.38,139.16,137.98,136.76,135.49,134.17,132.66,130.95,128.85,126.36,123.43,120.06,116.2,111.95,107.36,102.87,98.567,94.904,92.071,89.971,88.603,87.675,87.236,87.138,87.236,87.431,87.626,87.675,87.724,87.675,87.431,87.138,86.601,86.063,85.428,84.745,84.012,83.182,82.351,81.57,80.69,79.86,79.127,78.346,77.662,76.978,76.294,75.66,74.976,74.438,73.852,73.364,72.875,72.436,71.947,71.508,71.117,70.726,70.384,70.042,69.749,69.407,69.163,68.87,68.626,68.382,68.089,67.844,67.747,67.551,67.356,67.258,67.063,66.868,66.623,66.428,66.184,65.94,65.695,65.5,65.305,65.402,66.281,68.675,73.413,80.886,90.313,100.57,110.49,119.47,127.29,133.78,139.11,143.11,145.95,147.61,148.44,148.63,148.29,147.75,146.97,146.19,145.36,144.48,143.6,142.62,141.6,140.48,139.25,137.89,136.18,134.32,132.07,129.39,126.31,122.79,118.79,114.44,109.85,105.26,100.91,97.249,94.22,92.071,90.41,89.434,88.847,88.701,88.603,88.701,88.701,88.701,88.603,88.408,88.164,87.724,87.236,86.601,85.917,85.233,84.403,83.621,82.791,81.912,81.13,80.3,79.567,78.786,78.053,77.32,76.636,76.001,75.366,74.731,74.194,73.608,73.12,72.631,72.192,71.752,71.312,70.922,70.482,70.091,69.798,69.407,69.066,68.724,68.382,68.089,67.796,67.551,67.356,67.161,66.965,66.819,66.623,66.428,66.233,66.037,65.793,65.549,65.256,65.06,65.012,65.305,66.526,69.554,74.976,82.986,92.657,102.82,112.49,121.18,128.7,134.86,139.79,143.46,145.85,147.31,147.85,147.8,147.31,146.53,145.6,144.58,143.5,142.38,141.16,139.94,138.67,137.3,135.79,134.13,132.17,129.93,127.29,124.26,120.79,116.88,112.49,107.95,103.31,99.056,95.295,92.315,90.069,88.506,87.48,87.04,86.943,86.991,87.187,87.284,87.382,87.284,87.138,86.845,86.503,85.917,85.282,84.549,83.816,82.986,82.156,81.374,80.495,79.665,78.883,78.102,77.369,76.636,75.904,75.22,74.536,73.901,73.315,72.729,72.192,71.654,71.215,70.824,70.433,70.042,69.652,69.359,69.066,68.821,68.479,68.235,67.942,67.698,67.405,67.161,66.916,66.672,66.477,66.281,66.135,65.94,65.744,65.5,65.256,65.012,64.67,64.377,64.035,63.79,63.595,63.693,64.181,65.842,69.407,75.611,84.061,93.781,103.6,112.73,120.94,127.87,133.54,137.98,141.16,143.26,144.29,144.58,144.24,143.55,142.67,141.55,140.43,139.16,137.94,136.67,135.44,134.13,132.66,131,129,126.6,123.87,120.55,116.79,112.63,108.19,103.7,99.349,95.637,92.755,90.557,89.092,88.261,87.724,87.626,87.675,87.871,87.968,88.164,88.261,88.164,87.968,87.724,87.236,86.698,86.063,85.282,84.549,83.67,82.791,81.912,81.032,80.251,79.421,78.541,77.76,76.978,76.246,75.562,74.976,74.438,73.852,73.315,72.778,72.289,71.85,71.41,71.068,70.677,70.287,69.994,69.652,69.359,69.114,68.87,68.626,68.382,68.04,67.796,67.6,67.356,67.258,67.063,66.868,66.721,66.526,66.379,66.184,65.988,65.744,65.5,65.256,65.06,64.914,65.256,66.428,69.31,74.683,82.693,92.511,102.82,112.68,121.57,129.19,135.64,140.72,144.58,147.17,148.73,149.51,149.66,149.37,148.88,148.1,147.31,146.48,145.7,144.87,143.99,143.02,141.94,140.67,139.3,137.69,135.74,133.54,130.95,127.87,124.31,120.25,115.81,111.12,106.43,102.04,98.225,95.246,92.95,91.387,90.41,89.922,89.727,89.824,89.873,89.922,89.922,89.873,89.678,89.385,88.847,88.31,87.626,86.845,86.063,85.184,84.305,83.426,82.498,81.57,80.69,79.762,78.932,78.053,77.32,76.49,75.757,75.073,74.438,73.852,73.315,72.778,72.289,71.85,71.41,71.068,70.677,70.287,69.945,69.603,69.261,68.919,68.626,68.284,67.991,67.698,67.356,67.112,66.916,66.819,66.623,66.428,66.233,66.037,65.842,65.598,65.305,65.06,64.816,64.67,64.914,65.94,68.528,73.559,81.032,90.362,100.37,109.95,118.69,126.31,132.76,137.89,141.79,144.43,146.14,146.92,147.12,146.87,146.29,145.56,144.73,143.85,143.02,142.14,141.11,140.13,139.01,137.69,136.13,134.32,132.17,129.53,126.51,122.99,118.94,114.54,109.85,105.16,100.81,97.053,94.074,91.876,90.362,89.434,88.945,88.799,88.847,89.043,89.189,89.238,89.238,89.043,88.799,88.359,87.919,87.284,86.698,86.063,85.282,84.598,83.865,83.133,82.351,81.618,80.886,80.104,79.372,78.541,77.858,77.174,76.49,75.855,75.318,74.78,74.341,74.048,73.852,74.097,75.073,77.467,81.863,88.359,96.467,105.36,114.2,122.31,129.39,135.3,139.94,143.36,145.6,146.83,147.12,146.83,146.04,145.02,143.8,142.48,141.11,139.69,138.23,136.76,135.1,133.3,131.24,128.8,125.92,122.5,118.59,114.3,109.66,105.06,100.67,96.907,93.927,91.778,90.313,89.385,88.945,88.945,89.043,89.238,89.434,89.531,89.629,89.482,89.238,88.847,88.31,87.675,86.991,86.161,85.379,84.5,83.621,82.742,81.863,80.984,80.104,79.323,78.444,77.662,76.978,76.294,75.611,75.073,74.487,73.901,73.413,72.973,72.485,72.045,71.654,71.215,70.922,70.629,70.287,70.042,69.749,69.505,69.261,68.968,68.724,68.479,68.235,68.04,67.844,67.747,67.551,67.356,67.258,67.063,66.819,66.623,66.281,66.037,65.793,65.598,65.695,66.281,68.431,72.973,80.593,90.801,102.18,113.37,123.58,132.32,139.69,145.7,150.24,153.42,155.37,156.3,156.5,156.11,155.42,154.64,153.66,152.74,151.86,151.07,150.24,149.37,148.44,147.36,146.04,144.48,142.58,140.23,137.5,134.22,130.51,126.16,121.48,116.44,111.36,106.43,102.13,98.567,95.93,94.074,92.853,92.315,92.071,92.12,92.169,92.315,92.315,92.218,91.973,91.632,91.045,90.362,89.629,88.799,87.919,87.04,86.112,85.233,84.354,83.426,82.595,81.814,81.032,80.3,79.616,78.932,78.248,77.613,76.978,76.441,75.904,75.464,75.122,74.78,74.487,74.194,73.852,73.559,73.217,72.875,72.533,72.192,71.85,71.508,71.215,71.068,71.117,71.801,73.608,77.418,83.67,92.071,101.6,111.32,120.35,128.36,135.1,140.62,144.73,147.7,149.41,150.24,150.39,149.95,149.12,148.19,147.12,146.04,145.02,143.94,142.82,141.6,140.23,138.77,136.91,134.81,132.22,129.19,125.63,121.48,116.98,112.29,107.6,103.31,99.691,96.858,94.806,93.488,92.657,92.315,92.218,92.315,92.413,92.511,92.511,92.413,92.169,91.876,91.387,90.752,89.971,89.238,88.359,87.431,86.552,85.624,84.745,83.816,82.937,82.058,81.228,80.446,79.665,78.932,78.297,77.662,77.125,76.49,76.001,75.464,74.976,74.536,74.194,73.803,73.413,73.071,72.729,72.436,72.192,71.85,71.605,71.41,71.215,71.068,70.873,70.677,70.482,70.287,70.091,69.847,69.603,69.31,68.968,68.675,68.479,68.479,69.066,70.873,74.927,81.863,91.436,102.43,113.37,123.43,132.12,139.45,145.41,150.05,153.22,155.18,156.25,156.55,156.35,155.86,155.18,154.49,153.66,152.88,152.1,151.32,150.49,149.61,148.53,147.31,145.7,143.75,141.45,138.57,135.25,131.44,127.04,122.26,117.18,112.05,107.31,103.16,99.886,97.493,95.93,94.904,94.513,94.367,94.367,94.416,94.513,94.416,94.318,93.976,93.536,93.048,92.364,91.632,90.752,89.873,88.994,88.066,87.04,86.112,85.135,84.158,83.23,82.302,81.423,80.593,79.811,78.981,78.297,77.613,76.978,76.49,76.001,75.562,75.122,74.731,74.341,73.901,73.559,73.217,72.973,72.68,72.436,72.192,71.947,71.654,71.41,71.166,70.922,70.629,70.238,69.945,69.603,69.359,69.261,69.554,70.726,73.608,78.981,86.943,96.76,107.16,117.23,126.16,133.78,140.13,145.12,148.83,151.17,152.49,152.98,152.88,152.39,151.61,150.73,149.85,148.97,148.05,147.12,146.14,145.02,143.75,142.23,140.43,138.18,135.49,132.37,128.75,124.6,120.11,115.22,110.24,105.5,101.35,98.128,95.637,93.927,92.853,92.315,92.12,92.169,92.315,92.364,92.413,92.364,92.12,91.778,91.29,90.606,89.873,89.043,88.115,87.187,86.161,85.233,84.305,83.377,82.449,81.57,80.69,79.811,78.981,78.248,77.564,76.881,76.246,75.611,75.122,74.634,74.194,73.755,73.315,72.924,72.533,72.24,71.947,71.654,71.41,71.166,70.922,70.629,70.384,70.042,69.798,69.554,69.31,69.114,68.919,68.675,68.479,68.235,67.991,67.747,67.405,67.063,66.721,66.379,66.037,65.793,65.695,65.744,66.526,68.675,73.071,80.055,89.287,99.74,110,119.47,127.83,134.86,140.62,145.02,148.05,149.95,150.88,151.12,150.83,150.1,149.17,148.1,146.92,145.8,144.73,143.7,142.62,141.45,140.18,138.57,136.62,134.17,131.29,127.83,123.82,119.33,114.44,109.56,104.92,101.01,97.786,95.539,93.976,93.097,92.657,92.608,92.755,92.95,93.097,93.243,93.243,93.048,92.755,92.315,91.68,90.997,90.215,89.434,88.554,87.675,86.747,85.819,84.94,84.012,83.133,82.253,81.374,80.495,79.616,78.786,78.102,77.467,76.929,76.441,76.001,75.757,75.757,76.343,78.199,81.863,87.724,95.539,104.62,113.9,122.75,130.51,137.01,142.19,146.04,148.63,150.05,150.54,150.39,149.66,148.73,147.7,146.53,145.41,144.19,142.87,141.35,139.74,137.79,135.54,132.95,129.83,126.26,122.26,117.81,113.07,108.29,103.79,99.935,96.858,94.611,93.097,92.315,91.973,91.973,92.169,92.413,92.657,92.755,92.657,92.511,92.12,91.534,90.85,90.117,89.189,88.261,87.284,86.356,85.379,84.403,83.475,82.595,81.716,80.886,80.055,79.323,78.541,77.809,77.174,76.539,76.05,75.464,74.976,74.536,74.048,73.657,73.315,72.924,72.631,72.289,71.947,71.605,71.312,70.97,70.726,70.433,70.189,69.847,69.603,69.31,69.066,68.821,68.528,68.284,68.04,67.747,67.503,67.258,67.063,66.819,66.526,66.281,66.037,65.793,65.549,65.305,65.06,64.718,64.474,64.23,64.035,63.839,63.693,63.546,63.351,63.253,63.058,62.814,62.618,62.569,62.911,64.23,67.6,74.097,83.719,95.441,107.26,118.2,127.92,136.32,143.31,148.83,152.88,155.62,157.23,158.06,158.21,157.86,157.23,156.5,155.67,154.88,154.05,153.22,152.39,151.56,150.54,149.41,148.1,146.39,144.24,141.7,138.57,134.86,130.61,125.87,120.74,115.57,110.49,105.99,102.28,99.495,97.493,96.223,95.49,95.197,95.099,95.197,95.246,95.246,95.099,94.904,94.611,94.123,93.488,92.755,91.925,91.045,90.166,89.287,88.359,87.431,86.503,85.575,84.745,83.865,83.133,82.351,81.618,80.935,80.251,79.616,79.03,78.541,78.053,77.564,77.125,76.685,76.246,75.855,75.464,75.171,74.78,74.487,74.194,73.852,73.559,73.217,72.973,72.68,72.436,72.192,71.947,71.654,71.508,71.312,71.068,70.873,70.629,70.433,70.189,69.945,69.603,69.31,68.968,68.675,68.479,68.431,68.87,70.238,73.413,79.127,87.382,97.249,107.55,117.37,126.07,133.49,139.6,144.43,148,150.39,151.76,152.3,152.3,151.95,151.32,150.49,149.66,148.83,147.95,146.97,146.04,145.07,143.94,142.62,141.06,139.16,136.86,134.08,130.66,126.7,122.26,117.47,112.49,107.75,103.5,100.13,97.542,95.783,94.611,93.927,93.683,93.634,93.683,93.781,93.781,93.732,93.488,93.195,92.657,92.12,91.436,90.655,89.824,88.945,88.066,87.187,86.259,85.379,84.5,83.67,82.791,82.058,81.228,80.495,79.811,79.127,78.541,78.004,77.467,76.978,76.636,76.246,75.855,75.464,75.122,74.731,74.438,74.097,73.803,73.413,72.973,72.631,72.24,71.947,71.752,71.801,72.533,74.536,78.541,85.038,93.732,103.6,113.61,122.84,131,137.74,143.16,147.26,150,151.56,152.25,152.25,151.81,151.07,150.1,149.17,148.24,147.31,146.29,145.31,144.24,143.06,141.7,140.04,138.13,135.74,132.95,129.53,125.68,121.28,116.54,111.66,106.87,102.57,99.007,96.321,94.513,93.341,92.755,92.56,92.608,92.804,92.999,93.097,93.048,92.853,92.56,92.071,91.436,90.655,89.824,88.945,87.968,87.04,86.063,84.989,84.012,83.035,82.156,81.374,80.544,79.762,79.03,78.297,77.662,77.027,76.441,75.904,75.415,74.927,74.487,74.048,73.657,73.315,72.924,72.485,72.094,71.752,71.361,70.97,70.677,70.384,70.091,69.847,69.603,69.359,69.114,68.87,68.626,68.382,68.089,67.796,67.503,67.112,66.868,66.721,67.112,68.626,72.045,78.102,86.698,96.907,107.41,117.23,125.92,133.34,139.55,144.43,148,150.29,151.51,151.95,151.86,151.37,150.68,149.76,148.73,147.75,146.68,145.6,144.58,143.36,142.04,140.48,138.62,136.42,133.69,130.41,126.6,122.31,117.57,112.54,107.7,103.16,99.495,96.662,94.66,93.341,92.608,92.315,92.315,92.413,92.608,92.657,92.657,92.56,92.218,91.778,91.192,90.41,89.678,88.799,87.919,86.991,86.063,85.135,84.158,83.23,82.351,81.57,80.739,79.909,79.176,78.492,77.809,77.174,76.636,76.099,75.611,75.171,74.78,74.438,74.097,73.803,73.51,73.168,72.875,72.631,72.387,72.045,71.801,71.557,71.361,71.166,70.97,70.726,70.531,70.287,70.091,69.847,69.603,69.31,68.968,68.675,68.479,68.382,68.431,68.968,70.677,74.292,80.446,88.799,98.616,108.73,118.3,126.75,133.88,139.69,144.24,147.51,149.61,150.73,151.07,150.83,150.24,149.37,148.29,147.17,146,144.82,143.6,142.23,140.87,139.35,137.59,135.54,133.1,130.12,126.6,122.55,118.06,113.32,108.48,104.14,100.37,97.493,95.441,94.074,93.243,92.853,92.804,92.853,92.999,93.048,93.048,92.999,92.755,92.315,91.778,91.094,90.362,89.531,88.603,87.675,86.698,85.673,84.745,83.865,82.937,82.058,81.179,80.349,79.567,78.786,78.102,77.467,76.881,76.294,75.806,75.318,74.878,74.438,74.048,73.657,73.315,72.973,72.631,72.289,71.996,71.801,71.557,71.361,71.166,70.922,70.726,70.531,70.287,70.042,69.798,69.505,69.163,68.919,68.724,68.821,69.505,71.41,75.611,82.351,91.436,101.69,111.95,129.83,125.68,121.18,116.3,111.36,106.63,102.43,99.105,96.614,94.855,93.781,93.292,93.097,93.195,93.292,93.341,93.439,93.292,93.048,92.608,92.071,91.387,90.606,89.727,88.945,88.066,87.187,86.308,85.428,84.549,83.67,82.791,82.009,81.179,80.349,79.616,78.932,78.297,77.662,77.027,76.49,76.001,75.464,75.073,74.731,74.341,74.048,73.755,73.413,73.12,72.778,72.485,72.24,71.996,71.752,71.41,71.215,71.068,70.873,70.677,70.531,70.384,70.189,69.994,69.798,69.603,69.359,69.114,68.821,68.528,68.284,68.235,68.528,69.798,72.729,78.199,86.259,96.125,106.68,116.74,125.82,133.64,140.18,145.36,149.32,151.95,153.57,154.35,154.54,154.3,153.76,152.98,152.1,151.22,150.29,149.37,148.44,147.51,146.43,145.26,143.8,142.04,139.89,137.25,133.98,130.22,125.87,121.04,116,110.97,106.48,102.67,99.74,97.591,96.223,95.441,95.002,94.855,94.904,95.002,95.051,95.002,94.806,94.416,93.976,93.439,92.755,91.973,91.094,90.215,89.385,88.506,87.626,86.747,85.917,85.135,84.305,83.475,82.693,81.863,81.13,80.446,79.665,79.03,78.346,77.76,77.174,76.685,76.246,75.855,75.757,76.001,77.027,79.616,84.305,91.29,100.13,109.75,119.33,127.97,135.54,141.79,146.68,150.24,152.54,153.76,154.05,153.76,153.13,75.806,75.073,74.341,73.608,72.924,72.289,71.654,71.117,70.629,70.042,69.603,69.114,68.675,68.235,67.844,67.503,67.112,66.819,66.477,66.184,65.842,65.598,65.353,65.158,65.012,64.865,64.67,64.572,64.377,64.181,63.986,63.79,63.546,63.302,63.058,62.862,62.911,63.742,65.94,70.482,77.809,87.187,97.444,107.12,115.66,122.84,128.8,133.54,137.25,139.94,141.6,142.58,142.92,142.92,142.62,142.14,141.5,140.72,139.99,139.11,138.18,137.2,136.13,134.91,133.49,131.78,129.88,127.53,124.85,121.82,118.3,114.34,110.09,105.6,101.06,96.809,93.048,90.069,87.919,86.405,85.428,84.94,84.696,84.598,84.598,84.598,84.549,84.403,84.158,83.816,83.279,82.742,82.058,81.374,80.69,80.007,79.225,78.492,77.76,76.978,76.294,75.562,74.78,74.048,73.364,72.631,71.947,71.312,70.677,70.042,69.554,69.066,68.626,68.186,67.747,67.356,66.965,66.623,66.233,65.94,65.598,65.305,65.012,64.67,64.425,64.23,63.986,63.79,63.546,63.351,63.107,62.814,62.569,62.227,61.983,61.739,61.495,61.446,61.544,62.227,64.181,68.284,75.073,84.061,94.074,103.79,112.63,120.06,126.26,131.05,134.81,137.5,139.3,140.33,140.72,140.67,140.23,139.5,138.67,137.74,136.67,135.64,134.42,133.2,131.78,130.36,128.75,126.8,124.41,121.62,118.35,114.64,110.49,106.14,101.69,97.542,93.927,91.045,88.945,87.48,86.552,86.063,85.868,85.819,85.868,85.917,85.917,85.868,85.673,85.428,85.038,84.549,83.914,83.279,82.595,81.863,81.13,80.3,79.469,78.688,77.906,77.125,76.294,75.562,74.78,74.097,73.51,72.875,72.289,71.654,71.166,70.677,70.189,69.749,69.359,68.919,68.528,68.235,67.942,67.698,67.356,67.063,66.819,66.526,66.281,66.037,65.842,65.695,65.5,65.353,65.158,65.012,64.816,64.621,64.425,64.181,63.937,63.693,63.497,63.595,64.474,66.868,71.752,79.421,89.238,99.789,109.85,118.79,126.36,132.56,137.5,141.31,143.99,145.7,146.68,147.07,147.07,146.73,146.24,145.7,145.12,144.48,143.8,143.06,142.23,141.31,140.18,138.86,137.25,135.3,133.05,130.41,127.39,123.92,120.06,115.81,111.22,106.53,101.99,97.932,94.562,92.071,90.215,88.994,88.31,87.968,87.871,87.871,87.871,87.871,87.724,87.48,87.138,86.552,85.966,85.233,84.403,83.621,82.742,81.863,80.984,80.104,79.225,78.444,77.613,76.783,76.001,75.22,74.487,73.755,73.071,72.387,71.752,71.166,70.629,70.042,69.505,69.066,68.626,68.235,67.844,67.503,67.161,66.868,66.526,66.233,65.988,65.744,65.5,65.305,65.06,64.816,64.621,64.377,64.035,63.79,63.497,63.155,62.862,62.618,62.569,62.911,64.279,67.6,73.608,82.107,92.071,102.04,111.22,119.23,126.07,131.63,135.93,139.11,141.26,142.48,143.06,143.11,142.72,142.04,141.31,140.48,139.6,138.67,137.79,136.81,135.74,134.61,133.3,131.78,129.93,127.73,125.14,122.01,118.35,114.34,109.95,105.36,100.72,96.565,93.048,90.362,88.554,87.382,86.698,86.503,86.503,86.698,86.845,87.138,87.187,87.236,87.138,86.845,86.405,85.917,85.282,84.598,83.816,83.035,82.253,81.423,80.593,79.811,78.981,78.199,77.418,76.685,75.904,75.318,74.683,74.097,73.559,72.973,72.436,71.85,71.361,70.922,70.482,70.091,69.749,69.359,69.066,68.724,68.431,68.186,67.844,67.6,67.356,67.161,66.916,66.721,66.477,66.233,66.037,65.793,65.549,65.256,64.914,64.67,64.621,64.914,66.281,69.603,75.562,84.158,94.367,104.87,114.64,123.04,130.07,135.79,140.43,143.85,146.24,147.61,148.29,148.39,148.05,147.56,146.87,146.19,145.51,144.68,143.75,142.67,141.55,140.48,139.25,137.74,135.98,133.93,131.44,128.51,125.04,121.18,116.88,112.24,107.41,102.82,98.665,95.246,92.657,90.85,89.678,88.994,88.603,88.554,88.603,88.701,88.75,88.75,88.554,88.31,87.871,87.382,86.747,85.966,85.184,84.305,83.426,82.547,81.618,80.739,79.811,78.883,78.004,77.125,76.246,75.366,74.634,73.852,73.12,72.436,71.801,71.215,70.824,70.433,69.994,69.554,69.163,68.821,68.382,67.991,67.551,67.161,66.868,66.526,66.233,65.94,65.695,65.5,65.305,65.109,64.914,64.718,64.474,64.279,64.035,63.742,63.497,63.351,63.546,64.474,67.063,72.094,79.909,89.531,99.691,109.26,117.76,125.14,131.2,136.13,139.89,142.58,144.24,145.12,145.41,145.31,144.92,144.24,143.46,142.58,141.6,140.82,139.89,138.81,137.54,136.32,134.81,133,130.85,128.26,125.14,121.57,117.57,113.12,108.39,103.6,99.154,95.441,92.413,90.215,88.799,87.871,87.431,87.382,87.431,87.626,87.724,87.822,87.822,87.626,87.382,86.991,86.503,85.917,85.282,84.696,83.914,83.182,82.449,81.618,80.788,80.055,79.225,78.492,77.76,76.929,76.246,75.562,74.878,74.292,73.755,73.217,72.729,72.24,71.752,71.361,70.97,70.531,70.238,69.847,69.554,69.261,68.968,68.724,68.479,68.284,68.089,67.844,67.698,67.503,67.307,67.112,66.916,66.623,66.379,66.037,65.793,65.549,65.549,66.135,67.991,72.045,78.786,87.968,98.421,108.63,117.91,125.92,132.66,138.18,142.48,145.6,147.7,148.88,149.32,149.27,148.83,148.05,147.26,146.29,145.41,144.58,143.7,142.72,141.75,140.62,139.25,137.59,135.69,133.25,130.36,126.99,123.14,118.79,114.1,109.31,104.62,100.42,96.907,94.171,92.218,90.948,90.117,89.824,89.727,89.824,89.873,89.922,89.922,89.727,89.482,89.043,88.506,87.871,87.187,86.356,85.477,84.598,83.67,82.791,81.863,80.984,80.104,79.323,78.492,77.662,76.929,76.197,75.464,74.878,74.243,73.657,73.12,72.631,72.192,71.752,71.312,70.873,70.433,69.994,69.603,69.163,68.821,68.382,67.991,67.6,67.307,66.965,66.721,66.477,66.281,66.037,65.793,65.598,65.305,65.06,64.718,64.474,64.23,64.23,64.67,66.233,69.945,76.343,85.379,95.783,106.14,115.57,123.67,130.61,136.23,140.67,143.94,146.14,147.41,148,148,147.7,147.17,146.53,145.85,145.12,144.38,143.5,142.62,141.55,140.43,139.06,137.45,135.49,133.2,130.41,127.24,123.48,119.33,114.69,109.85,105.01,100.47,96.662,93.683,91.534,90.166,89.287,88.847,88.75,88.799,88.847,88.945,88.847,88.701,88.359,87.968,87.431,86.796,86.112,85.379,84.598,83.816,82.986,82.156,81.374,80.544,79.665,78.883,78.102,77.369,76.685,76.001,75.318,74.731,74.243,73.657,73.168,72.729,72.289,71.947,71.605,71.215,70.97,70.677,70.433,70.189,69.945,69.652,69.407,69.163,68.968,68.724,68.528,68.382,68.186,67.991,67.796,67.6,67.405,67.112,66.868,66.526,66.281,66.233,66.623,68.186,71.605,77.76,86.356,96.565,106.92,116.54,124.94,132.07,137.89,142.43,145.8,148,149.27,149.76,149.61,149.12,148.39,147.51,146.53,145.51,144.48,143.46,142.28,141.16,139.99,138.67,137.06,135.1,132.81,130.07,126.7,122.84,118.5,113.81,108.97,104.38,100.23,96.809,94.22,92.413,91.192,90.41,90.117,90.069,90.069,90.117,90.166,90.166,89.971,89.678,89.238,88.701,87.968,87.236,86.405,85.575,84.696,83.719,82.84,81.912,80.984,80.104,79.323,78.492,77.662,76.881,76.099,75.415,74.78,74.243,73.657,73.168,72.68,72.24,71.752,71.312,70.922,70.531,70.238,69.945,69.603,69.359,69.066,68.724,68.479,68.186,67.942,67.698,67.503,67.307,67.112,66.916,66.721,66.526,66.379,66.135,65.793,65.549,65.402,143.99,143.02,141.94,140.57,138.91,136.91,134.52,131.63,128.26,124.36,120.01,115.22,110.29,105.41,101.06,97.297,94.416,92.364,90.948,90.117,89.678,89.482,89.482,89.482,89.482,89.385,89.092,88.75,88.31,87.675,87.04,86.308,85.575,84.793,84.012,83.133,82.253,81.374,80.544,79.665,78.883,78.053,77.223,76.441,75.66,74.976,74.292,73.657,73.071,72.485,71.996,71.557,71.068,70.629,70.238,69.847,69.554,69.261,68.919,68.626,68.284,68.04,67.796,67.551,67.356,67.161,67.063,66.868,66.672,66.428,66.233,65.94,65.695,65.353,65.109,64.865,64.67,64.67,65.109,66.379,69.31,74.927,83.23,93.341,103.94,113.86,122.7,130.32,136.57,141.55,145.26,147.75,149.17,149.8,149.76,149.17,148.24,147.17,146,144.82,143.6,142.48,141.35,140.04,138.67,137.11,135.35,133.3,130.8,127.83,124.26,120.25,115.81,111.12,106.38,101.94,98.128,95.051,92.853,91.387,90.41,89.873,89.678,89.678,89.727,89.824,89.873,89.824,89.531,89.238,88.75,88.164,87.48,86.747,85.917,84.989,84.11,83.23,82.302,81.423,80.495,79.616,78.786,78.004,77.223,76.49,75.806,75.171,74.536,73.999,73.413,72.924,72.436,71.996,71.557,71.166,70.824,70.433,70.091,69.798,69.505,69.163,68.919,68.626,68.382,68.04,67.796,67.551,67.356,67.112,66.916,66.721,66.526,66.379,66.184,65.988,65.744,65.402,65.158,65.012,65.109,65.842,68.089,72.729,80.3,90.215,101.11,111.76,121.28,129.63,136.47,142.14,146.43,149.51,151.42,152.49,152.78,152.64,152.2,151.61,150.93,150.24,149.41,148.63,147.8,146.92,146,144.92,143.7,142.14,140.18,137.94,135.25,132.12,128.51,124.41,119.86,114.98,109.95,105.01,100.57,96.907,94.123,92.12,90.85,90.166,89.873,89.873,89.922,89.971,89.971,89.922,89.678,89.287,88.847,88.261,87.48,86.601,85.721,84.793,83.865,82.937,82.058,81.179,80.3,79.421,78.59,77.809,76.978,76.197,75.415,74.731,74.048,73.413,72.778,72.24,71.752,71.312,70.873,70.384,69.994,69.554,69.261,68.919,68.626,68.284,67.991,67.698,67.356,67.112,66.868,66.672,66.428,66.233,66.037,65.842,65.695,65.402,65.109,64.816,64.572,64.23,63.937,63.742,63.937,64.816,67.112,137.54,135.79,133.64,131,127.87,124.16,119.91,115.32,110.49,105.6,101.11,97.346,94.367,92.218,90.85,89.971,89.629,89.482,89.482,89.629,89.727,89.824,89.727,89.482,89.189,88.701,87.968,87.284,86.503,85.624,84.745,83.816,82.937,82.009,81.13,80.153,79.323,78.444,77.613,76.783,76.05,75.366,74.731,74.097,73.559,73.071,72.533,72.045,71.557,71.117,70.726,70.433,70.042,69.749,69.407,69.114,68.87,68.626,68.382,68.089,67.796,67.551,67.356,67.161,66.965,66.819,66.623,66.428,66.233,66.037,65.793,65.549,65.305,65.06,64.816,64.816,65.402,67.307,71.508,78.492,87.968,98.665,109.36,119.13,127.63,134.86,140.82,145.36,148.68,150.83,152,152.44,152.39,152,151.42,150.73,150,149.27,148.49,147.7,146.73,145.8,144.73,143.5,142.04,140.38,138.33,135.79,132.81,129.29,125.38,120.89,116,110.92,105.94,101.3,97.346,94.318,92.169,90.752,89.922,89.531,89.434,89.482,89.629,89.727,89.678,89.531,89.238,88.799,88.261,87.48,86.747,85.868,84.94,84.012,83.035,82.107,81.13,80.153,79.323,78.444,77.613,76.783,76.001,75.22,74.536,73.803,73.168,72.533,71.996,71.41,70.922,70.433,70.042,69.603,69.261,68.87,68.528,68.235,67.942,67.698,67.356,67.063,66.819,66.477,66.233,65.988,65.744,65.549,65.353,65.158,64.914,64.621,64.279,63.986,63.693,63.351,63.058,62.814,62.911,63.79,66.184,70.922,78.492,88.115,98.47,108.48,117.57,125.43,132.12,137.45,141.5,144.29,146.04,146.92,147.12,146.83,146.24,145.41,144.58,143.6,142.62,141.7,140.67,139.69,138.47,137.25,135.79,134.13,132.12,129.73,126.85,123.48,119.57,115.17,110.49,105.7,101.16,97.2,94.074,91.729,90.069,88.994,88.506,88.31,88.359,88.506,88.75,88.847,88.847,88.799,88.603,88.261,87.822,87.187,86.503,85.721,84.94,84.061,83.182,82.302,81.423,80.495,79.616,78.737,77.858,77.125,76.343,75.611,74.927,74.292,73.657,73.12,72.533,72.045,71.557,71.117,70.677,70.287,69.945,69.554,69.261,68.87,68.528,68.284,67.991,67.747,67.503,67.258,66.965,66.819,66.623,66.428,66.233,66.135,65.94,65.695,65.402,65.158,64.816,64.474,64.23,64.132,64.377,65.598,68.675,74.487,83.133,93.488,104.28,114.44,123.38,131.05,137.45,142.48,146.24,148.83,150.29,150.98,151.12,150.83,150.24,149.56,148.83,148.05,147.26,146.43,145.56,144.58,143.5,142.28,140.92,139.3,137.35,135.01,132.12,128.75,124.85,120.55,115.86,110.92,106.04,101.5,97.591,94.611,92.413,90.948,89.971,89.629,89.482,89.531,89.629,89.727,89.727,89.629,89.287,88.945,88.359,87.724,86.943,86.112,85.184,84.305,83.426,82.547,81.618,80.739,79.811,78.932,78.102,77.32,76.539,75.806,75.122,74.487,73.852,73.315,72.729,72.192,71.654,71.166,70.726,70.287,69.945,69.554,69.163,68.87,68.528,68.235,67.942,67.698,67.356,67.112,66.868,66.623,66.428,66.184,65.94,65.695,65.402,65.158,64.865,64.474,64.181,63.79,63.497,63.253,63.351,64.23,66.526,71.361,78.981,88.75,99.251,109.26,118.25,125.97,132.61,137.98,142.14,145.02,146.87,147.85,148.24,148.1,147.61,146.92,146.14,145.26,144.38,143.36,142.43,141.45,140.38,139.25,137.89,136.23,134.22,131.73,128.8,125.38,121.48,117.18,112.44,107.55,102.82,98.47,94.904,92.169,90.215,88.994,88.261,87.919,87.871,87.919,88.115,88.261,88.261,88.115,87.822,87.431,86.845,86.161,85.428,84.598,83.816,82.84,81.912,81.032,80.153,79.225,78.346,77.467,76.685,75.904,75.22,74.536,73.901,73.315,72.729,72.192,71.654,71.215,70.873,70.482,70.189,69.847,69.554,69.261,68.968,68.724,68.528,68.431,68.284,68.186,68.089,67.991,67.942,67.844,67.698,67.551,67.307,66.965,66.721,66.428,66.135,65.842,65.744,65.842,66.819,69.261,74.097,81.667,91.192,101.45,111.32,120.25,127.87,134.32,139.5,143.46,146.19,147.8,148.53,148.68,148.29,147.7,146.92,146.04,145.12,144.19,143.26,142.23,141.16,139.99,138.62,136.91,135.01,132.66,129.93,126.7,122.94,118.59,113.86,108.97,104.23,99.886,96.321,93.488,91.485,90.166,89.385,89.043,88.994,89.092,89.287,89.434,89.482,89.434,89.238,88.847,88.31,87.626,86.845,85.966,84.989,84.061,83.035,82.107,81.13,80.251,79.372,78.541,77.76,77.027,76.294,75.66,74.976,74.438,73.803,73.315,72.778,72.387,71.947,71.557,71.215,70.97,70.824,70.629,70.433,70.238,69.994,69.749,69.505,69.163,68.87,68.479,68.089,67.796,67.6,67.844,69.066,72.094,77.858,86.308,96.467,107.07,116.88,125.58,133,139.06,143.8,147.17,149.37,150.64,151.07,150.93,150.54,150.1,149.56,148.93,148.24,147.61,146.87,146.19,145.31,144.24,142.92,141.31,139.35,137.2,134.42,131.2,127.39,123.04,118.3,113.32,108.24,103.45,99.154,95.734,93.048,91.192,89.971,89.238,88.945,88.847,88.847,88.945,88.945,88.847,88.701,88.31,87.871,87.187,86.405,85.477,84.549,83.572,82.595,81.667,80.739,79.811,78.932,78.053,77.223,76.49,75.806,75.122,74.438,73.803,73.12,72.533,71.996,71.557,71.068,70.531,70.091,69.749,69.31,68.919,68.528,68.235,67.942,67.698,67.405,67.161,66.916,66.623,66.233,65.94,65.549,65.256,64.914,64.67,64.621,65.012,66.379,69.749,75.757,84.305,94.416,104.67,114.2,122.6,129.88,135.79,140.43,143.7,145.75,146.83,147.12,146.87,146.24,145.36,144.38,143.36,142.38,141.45,140.48,139.55,138.47,137.3,135.88,134.17,132.12,129.63,126.6,123.14,119.13,114.64,109.8,104.87,100.13,95.979,92.804,90.508,89.043,88.164,87.871,87.919,88.261,88.554,88.945,89.189,89.287,89.189,88.945,88.408,87.871,87.138,86.259,85.379,84.403,83.426,82.449,81.423,80.446,79.469,78.59,77.76,76.929,76.197,75.464,74.78,74.194,73.608,73.12,72.68,72.289,71.947,71.557,71.215,70.97,70.726,70.482,70.287,70.189,69.994,69.749,69.407,69.163,68.919,68.675,68.284,67.991,67.551,67.161,66.819,66.721,67.112,68.724,72.485,78.981,88.115,98.665,109.36,119.13,127.63,134.81,140.72,145.36,148.53,150.64,151.61,151.95,151.76,151.17,150.44,149.56,148.68,147.75,146.83,145.75,144.63,143.46,142.19,140.72,139.06,137.01,134.57,131.63,128.26,124.31,119.91,115.17,110.24,105.41,101.06,97.346,94.513,92.364,90.997,90.166,89.727,89.629,89.678,89.824,89.873,89.824,89.678,89.434,89.043,88.554,87.871,87.138,86.308,85.379,84.5,83.572,82.547,81.57,80.495,79.469,78.541,77.613,76.734,75.855,75.073,74.292,73.559,72.875,72.24,71.654,71.215,70.726,70.238,69.749,69.31,68.87,68.479,68.089,67.747,67.405,67.112,66.819,66.526,66.281,66.135,65.842,65.598,65.402,65.158,65.012,64.718,64.474,64.181,63.839,63.497,63.155,63.009,63.009,63.546,65.5,69.749,76.978,86.747,97.542,108.04,117.62,125.92,132.95,138.62,143.02,146.14,148.05,149.07,149.37,149.17,148.63,147.95,147.07,146.14,145.12,144.14,143.06,141.99,140.92,139.74,138.38,136.67,134.66,132.22,129.29,125.87,121.87,117.47,112.68,107.75,102.87,98.47,94.904,92.169,90.215,88.945,88.164,87.871,87.822,87.919,87.968,88.066,88.066,87.919,87.724,87.382,86.943,86.356,85.721,84.989,84.305,83.475,82.742,81.912,81.13,80.3,79.421,78.59,77.809,77.027,76.294,75.611,74.927,74.243,73.657,73.168,72.68,72.192,71.752,71.361,70.97,70.677,70.287,69.994,69.749,69.505,69.261,69.066,68.821,68.626,68.431,68.235,67.991,67.698,67.258,66.819,66.477,66.233,66.037,66.135,66.916,69.261,73.999,81.57,91.29,101.89,112.19,121.38,129.24,135.88,141.16,145.12,147.8,149.37,150.05,150.1,149.66,149.07,148.24,147.36,146.43,145.51,144.58,143.55,142.58,141.45,140.13,138.62,136.76,134.57,131.88,128.75,125.14,120.89,116.25,111.36,106.38,101.74,97.737,94.562,92.218,90.557,89.531,88.994,88.799,88.799,88.847,88.994,88.994,88.945,88.75,88.359,87.871,87.284,86.601,85.819,84.989,84.11,83.182,82.253,81.277,80.349,79.421,78.492,77.564,76.636,75.757,74.878,74.048,73.315,72.631,71.947,71.312,70.726,70.189,69.749,69.31,68.87,68.479,68.186,67.844,67.551,67.258,66.916,66.672,66.379,66.037,65.744,65.5,65.158,64.914,64.67,64.425,64.181,63.937,63.693,63.448,63.107,62.862,62.569,62.276,61.983,61.69,61.495,61.495,62.276,64.572,69.407,77.223,87.284,98.225,108.68,118.06,126.16,133.05,138.57,142.67,145.51,147.26,148.1,148.39,148.19,147.7,146.97,146.19,145.36,144.43,143.5,142.58,141.6,140.48,139.25,137.79,136.13,134.13,131.73,128.85,125.48,121.62,117.18,112.49,107.6,102.87,98.567,94.904,92.218,90.313,89.092,88.408,88.164,88.164,88.31,88.506,88.701,88.799,88.799,88.603,88.31,87.822,87.187,86.405,85.673,84.842,84.061,83.23,82.351,81.472,80.544,79.665,78.786,77.906,77.125,76.343,75.66,75.073,74.487,73.901,73.364,72.778,72.289,71.85,71.41,71.068,70.726,70.433,70.189,69.945,69.652,69.407,69.114,68.821,68.479,68.186,67.796,67.503,67.112,66.819,66.672,66.868,67.844,70.531,75.757,83.621,93.488,104.04,114.25,123.23,131,137.3,142.28,145.85,148.24,149.56,150.05,150.05,149.61,148.88,148,147.07,146.04,145.07,144.14,143.11,141.99,140.82,139.5,137.89,135.93,133.64,130.8,127.53,123.72,119.37,114.69,109.85,105.11,100.72,97.004,94.074,91.876,90.41,89.482,89.043,88.994,88.994,89.043,89.043,89.043,88.994,88.75,88.359,87.871,87.236,86.503,85.673,84.793,83.865,82.937,81.912,80.886,79.86,78.883,77.858,76.881,75.904,75.073,74.243,73.51,72.778,72.094,71.557,70.97,70.482,70.042,69.554,69.114,68.724,68.284,67.942,67.551,67.161,66.868,66.477,66.184,65.842,65.549,65.305,65.012,64.718,64.572,64.279,64.132,63.937,63.742,63.497,63.253,63.058,62.716,62.423,62.13,61.739,61.495,140.72,139.69,138.57,137.25,135.64,133.69,131.29,128.36,124.94,120.94,116.49,111.76,106.82,102.04,97.786,94.416,91.876,90.117,88.945,88.261,87.968,88.066,88.115,88.261,88.31,88.31,88.164,87.919,87.529,87.138,86.503,85.868,85.135,84.403,83.67,82.84,82.058,81.277,80.495,79.665,78.932,78.102,77.369,76.685,76.001,75.318,74.731,74.194,73.608,73.12,72.631,72.192,71.752,71.361,71.068,70.726,70.482,70.238,69.994,69.749,69.505,69.261,68.968,68.675,68.382,67.991,67.698,67.356,67.161,67.258,67.942,69.945,74.097,81.032,90.215,100.47,110.68,120.01,128.07,134.76,140.13,144.19,146.97,148.63,149.32,149.32,148.93,148.29,147.56,146.68,145.8,144.87,143.85,142.87,141.79,140.62,139.3,137.69,135.74,133.44,130.76,127.53,123.82,119.57,114.93,110,105.11,100.62,96.809,93.781,91.68,90.215,89.385,88.945,88.847,88.945,89.043,89.238,89.287,89.189,88.994,88.554,88.066,87.431,86.698,85.868,84.989,84.11,83.182,82.302,81.374,80.446,79.567,78.688,77.858,76.978,76.246,75.464,74.78,74.097,73.559,72.973,72.485,71.996,71.508,71.068,70.531,70.091,69.652,69.31,68.919,68.528,68.089,67.747,67.356,66.916,66.526,66.184,65.842,65.5,65.256,64.914,64.621,64.279,63.986,63.79,63.546,63.351,63.155,62.911,62.716,62.618,62.423,62.179,61.934,61.592,61.299,61.055,61.006,61.592,63.546,67.991,75.415,85.477,96.662,107.6,117.47,126.12,133.34,139.25,143.7,146.87,148.88,149.95,150.29,150.1,149.66,149.07,148.29,147.61,146.87,146.14,145.36,144.48,143.55,142.43,141.06,139.45,137.45,135.1,132.22,128.95,125.14,120.79,116.1,111.17,106.19,101.5,97.346,94.171,91.778,90.215,89.189,88.701,88.506,88.554,88.701,88.75,88.75,88.603,88.408,88.066,87.626,87.04,86.405,85.673,84.842,84.061,83.23,82.449,81.618,80.788,79.909,79.127,78.248,77.369,76.539,75.806,75.122,74.438,73.901,73.413,72.973,72.533,72.094,71.752,71.361,71.068,70.726,70.482,70.189,69.994,69.749,69.407,69.163,68.919,68.626,68.382,68.04,67.796,67.551,67.356,67.161,66.916,66.721,66.623,66.428,66.233,66.037,65.793,65.549,65.256,64.914,64.67,64.572,64.816,65.842,68.724,74.194,82.253,92.218,102.82,112.88,121.87,129.53,135.98,141.11,144.87,147.41,148.93,149.51,149.41,148.93,148.19,147.31,146.39,145.36,144.38,143.36,142.38,141.35,140.23,139.01,137.45,135.54,133.3,130.61,127.43,123.72,119.62,115.08,110.29,105.55,101.16,97.444,94.513,92.364,90.948,89.971,89.531,89.385,89.385,89.434,89.482,89.482,89.385,89.092,88.75,88.261,87.626,86.943,86.112,85.233,84.305,83.377,82.498,81.57,80.593,79.762,78.883,78.004,77.174,76.441,75.66,74.976,74.341,73.755,73.12,72.533,71.996,71.508,71.068,70.629,70.189,69.798,69.407,69.066,68.675,68.284,67.942,67.503,67.112,66.721,66.379,65.988,65.695,65.353,65.06,64.816,64.572,64.279,64.132,63.937,63.742,63.546,63.302,63.058,62.716,62.472,62.227,62.13,62.374,63.693,66.965,73.12,82.009,92.511,103.16,113.12,121.82,129.24,135.35,140.18,143.7,146,147.41,148.05,148.1,147.75,147.17,146.53,145.8,145.12,144.38,143.6,142.82,141.94,140.87,139.55,137.98,136.18,133.93,131.29,128.17,124.55,120.5,115.91,111.12,106.28,101.69,97.542,94.22,91.778,90.117,89.043,88.506,88.261,88.261,88.31,88.359,88.31,88.164,87.968,87.626,87.187,86.698,86.063,85.282,84.549,83.719,82.937,82.058,81.228,80.349,79.567,78.737,78.004,77.174,76.441,75.757,75.122,74.487,73.999,73.559,73.12,72.729,72.387,71.996,71.654,71.361,71.068,70.677,70.287,69.945,69.505,69.163,68.821,68.528,68.382,68.431,69.066,70.873,74.731,81.032,89.629,99.349,109.26,118.45,126.41,133.1,138.47,142.62,145.51,147.17,148,148.05,147.7,146.87,145.95,144.87,143.7,142.43,141.16,139.79,138.47,137.11,135.54,133.78,131.73,129.19,126.12,122.55,118.45,113.9,109.26,104.58,100.23,96.565,93.732,91.68,90.313,89.434,88.994,88.847,88.945,89.043,89.189,89.189,89.092,88.847,88.506,87.968,87.431,86.747,85.966,85.135,84.256,83.279,82.351,81.423,80.495,79.567,78.688,77.858,77.027,76.294,75.611,74.927,74.292,73.657,73.12,72.485,71.947,71.41,70.97,70.482,70.042,69.603,69.261,68.87,68.528,68.284,67.991,67.747,67.503,67.258,66.965,66.721,66.526,66.281,66.135,65.988,65.793,65.695,65.549,65.353,65.158,64.914,64.718,64.474,64.181,63.937,63.742,63.986,65.158,68.186,74.048,82.937,93.878,105.36,116.2,125.72,133.93,140.62,145.85,149.61,152.05,153.37,153.86,153.81,153.37,152.74,152,151.22,150.49,149.66,148.88,148.05,147.17,146.19,145.07,143.7,141.99,139.99,137.5,134.57,131.1,127.19,122.79,118.11,113.17,108.24,103.7,99.789,96.76,94.562,93.195,92.413,92.12,92.169,92.315,92.511,92.56,92.608,92.511,92.169,91.778,91.241,90.557,89.727,88.945,87.968,87.138,86.161,85.282,84.403,83.621,82.791,82.009,81.277,80.593,79.909,79.225,78.59,78.004,77.418,76.783,76.246,75.757,75.22,74.78,74.341,74.048,73.657,73.364,72.973,72.68,72.387,71.996,71.654,71.215,70.873,70.482,70.189,69.847,69.847,70.384,72.094,75.855,82.107,90.752,100.67,110.88,120.3,128.56,135.44,141.01,145.26,148.19,150.05,150.93,151.17,150.93,150.44,149.66,148.83,147.8,146.83,145.7,144.48,143.31,141.94,140.43,138.77,136.76,134.37,131.63,128.41,124.7,120.45,115.76,110.83,105.85,101.25,97.2,93.976,91.534,89.922,88.945,88.408,88.261,88.31,88.506,88.603,88.603,88.408,88.115,87.626,86.991,86.308,85.477,84.598,83.67,82.742,81.814,80.886,80.007,79.127,78.297,77.467,76.734,75.904,75.171,74.438,73.657,72.973,72.289,71.654,71.117,70.629,70.189,69.749,69.359,68.968,68.675,68.382,68.04,67.747,67.405,67.161,66.916,66.672,66.428,66.233,66.037,65.842,65.695,65.402,65.158,64.865,64.572,64.23,63.937,63.693,63.302,62.911,62.618,62.374,62.276,62.569,63.742,66.721,72.436,80.984,91.485,102.38,112.54,121.57,129.19,135.35,140.18,143.55,145.6,146.53,146.73,146.24,145.41,144.38,143.11,141.94,140.67,139.45,138.23,137.06,135.79,134.42,132.81,130.76,128.26,125.24,121.67,117.57,113.07,108.29,103.7,99.447,95.93,93.243,91.387,90.117,89.385,89.043,88.994,89.092,89.238,89.287,89.385,89.238,89.043,88.701,88.164,87.529,86.845,86.161,85.379,84.5,83.621,82.742,81.814,80.935,80.007,79.127,78.248,77.369,76.539,75.806,75.122,74.487,73.852,73.315,72.778,72.387,71.947,71.508,71.117,70.726,70.433,70.042,69.652,69.359,68.968,68.626,68.382,68.235,68.528,69.652,72.485,77.76,85.673,95.637,106.24,116.35,125.43,133.1,139.35,144.14,147.56,149.66,150.83,151.17,150.98,150.44,149.76,148.88,148,147.07,146.14,145.16,144.19,143.06,141.75,140.33,138.47,136.37,133.78,130.8,127.29,123.28,118.89,114.1,109.17,104.43,100.03,96.418,93.683,91.729,90.557,89.922,89.727,89.873,89.971,90.166,90.215,90.166,89.971,89.678,89.189,88.554,87.871,87.04,86.161,85.184,84.256,83.23,82.302,81.374,80.495,79.616,78.737,77.906,77.125,76.441,75.757,75.073,74.341,73.755,73.168,72.68,72.192,71.752,71.312,70.922,70.531,70.091,69.798,69.407,69.114,68.821,68.528,68.235,67.991,67.747,67.551,67.307,67.063,66.819,66.526,66.281,66.037,65.842,65.695,65.402,65.256,65.109,64.914,64.718,64.572,64.279,64.035,63.79,63.595,63.693,64.279,66.281,70.873,78.541,88.994,100.67,112.1,122.35,131.24,138.67,144.68,149.27,152.39,154.3,155.23,155.47,155.18,154.64,153.86,153.13,152.25,151.32,150.29,149.37,148.39,147.31,146.14,144.73,143.16,141.31,139.01,136.13,132.81,128.85,124.5,119.62,114.44,109.26,104.38,100.13,96.662,94.171,92.511,91.436,90.948,90.752,90.801,90.85,90.948,90.948,90.85,90.606,90.215,89.727,89.092,88.359,87.48,86.601,85.673,84.745,83.865,82.937,82.009,81.032,80.153,79.323,78.492,77.613,76.881,76.099,75.415,74.78,74.243,73.657,73.12,72.631,72.192,71.752,71.361,70.922,70.531,70.238,69.945,69.603,69.359,69.114,68.821,68.528,68.284,68.04,67.796,67.6,67.356,67.161,66.965,66.721,66.526,66.379,66.184,65.988,65.744,65.402,65.158,64.914,64.816,64.865,65.598,67.796,72.289,79.762,89.434,100.18,110.73,120.25,128.51,135.35,140.92,145.12,148.05,149.85,150.83,151.07,150.88,150.29,149.56,148.63,147.61,146.48,145.36,144.24,143.11,141.89,140.48,139.01,137.2,135.01,132.37,129.24,125.63,121.38,116.74,111.76,106.72,102.04,97.932,94.611,92.12,90.508,89.482,88.945,88.799,88.799,88.847,88.945,88.847,88.75,88.408,87.968,87.431,86.747,85.917,85.135,84.256,83.377,82.498,81.57,80.69,79.811,78.981,78.199,77.369,76.636,75.855,75.122,74.341,73.657,72.973,72.387,71.752,71.215,70.726,70.287,69.847,69.505,69.114,68.724,68.382,68.04,67.796,67.551,67.307,67.112,66.868,66.672,66.428,66.184,65.842,65.549,65.158,64.816,64.425,64.132,63.79,63.595,63.497,63.742,64.914,67.796,73.217,81.179,90.85,101.06,110.68,119.33,126.7,132.61,137.25,140.48,142.62,143.6,143.85,143.55,142.82,141.89,140.82,139.6,138.47,137.25,135.98,134.61,133.25,131.68,129.93,127.87,125.29,122.31,118.74,114.69,110.24,105.6,101.01,96.858,93.341,90.801,89.092,87.968,87.431,87.284,87.431,87.626,87.871,87.968,88.115,88.066,87.919,87.626,87.187,86.601,85.917,85.184,84.354,83.572,82.693,81.814,80.984,80.104,79.225,78.444,77.613,76.929,76.246,75.611,75.073,74.438,73.901,73.364,72.875,72.289,71.801,71.312,70.824,70.287,69.945,69.603,69.407,69.554,70.482,72.875,77.467,84.793,94.22,104.62,114.73,123.87,131.63,137.98,143.02,146.63,148.93,150.2,150.54,150.44,149.95,149.17,148.29,147.31,146.24,145.12,143.94,142.72,141.45,140.04,138.42,136.62,134.52,131.93,128.85,125.24,121.18,116.64,111.8,106.92,102.38,98.372,95.197,92.804,91.192,90.166,89.678,89.482,89.531,89.629,89.678,89.678,89.531,89.287,88.994,88.408,87.822,86.991,86.161,85.282,84.403,83.475,82.595,81.618,80.69,79.811,78.932,78.053,77.223,76.343,75.562,74.78,73.999,73.315,72.631,71.996,71.41,70.873,70.287,69.847,69.407,69.066,68.675,68.382,67.991,67.698,67.405,67.112,66.819,66.477,66.184,65.94,65.598,65.353,65.06,64.865,64.67,64.474,64.279,64.132,63.937,63.693,63.448,63.155,62.862,62.472,62.179,61.934,61.788,61.983,63.253,66.428,72.729,82.107,93.488,105.11,115.86,125.24,133.3,139.79,144.87,148.44,150.68,152,152.44,152.3,151.76,151.07,150.2,149.37,148.49,147.61,146.68,145.7,144.63,143.46,142.04,140.43,138.62,136.37,133.74,130.56,126.85,122.6,117.86,112.78,107.8,103.06,98.909,95.637,93.243,91.632,90.606,90.069,89.922,89.971,90.069,90.166,90.166,90.117,89.922,89.629,89.189,88.603,87.968,87.236,86.503,85.721,84.94,84.11,83.279,82.547,81.716,80.984,80.3,79.567,78.883,78.102,77.418,76.734,76.05,75.415,74.731,74.194,73.608,73.168,72.778,72.729,73.071,74.341,77.418,82.791,90.508,99.886,109.66,118.98,127.19,134.13,139.74,144.04,147.07,148.88,149.76,149.8,149.32,148.44,147.36,146.19,144.92,143.7,142.38,141.01,139.55,137.94,136.13,134.08,131.54,128.61,125.19,121.23,116.79,112.05,107.12,102.28,98.03,94.611,92.071,90.362,89.385,88.847,88.799,88.945,89.189,89.434,89.629,89.678,89.531,89.238,88.799,88.261,87.48,86.747,85.868,84.989,84.061,83.133,82.156,81.179,80.251,79.372,78.492,77.662,76.881,76.099,75.366,74.683,74.048,73.51,72.924,72.436,71.85,71.361,70.922,70.531,70.189,69.798,69.505,69.163,68.87,68.528,68.284,67.991,67.747,67.551,67.307,67.063,66.819,66.526,66.379,66.135,65.94,65.744,65.549,65.305,65.109,64.865,64.67,64.425,64.181,63.937,63.595,63.253,62.862,62.569,62.423,62.667,64.035,67.796,74.878,85.184,97.249,109.31,120.16,129.53,137.5,143.94,148.88,152.3,154.49,155.57,155.91,155.76,155.23,154.64,153.81,153.08,152.25,151.42,150.68,149.85,148.93,147.85,146.53,145.02,143.06,140.72,137.98,134.66,130.76,126.36,121.48,116.35,111.12,105.99,101.45,97.737,95.002,93.097,91.925,91.387,91.192,91.192,91.241,91.29,91.29,91.192,90.997,90.557,90.069,89.434,88.799,88.115,87.382,86.552,85.819,84.989,84.256,83.572,82.791,82.058,81.277,80.593,79.909,79.176,78.492,77.809,77.174,76.636,76.099,75.66,75.318,74.878,74.487,74.097,73.852,73.657,73.413,73.168,73.071,72.924,72.778,72.631,72.533,72.436,72.387,72.24,72.094,71.996,71.801,71.605,71.508,71.312,70.97,70.677,70.384,70.042,69.749,69.359,69.261,69.359,70.042,71.947,75.904,82.693,91.973,102.47,112.93,122.45,130.8,137.89,143.5,147.75,150.93,153.08,154.25,154.79,154.79,154.45,153.76,152.88,152.05,151.17,150.44,149.56,148.63,147.51,146.19,144.68,143.02,141.01,138.57,135.54,132.12,128.12,123.67,118.89,113.9,109.36,105.31,102.04,99.544,97.786,96.662,96.174,95.93,95.93,96.076,96.125,96.174,96.125,95.881,95.49,95.002,94.367,93.732,92.999,92.218,91.436,90.606,89.824,88.994,88.164,87.382,86.601,85.917,85.233,84.549,83.914,83.377,82.791,82.302,81.814,81.228,80.739,80.153,79.762,79.225,78.786,78.444,78.053,77.76,77.467,77.467,77.906,79.421,82.742,88.408,96.565,106.24,116.35,125.92,134.32,141.31,146.92,151.22,154.2,155.91,156.79,156.94,156.64,156.01,155.18,154.35,153.52,152.69,151.66,150.68,149.51,148.19,146.63,144.87,142.82,140.38,137.5,134.22,130.51,126.26,121.57,116.64,111.56,106.72,102.57,99.105,96.614,94.855,93.781,93.195,92.999,92.95,92.95,92.95,92.804,92.608,92.364,91.925,91.387,90.752,89.971,89.189,88.359,87.48,86.552,85.624,84.696,83.719,82.742,81.814,80.935,80.007,79.127,78.248,77.418,76.734,76.05,75.366,74.731,74.097,73.559,73.071,72.533,72.045,71.605,71.166,70.726,70.287,69.847,69.407,68.968,68.626,68.235,67.942,67.6,67.307,67.063,66.819,66.526,66.281,66.037,65.744,65.402,65.109,64.865,64.572,64.23,63.937,63.595,63.351,63.107,62.862,62.618,62.276,62.032,61.788,61.544,61.251,60.909,60.664,60.469,60.616,61.739,64.816,70.922,80.349,91.778,103.45,114,123.14,130.95,137.35,142.48,146.39,148.97,150.64,151.37,151.51,151.17,150.54,149.66,148.73,147.7,146.63,145.56,144.48,143.31,141.99,140.57,138.86,136.86,134.61,131.88,128.7,124.94,120.69,116,110.97,105.99,101.25,97.053,93.732,91.387,89.678,88.603,87.968,87.822,87.822,87.871,87.871,87.871,87.822,87.626,87.284,86.845,86.405,85.917,85.282,84.598,83.914,83.182,82.449,81.667,80.886,80.104,79.421,78.737,78.004,77.32,76.636,76.001,75.366,74.731,74.097,73.608,73.12,72.729,72.387,71.996,71.605,71.312,70.97,70.629,70.287,69.994,69.652,69.359,69.114,68.821,68.626,68.382,68.186,67.991,67.796,67.551,67.356,67.112,66.868,66.623,66.379,66.135,65.793,65.598,65.695,66.379,68.479,72.729,79.616,88.75,98.909,108.92,118.06,125.97,132.66,138.13,142.28,145.26,147.17,148.19,148.49,148.29,147.75,146.92,145.95,144.82,143.7,142.48,141.31,140.04,138.77,137.2,135.44,133.44,131.1,128.41,125.24,121.57,117.37,112.78,108.04,103.31,98.909,95.246,92.315,90.166,88.701,87.724,87.236,87.04,87.138,87.236,87.382,87.431,87.382,87.236,86.991,86.601,86.112,85.477,84.793,84.11,83.377,82.547,81.716,80.935,80.104,79.225,78.444,77.613,76.783,76.05,75.366,74.683,74.048,73.364,72.729,72.094,71.508,70.922,70.384,69.847,69.359,68.919,68.528,68.235,67.942,67.698,67.356,67.112,66.819,66.477,66.135,65.793,65.5,65.353,65.549,66.672,69.554,75.073,83.23,93.195,103.55,113.22,121.87,129.29,135.35,140.04,143.55,146,147.41,148.05,148.24,148.05,147.61,146.92,146.14,145.16,144.24,143.16,142.04,140.87,139.45,137.89,135.98,133.93,131.49,128.61,125.29,121.48,117.32,112.68,107.8,102.87,98.177,94.123,90.85,88.554,86.991,85.966,85.477,85.282,85.282,85.428,85.575,85.624,85.575,85.428,85.184,84.793,84.354,83.816,83.23,82.547,81.814,81.13,80.446,79.665,78.883,78.199,77.418,76.734,75.904,75.22,74.487,73.852,73.217,72.68,72.192,71.654,71.312,70.873,70.482,70.189,69.798,69.407,69.114,68.821,68.479,68.235,67.942,67.698,67.503,67.6,68.089,69.652,73.12,79.03,87.382,97.102,107.12,116.49,124.75,131.68,137.3,141.55,144.58,146.43,147.31,147.41,147.07,146.24,145.26,144.14,142.82,141.5,140.04,138.62,137.06,135.44,133.64,131.54,129.19,126.36,123.04,119.23,115.08,110.44,105.6,100.86,96.614,93.048,90.215,88.31,86.991,86.161,85.819,85.673,85.819,85.917,86.112,86.161,86.161,86.063,85.819,85.428,84.94,84.354,83.719,83.035,82.302,81.472,80.69,79.86,79.03,78.248,77.418,76.636,75.806,75.122,74.438,73.755,73.12,72.436,71.801,71.312,70.824,70.287,69.798,69.407,69.066,68.675,68.284,67.991,67.747,67.503,67.258,66.965,66.721,66.428,66.184,65.988,65.744,65.549,65.353,65.158,65.06,64.865,64.67,64.425,64.23,63.986,63.742,63.497,63.253,63.107,63.448,64.718,68.089,74.438,83.719,94.855,106.19,116.64,125.82,133.54,139.99,145.02,148.68,151.12,152.44,152.98,152.93,152.44,151.61,150.68,149.66,148.73,147.7,146.68,145.56,144.38,143.11,141.7,140.04,138.18,135.93,133.3,130.22,126.7,122.7,118.25,113.42,108.39,103.45,98.86,94.904,91.876,89.629,88.066,87.04,86.503,86.161,86.112,86.063,86.063,85.966,85.868,85.624,85.282,84.842,84.403,83.865,83.279,82.595,81.912,81.228,80.495,79.665,78.932,78.102,77.32,76.49,75.757,75.073,74.341,73.755,73.12,72.485,71.947,71.41,70.922,70.482,70.042,69.749,69.359,69.114,68.87,68.675,68.431,68.186,67.942,67.698,67.405,67.112,66.868,66.623,66.379,66.233,66.281,66.721,68.235,71.557,77.467,85.917,95.93,106.19,115.81,124.26,131.44,137.35,141.94,145.26,147.31,148.44,148.73,148.49,147.85,146.87,145.75,144.48,143.16,141.79,140.43,138.91,137.45,135.74,133.93,131.73,129.29,126.36,122.94,119.03,114.69,110,105.26,100.57,96.369,92.804,90.069,88.066,86.747,85.917,85.477,85.379,85.428,85.575,85.673,85.721,85.721,85.624,85.379,84.989,84.5,83.914,83.279,82.595,81.863,81.13,80.3,79.469,78.59,77.809,76.978,76.197,75.366,74.683,73.999,73.315,72.68,72.045,71.508,70.922,70.384,69.847,69.407,68.968,68.626,68.235,67.844,67.6,67.307,67.063,66.721,66.428,66.037,65.598,65.109,64.67,64.181,63.742,63.302,62.862,62.472,62.179,61.885,61.592,61.348,61.104,60.86,60.567,60.225,59.981,59.785,59.981,61.153,64.425,70.677,79.909,90.801,101.74,111.8,120.6,128.12,134.37,139.25,142.87,145.16,146.43,146.92,146.87,146.39,145.6,144.68,143.7,142.62,141.55,140.48,139.3,138.03,136.67,135.1,133.34,131.29,129,126.31,123.23,119.77,115.86,111.51,106.72,101.89,97.2,92.853,89.434,86.943,85.233,84.158,83.572,83.377,83.377,83.572,83.719,83.914,84.061,84.061,84.012,83.816,83.475,83.133,82.595,82.058,81.472,80.886,80.251,86.161,85.966,85.673,85.233,84.745,84.11,83.426,82.595,81.863,80.984,80.153,79.323,78.444,77.613,76.734,76.001,75.22,74.487,73.852,73.217,72.68,72.094,71.557,71.068,70.629,70.189,69.749,69.31,68.919,68.528,68.235,67.844,67.503,67.161,66.819,66.477,66.184,65.94,65.695,65.402,65.158,64.914,64.67,64.425,64.181,63.986,63.79,63.595,63.448,63.253,63.107,63.009,62.814,62.618,62.374,62.179,61.934,61.69,61.544,61.788,62.911,65.744,71.312,79.665,90.069,101.01,111.41,120.74,128.85,135.64,141.11,145.26,148.1,149.85,150.68,150.93,150.68,150.1,149.41,148.68,147.95,147.12,146.29,145.36,144.38,143.26,141.99,140.57,139.01,137.11,134.91,132.32,129.29,125.82,121.82,117.42,112.68,107.8,103.01,98.665,95.099,92.315,90.313,88.945,88.115,87.724,87.626,87.675,87.724,87.871,87.871,87.724,87.48,87.138,86.552,85.868,85.135,84.305,83.426,82.498,81.57,80.593,79.665,78.737,77.858,76.978,76.197,75.366,74.634,73.852,73.12,72.485,71.85,71.215,70.677,70.091,69.554,69.066,68.626,68.186,67.747,67.356,66.916,66.623,66.233,65.94,65.598,65.305,65.06,64.816,64.474,64.181,63.937,63.595,63.448,63.155,63.009,62.814,62.618,62.423,62.227,61.983,61.739,61.446,61.104,60.811,60.616,60.567,61.006,62.569,66.233,72.68,81.667,92.071,102.38,111.85,120.3,127.53,133.49,138.18,141.6,143.94,145.26,145.8,145.8,145.31,144.63,143.75,142.82,141.79,140.82,139.79,138.77,137.54,136.32,134.86,133.3,131.44,129.24,126.7,123.58,120.01,115.91,111.51,106.82,102.04,97.542,93.683,90.655,88.408,86.845,85.868,85.379,85.184,85.184,85.282,85.379,85.428,85.428,85.282,85.038,84.696,84.256,83.621,82.986,82.302,81.57,80.739,79.909,79.127,78.346,77.564,76.783,76.05,75.318,74.634,73.901,73.315,72.729,72.192,71.654,71.166,70.726,70.384,69.994,69.603,69.261,68.87,68.479,68.186,67.942,67.6,67.307,67.063,66.819,66.623,66.379,66.135,65.842,65.598,65.402,65.158,64.914,64.67,64.474,64.279,64.132,63.937,63.742,63.497,63.302,63.058,62.716,62.472,62.227,62.032,62.179,63.009,65.353,70.189,77.809,87.48,98.03,108.29,117.62,125.82,132.76,138.47,142.87,146,148,148.97,149.27,148.97,148.39,147.51,146.53,145.56,144.48,143.5,142.48,141.35,140.18,138.91,137.45,135.79,133.93,131.78,129.29,126.36,122.84,118.94,114.49,109.8,105.06,100.57,96.565,93.341,90.948,89.189,87.968,87.284,87.04,86.991,87.04,87.138,87.187,87.138,86.943,86.698,86.259,85.673,85.038,84.305,83.475,82.693,81.863,80.984,80.104,79.323,78.444,77.613,76.881,76.05,75.318,74.536,73.852,73.168,72.485,71.947,71.361,70.873,70.384,69.847,69.505,69.066,68.675,68.284,67.991,67.6,67.307,66.965,66.672,66.379,66.135,65.842,65.598,65.402,65.158,64.914,64.816,64.621,64.425,64.23,64.132,63.937,63.742,63.497,63.155,62.862,62.472,62.179,61.885,61.885,62.569,64.67,69.261,76.636,86.308,96.858,107.26,116.69,124.8,131.73,137.35,141.7,144.73,146.73,147.8,148.19,148.05,147.56,146.83,146,145.07,144.19,143.31,142.43,141.5,140.48,139.35,138.03,136.57,134.81,132.76,130.17,127.24,123.72,119.81,115.42,110.68,105.8,101.11,96.858,93.341,90.606,88.701,87.284,86.552,86.112,85.966,85.966,86.063,86.063,85.966,85.819,85.477,85.038,84.549,84.012,83.279,82.547,81.814,81.032,80.251,79.469,78.688,77.858,77.125,76.294,75.562,74.731,73.999,73.217,72.485,71.801,71.166,70.531,69.994,69.505,69.066,68.626,68.235,67.844,67.503,67.161,66.819,66.526,66.233,65.988,65.695,65.402,65.109,64.865,64.621,64.377,64.132,63.839,63.595,63.448,63.155,63.009,62.716,62.472,62.227,61.983,61.739,61.495,61.153,61.006,60.811,60.713,61.055,62.227,65.06,70.433,78.541,88.603,99.251,109.36,118.54,126.51,133.1,138.42,142.38,145.07,146.63,147.17,147.12,146.63,145.75,144.63,143.46,142.19,140.92,139.74,138.42,137.11,135.74,134.22,132.56,130.61,128.26,125.38,122.01,118.11,113.76,109.12,104.38,99.789,95.734,92.511,89.971,88.31,87.187,86.552,86.259,86.259,86.356,86.552,86.747,86.796,86.747,86.552,86.161,85.721,85.135,84.403,83.67,82.937,82.107,81.228,80.349,79.421,78.541,77.613,76.783,76.001,75.171,74.438,73.755,73.12,72.485,71.947,71.41,70.922,70.433,69.994,69.554,69.114,68.724,68.431,68.04,67.747,67.405,67.112,66.819,66.477,66.184,65.94,65.744,65.5,65.256,65.012,64.718,64.572,64.377,64.181,63.986,63.79,63.693,63.497,63.302,63.107,62.911,62.667,62.423,62.13,61.885,61.788,62.13,63.497,66.868,72.924,81.716,92.315,103.26,113.56,122.75,130.61,137.2,142.38,146.19,148.73,150.29,150.98,151.12,150.83,150.2,149.37,148.49,147.56,146.68,145.75,144.82,143.85,142.87,141.7,140.43,138.86,137.11,135.05,132.56,129.63,126.26,122.31,118.01,113.32,108.48,103.74,99.447,95.686,92.804,90.655,89.238,88.408,88.066,87.871,87.822,87.822,87.871,87.871,87.675,87.284,86.796,86.161,85.477,84.598,83.719,82.84,82.058,81.13,80.251,79.421,78.59,77.809,76.978,76.197,75.366,74.634,73.852,73.12,72.436,71.801,71.166,70.629,70.042,69.505,68.968,68.528,68.089,67.698,67.307,66.916,66.526,66.281,66.037,65.744,65.5,65.256,65.012,64.718,64.474,64.279,64.035,63.79,63.595,63.448,63.253,63.009,62.716,62.472,62.179,61.885,61.495,61.104,60.811,60.616,60.616,61.104,62.814,66.623,73.217,82.449,92.853,103.26,112.78,121.23,128.41,134.37,139.06,142.48,144.82,146.14,146.63,146.48,145.95,145.07,144.14,143.11,142.04,141.01,139.89,138.81,137.69,136.57,135.3,133.93,132.22,130.22,127.87,125.04,121.67,117.81,113.56,108.92,104.18,99.691,95.686,92.413,89.971,88.31,87.138,86.405,86.112,85.966,86.112,86.259,86.308,86.356,86.308,86.112,85.721,85.282,84.745,84.158,83.475,82.791,82.058,81.277,80.544,79.762,78.932,78.102,77.369,76.539,75.806,75.073,74.341,73.657,73.071,72.485,71.947,71.41,70.922,70.482,70.091,69.652,69.31,68.919,68.626,68.284,67.991,67.747,67.405,67.161,66.868,66.623,66.379,66.184,65.94,65.695,65.402,65.158,65.012,64.816,64.621,64.377,64.181,64.035,63.839,63.693,63.448,63.155,62.911,62.618,62.423,62.374,62.814,64.23,67.698,73.852,82.693,93.243,103.99,114.1,123.14,130.8,137.2,142.19,145.95,148.44,149.95,150.54,150.54,150.1,149.41,148.63,147.75,146.73,145.8,144.87,143.94,143.02,141.94,140.82,139.5,137.94,136.13,133.98,131.44,128.36,124.85,120.89,116.49,111.76,106.87,102.18,98.03,94.611,91.973,90.117,88.847,88.115,87.822,87.724,87.822,87.919,87.968,87.968,87.919,87.675,87.236,86.698,86.063,85.282,84.5,83.621,82.791,81.912,81.032,80.153,79.323,78.444,77.564,76.734,75.904,75.171,74.487,73.803,73.168,72.533,71.996,71.41,70.922,70.433,69.994,69.554,69.114,68.724,68.431,68.089,67.796,67.551,67.307,67.063,66.819,66.477,66.233,65.988,65.744,65.5,65.305,65.109,64.914,64.816,64.621,64.425,64.181,63.986,63.742,63.448,63.155,62.911,62.814,63.107,64.279,67.356,73.12,81.57,91.925,102.72,112.98,122.11,129.93,136.37,141.5,145.26,147.7,149.12,149.76,149.8,149.41,148.88,148.1,147.26,146.39,145.41,144.43,143.46,142.28,141.11,139.89,138.42,136.76,134.81,132.51,129.83,126.7,123.14,119.13,114.69,110,105.16,100.62,96.565,93.243,90.752,88.994,87.871,87.236,86.943,86.845,86.845,86.943,86.845,86.747,86.503,86.112,85.624,84.989,84.305,83.572,82.742,81.912,81.13,80.3,79.421,78.59,77.809,77.027,76.246,75.464,74.731,74.048,73.315,72.533,71.85,71.215,70.629,70.091,69.603,69.114,68.724,68.284,67.991,67.6,67.307,66.916,66.623,66.379,66.037,65.793,65.549,65.256,64.914,64.621,64.377,64.035,63.79,63.595,63.351,63.155,62.911,62.667,62.423,62.179,61.885,61.544,61.299,61.006,60.664,60.469,60.371,60.664,61.885,64.865,70.531,78.932,89.043,99.593,109.66,118.59,126.31,132.61,137.59,141.35,143.8,145.26,145.8,145.7,145.16,144.43,143.5,142.43,141.45,140.43,139.45,138.42,137.35,136.18,134.91,133.44,131.68,129.63,127.04,123.92,120.3,116.25,111.76,107.07,102.43,98.177,94.611,91.876,89.824,88.408,87.529,87.187,86.991,87.04,87.138,87.236,87.284,87.284,87.187,86.943,86.552,85.966,85.379,84.696,83.865,83.035,82.156,81.277,80.446,79.567,78.59,77.76,76.881,76.05,75.318,74.634,73.901,73.315,72.729,72.094,71.605,71.068,70.531,70.091,69.652,69.261,68.87,68.479,68.186,67.844,67.6,67.307,67.063,66.819,66.477,66.233,65.988,65.793,65.549,65.305,65.06,64.816,64.572,64.377,64.181,64.035,63.839,63.742,63.546,63.302,63.058,62.814,62.569,62.423,62.618,63.448,65.695,70.384,77.809,87.626,98.421,109.12,118.74,127.19,134.32,140.04,144.48,147.7,149.76,150.88,151.22,151.12,150.68,150.05,149.32,148.44,147.56,146.68,145.8,144.87,143.85,142.72,141.5,140.13,138.47,136.47,134.13,131.29,127.97,124.31,120.11,115.57,110.68,105.8,101.16,97.102,93.781,91.387,89.678,88.603,88.066,87.871,87.919,87.968,88.115,88.164,88.115,87.919,87.626,87.187,86.601,85.917,85.135,84.305,83.377,82.498,81.57,80.69,79.811,78.932,78.102,77.32,76.539,75.806,75.122,74.438,73.755,73.071,72.436,71.85,71.361,70.873,70.433,69.945,69.505,69.066,68.528,68.089,67.698,67.307,66.868,66.526,66.184,65.842,65.549,65.305,65.012,64.816,64.572,64.377,64.181,63.986,63.79,63.595,63.351,63.107,62.814,62.423,62.13,61.739,61.446,61.299,61.739,63.351,67.112,73.559,82.498,92.853,103.31,112.98,121.48,128.75,134.76,139.5,143.02,145.36,146.73,147.36,147.41,147.12,146.48,145.75,144.92,144.04,143.16,142.23,141.26,140.18,139.06,137.74,136.23,134.52,132.51,130.12,127.24,123.92,120.11,115.81,111.17,106.38,101.6,97.297,93.683,90.85,88.847,87.48,86.698,86.259,86.112,86.112,86.112,86.161,86.112,85.917,85.673,85.282,84.745,84.158,83.475,82.84,82.156,81.423,80.69,79.811,78.981,78.102,77.369,76.636,75.855,75.122,74.341,73.657,72.973,72.289,71.752,71.166,70.677,70.189,69.652,69.261,68.821,68.431,68.04,67.747,67.405,67.112,66.868,66.623,66.379,66.135,65.842,65.598,65.402,65.256,65.012,64.718,64.474,64.279,64.132,63.986,63.79,63.595,63.351,63.155,63.009,62.814,62.667,62.472,62.472,62.667,63.497,65.744,70.287,77.564,86.943,97.297,107.51,116.88,125.19,132.12,137.74,142.04,145.07,146.87,147.7,147.75,147.17,146.29,145.16,143.99,142.72,141.5,140.23,138.91,137.69,136.32,134.86,133.25,131.44,129.24,126.7,123.67,120.25,116.3,111.95,107.36,102.82,98.567,94.855,91.973,89.824,88.359,87.431,86.943,86.698,86.601,86.698,86.747,86.796,86.747,86.552,86.259,85.868,85.379,84.745,84.061,83.377,82.547,81.716,80.886,80.007,79.127,78.248,77.418,76.539,75.757,74.976,74.292,73.608,72.973,72.436,71.85,71.361,70.873,70.384,69.945,69.407,69.066,68.626,68.284,67.942,67.6,67.307,66.965,66.672,66.428,66.135,65.842,65.598,65.305,65.109,64.865,64.67,64.474,64.279,64.181,63.986,63.79,63.595,63.497,63.302,63.058,62.716,62.472,62.227,62.13,62.374,63.448,66.233,71.654,79.811,89.922,100.72,111.12,120.35,128.36,135.05,140.43,144.43,147.17,148.88,149.66,149.95,149.66,149.17,148.44,147.61,146.83,145.95,145.12,144.19,143.16,142.14,140.87,139.5,137.89,135.98,133.78,131.24,128.31,124.85,120.94,116.69,112.05,107.16,102.43,97.981,94.318,91.436,89.434,88.115,87.284,86.991,86.845,86.943,86.991,86.991,86.845,86.698,86.356,85.917,85.379,84.696,83.865,83.035,82.253,81.374,80.544,79.665,78.883,78.053,77.223,76.441,75.611,74.78,73.999,73.217,72.485,71.801,71.166,70.629,70.042,69.603,69.163,68.821,68.431,67.991,67.6,67.307,66.916,66.623,66.281,66.037,65.744,65.5,65.158,64.865,64.621,64.279,63.986,63.742,63.497,63.155,63.009,62.716,62.472,62.179,61.885,61.544,61.251,60.909,60.616,60.42,60.371,60.616,61.739,64.621,70.091,78.248,88.261,98.763,108.73,117.67,125.43,131.78,136.91,140.87,143.55,145.26,146,146.04,145.6,144.87,143.94,142.92,141.79,140.72,139.6,138.42,137.11,135.79,134.37,132.81,131,128.85,126.31,123.23,119.62,115.57,111.12,106.43,101.79,97.542,93.976,91.192,89.189,87.724,86.845,86.405,86.259,86.308,86.405,86.552,86.601,86.552,86.356,86.063,85.575,84.989,84.305,83.572,82.742,81.912,81.179,80.349,79.616,78.737,77.858,77.027,76.246,75.415,74.683,73.901,73.315,72.68,72.045,71.508,70.922,70.433,69.945,69.407,68.968,68.528,68.186,67.796,67.503,67.161,66.868,66.623,66.379,66.135,65.842,65.598,65.353,65.109,64.914,64.718,64.572,64.377,64.23,64.132,63.986,63.79,63.693,63.497,63.253,63.009,62.667,62.423,62.227,62.276,63.058,65.305,69.994,77.564,87.382,98.225,108.87,118.54,126.99,134.08,139.74,144.04,147.12,148.97,150,150.39,150.2,149.66,148.97,148.19,147.31,146.43,145.56,144.63,143.7,142.62,141.55,140.33,138.91,137.3,135.44,133.2,130.56,127.43,123.87,119.77,115.22,110.44,105.55,100.86,96.809,93.488,90.948,89.092,87.871,87.187,86.796,86.698,86.698,86.698,86.747,86.698,86.503,86.161,85.721,85.184,84.549,83.865,83.035,82.156,81.277,80.446,79.616,78.737,77.906,77.027,76.294,75.562,74.78,73.999,73.315,72.631,71.996,71.41,70.922,70.433,69.994,69.554,69.163,68.821,68.431,68.089,67.796,67.551,67.307,67.063,66.819,66.526,66.233,65.988,65.793,65.549,65.305,65.06,64.865,64.621,64.425,64.23,63.986,63.742,63.497,63.253,62.911,62.667,62.472,62.569,63.155,65.109,69.359,76.294,85.624,96.174,106.72,116.44,124.85,131.98,137.89,142.38,145.56,147.61,148.73,149.17,148.97,148.44,147.7,146.73,145.75,144.73,143.8,142.87,141.89,140.82,139.69,138.42,137.06,135.44,133.54,131.24,128.51,125.24,121.57,117.42,112.88,108.04,103.16,98.665,94.806,91.68,89.287,87.675,86.601,86.112,85.917,85.917,85.966,86.063,86.112,86.063,85.868,85.624,85.184,84.598,83.914,83.182,82.449,81.57,80.739,79.811,78.883,77.906,77.027,76.246,75.366,74.487,73.608,72.778,71.996,71.312,70.629,69.994,69.359,68.821,68.235,67.6,66.965,66.379,65.793,65.305,64.865,64.474,64.132,63.839,63.595,63.302,63.058,62.814,62.472,62.227,61.934,61.592,61.348,61.055,60.86,60.616,60.42,60.225,59.981,59.785,59.541,59.443,59.443,59.736,60.811,63.546,68.675,76.685,86.601,97.249,107.41,116.54,124.36,131,136.37,140.57,143.5,145.36,146.29,146.53,146.39,145.75,145.02,144.04,143.06,141.99,140.87,139.79,138.67,137.5,136.23,134.86,133.3,131.44,129.24,126.56,123.43,119.81,115.61,111.12,106.28,101.6,97.249,93.488,90.508,88.31,86.747,85.819,85.282,85.038,85.038,85.184,85.282,85.379,85.379,85.233,84.94,84.5,84.012,83.377,82.547,81.716,80.788,79.909,78.981,78.102,77.174,76.246,75.415,74.536,73.755,72.973,72.24,71.557,70.873,70.238,69.652,69.114,68.626,68.186,67.698,67.258,66.819,66.477,66.184,65.793,65.402,65.109,64.865,64.572,64.181,63.937,63.595,63.351,63.107,62.862,62.667,62.472,62.276,62.13,61.885,61.69,61.495,61.299,61.055,60.811,60.469,60.176,59.981,60.127,61.055,63.546,68.626,76.441,86.405,97.2,107.41,116.64,124.5,131.1,136.57,140.72,143.75,145.7,146.68,146.97,146.83,146.24,145.36,144.29,143.26,142.19,141.11,140.04,139.06,137.98,136.81,135.44,133.78,131.93,129.73,127.19,124.11,120.55,116.49,112,107.16,102.23,97.591,93.488,90.166,87.626,85.819,84.549,83.865,83.475,83.377,83.377,83.426,83.475,83.475,83.377,83.133,82.742,82.253,81.716,81.13,80.495,79.811,79.127,78.346,77.613,76.783,76.001,75.171,74.341,73.559,72.729,71.996,71.166,70.482,69.798,69.261,68.675,68.186,67.747,67.307,66.868,66.477,66.184,65.94,65.695,65.353,65.109,64.865,64.572,64.279,64.035,63.79,63.595,63.497,63.351,63.253,63.107,63.009,62.862,62.716,62.618,62.472,62.276,62.032,61.885,61.69,61.544,61.739,62.716,65.256,70.238,78.004,87.822,98.421,108.63,117.62,125.38,131.88,137.06,141.01,143.8,145.51,146.24,146.29,145.8,144.92,143.8,142.58,141.26,139.94,138.62,137.3,136.08,134.76,133.44,131.98,130.36,128.51,126.16,123.43,120.25,116.49,112.24,107.75,103.06,98.616,94.611,91.29,88.75,86.845,85.673,84.94,84.549,84.403,84.403,84.549,84.598,84.598,84.549,84.354,84.061,83.572,82.986,82.302,81.618,80.886,80.055,79.225,78.444,77.613,76.783,76.001,75.122,74.243,73.413,72.729,71.996,71.361,70.726,70.091,69.505,68.919,68.431,67.991,67.503,67.063,66.672,66.281,65.988,65.695,65.353,65.109,64.865,64.572,64.279,64.035,63.79,63.595,63.351,63.155,63.009,62.814,62.618,62.472,62.276,62.179,61.983,61.739,61.495,61.153,61.055,61.348,62.618,65.695,71.361,79.762,89.922,100.62,110.73,119.77,127.29,133.54,138.57,142.23,144.73,146.24,146.97,147.07,146.83,146.24,145.51,144.63,143.7,142.72,141.75,140.72,139.6,138.42,137.11,135.64,133.93,131.98,129.68,127.04,124.02,120.5,116.54,112.24,107.7,102.91,98.323,94.123,90.606,87.919,85.966,84.696,83.865,83.426,83.279,83.279,83.377,83.377,83.279,83.182,82.937,82.547,82.107,81.57,80.984,80.3,79.616,78.932,78.199,77.418,76.636,75.855,75.073,74.243,73.413,72.68,71.947,71.215,70.531,69.945,69.31,68.724,68.235,67.796,67.405,66.965,66.623,66.281,65.988,65.695,65.402,65.109,64.865,64.621,64.377,64.132,63.937,63.79,63.693,63.546,63.448,63.351,63.155,63.058,62.911,62.716,62.569,62.374,62.179,62.032,62.032,62.472,64.035,67.551,73.755,82.498,92.804,103.26,112.98,121.57,128.8,134.76,139.45,142.87,145.12,146.39,146.83,146.63,146,145.07,143.94,142.62,141.31,139.99,138.67,137.45,136.18,134.86,133.44,131.88,130.07,127.92,125.48,122.5,119.03,115.13,110.73,106.19,101.5,97.053,93.195,90.117,87.724,86.112,85.038,84.403,84.11,84.061,84.11,84.256,84.305,84.305,84.256,84.012,83.621,83.133,82.547,81.863,81.179,80.349,79.567,78.737,77.858,77.027,76.246,75.415,74.634,73.901,73.217,72.485,71.801,71.117,70.482,69.847,69.359,68.821,68.284,67.844,67.405,67.063,66.623,66.233,65.94,65.598,65.305,65.06,64.816,64.474,64.23,63.937,63.742,63.546,63.351,63.155,63.058,62.862,62.618,62.423,62.227,62.032,61.788,61.544,61.348,61.495,62.227,64.425,68.968,76.343,86.063,96.907,107.7,117.47,125.92,132.95,138.47,142.67,145.6,147.41,148.29,148.49,148.19,147.51,146.68,145.7,144.73,143.75,142.72,141.75,140.62,139.45,138.13,136.67,135.1,133.3,131.1,128.61,125.72,122.35,118.54,114.3,109.66,104.87,100.13,95.734,91.973,89.043,86.845,85.428,84.5,84.061,83.865,83.816,83.816,83.816,83.719,83.621,83.377,82.986,82.547,82.058,81.423,80.739,80.007,79.323,78.541,77.809,77.027,76.246,75.415,74.634,73.803,72.973,72.192,71.41,70.677,70.042,69.407,68.87,68.284,67.796,67.356,66.965,66.623,66.281,65.988,65.744,65.402,65.109,64.816,64.572,64.23,63.986,63.742,63.546,63.302,63.107,62.911,62.716,62.472,62.276,62.032,61.885,61.592,61.446,61.251,61.055,61.006,61.299,62.423,65.158,70.384,78.248,88.164,98.812,109.07,118.25,126.12,132.56,137.69,141.45,143.99,145.56,146.19,146.14,145.51,144.58,143.36,142.14,140.82,139.5,138.33,137.06,135.88,134.61,133.2,131.63,129.68,127.39,124.6,121.43,117.67,113.51,108.97,104.28,99.74,95.539,92.071,89.385,87.382,85.966,85.135,84.598,84.354,84.354,84.354,84.403,84.403,84.305,84.11,83.816,83.426,82.937,82.351,81.716,81.032,80.349,79.665,78.981,78.444,77.906,77.613,77.613,78.297,80.104,83.23,87.724,93.243,99.251,105.26,110.68,115.22,118.79,121.23,122.6,122.99,122.31,120.79,118.59,115.86,112.63,109.12,105.41,101.55,97.591,93.536,89.531,85.624,82.009,78.737,76.05,74.097,72.778,72.094,71.996,72.192,72.68,73.364,74.048,74.78,75.415,75.904,76.197,76.246,76.05,75.757,75.171,74.536,73.852,73.071,72.24,71.361,70.531,69.798,69.066,68.382,67.698,67.112,66.526,65.988,65.402,64.865,64.279,63.79,63.253,62.716,62.227,61.739,61.299,60.909,60.567,60.225,59.932,59.736,59.492,59.297,59.101,59.004,58.808,58.662,58.564,58.369,58.222,57.978,57.783,57.538,57.294,57.099,56.903,56.806,56.61,56.415,56.317,56.122,55.975,55.926,55.878,55.78,55.731,55.682,55.682,55.682,55.682,55.78,56.073,56.317,56.757,57.245,57.88,58.613,59.492,60.567,61.885,63.253,64.621,66.037,67.307,68.626,69.847,70.97,71.947,72.631,73.168,73.559,73.852,73.901,73.999,73.999,73.999,73.901,73.901,73.852,73.852,73.852,73.803,73.755,73.608,73.413,73.364,73.803,75.415,79.176,85.868,95.246,106.19,117.32,127.63,136.67,144.29,150.49,155.08,158.25,160.31,161.28,161.48,161.14,160.31,159.23,158.06,156.74,155.42,154.1,152.78,151.51,150.2,148.73,147.17,145.56,143.7,141.5,139.06,136.18,132.86,129.19,125.04,120.55,115.66,110.68,105.7,101.06,97.053,93.878,91.387,89.629,88.408,87.675,87.236,86.991,86.845,86.796,86.698,86.503,86.161,85.819,85.282,84.696,83.914,83.182,82.351,81.57,80.69,79.811,78.883,78.004,77.125,76.246,75.366,74.536,73.852,73.168,72.485,71.85,71.215,70.677,70.189,69.652,69.261,68.821,68.382,67.942,67.551,67.258,66.868,66.526,66.184,65.842,65.549,65.256,65.012,64.718,64.425,64.181,63.937,63.693,63.448,63.253,63.058,62.814,62.618,62.374,62.032,61.739,61.348,61.006,60.811,61.104,62.569,66.135,72.387,81.13,91.29,101.6,111.12,119.37,126.16,131.68,135.88,138.86,140.67,141.6,141.79,141.5,140.87,140.04,139.11,138.03,137.06,135.98,134.91,133.74,132.56,131.2,129.63,127.87,125.72,123.38,120.6,117.57,114,110.05,105.8,101.3,96.76,92.364,88.554,85.428,83.182,81.618,80.593,80.055,79.909,80.007,80.153,80.349,80.495,80.593,80.544,80.446,80.153,79.86,79.469,78.981,78.492,78.004,77.418,76.978,76.539,76.197,75.806,75.464,75.122,74.78,74.487,74.243,73.901,73.657,73.413,73.168,72.924,72.631,72.289,71.996,71.605,71.215,70.922,70.531,70.189,69.847,69.505,69.163,68.87,68.479,68.235,67.991,67.747,67.503,67.161,66.819,66.477,66.135,65.744,65.305,64.865,64.377,63.839,63.351,63.058,63.253,64.474,67.6,73.315,81.472,91.241,101.35,110.92,119.42,126.6,132.56,137.2,140.57,142.82,144.04,144.48,144.38,143.75,142.87,141.79,140.57,139.25,137.89,136.47,135.05,133.54,132.07,130.41,128.7,126.75,124.5,121.87,118.79,115.22,111.32,106.92,102.43,97.932,93.878,90.313,87.529,85.428,83.914,82.937,82.302,81.912,81.814,81.667,81.618,81.57,81.423,81.179,80.788,80.349,79.86,79.225,78.59,77.906,77.223,76.49,75.66,74.878,74.048,73.217,72.485,71.654,70.922,70.189,69.407,68.724,68.04,67.503,66.916,66.428,65.94,65.402,65.012,64.572,64.132,63.79,63.497,63.155,62.862,62.569,62.227,61.934,61.592,61.348,61.104,60.86,60.616,60.42,60.225,60.029,59.785,59.59,59.297,59.053,58.759,58.466,58.222,58.124,58.173,59.004,61.348,66.037,73.559,83.23,93.781,103.99,113.07,120.74,127.14,132.12,135.79,138.38,139.94,140.62,140.62,140.13,139.3,138.33,137.11,135.93,134.76,133.54,132.42,131.29,130.12,128.8,127.29,125.63,123.67,121.38,118.69,115.47,111.8,107.75,103.35,98.86,94.513,90.557,87.382,84.94,83.23,82.107,81.423,81.179,81.179,81.374,81.618,81.814,81.912,82.009,81.863,81.618,81.277,80.886,80.3,79.665,79.03,78.297,77.564,76.783,76.05,75.22,74.487,73.755,72.973,72.24,71.557,70.922,70.287,69.749,69.261,68.675,68.186,67.747,67.307,66.868,66.428,66.037,65.744,65.402,65.158,64.914,64.621,64.377,64.035,63.79,63.546,63.351,63.107,63.009,62.814,62.618,62.423,62.179,61.983,61.788,61.544,61.299,61.104,60.909,61.055,61.934,64.377,69.359,77.174,87.138,97.932,108.39,117.67,125.68,132.17,137.35,141.31,143.99,145.7,146.43,146.53,146.19,145.41,144.58,143.7,142.72,141.75,140.72,139.69,138.62,137.45,136.18,134.76,133.1,131.29,129.09,126.56,123.58,120.11,116.2,111.95,107.31,102.72,98.323,94.416,91.192,88.701,86.845,85.673,84.842,84.5,84.354,84.354,84.354,84.354,84.354,84.158,83.914,83.621,83.133,82.547,81.912,81.179,80.495,79.762,78.932,78.102,77.32,76.49,75.611,74.78,74.048,73.364,72.631,71.947,71.312,70.677,70.091,69.554,69.066,68.626,68.186,67.747,67.356,66.965,66.672,66.379,66.037,65.744,65.402,65.158,64.914,64.718,64.474,64.279,64.035,63.839,63.595,63.448,63.253,63.009,62.667,62.423,62.13,61.934,61.885,62.423,64.23,68.284,75.122,84.5,95.246,105.99,115.81,124.16,131.1,136.67,140.92,143.94,145.85,146.83,147.07,146.83,146.24,145.51,144.68,143.8,142.82,141.75,140.62,139.5,138.23,136.86,135.3,133.64,131.63,129.29,126.6,123.58,120.01,116,111.61,106.92,102.23,97.884,93.976,90.85,88.554,86.845,85.819,85.233,84.94,84.842,84.94,84.989,84.989,84.842,84.745,84.403,84.012,83.475,82.84,82.253,81.472,80.69,79.86,79.03,78.199,77.32,76.49,75.66,74.878,74.097,73.364,72.68,71.947,71.312,70.677,70.189,69.652,69.163,68.675,68.235,67.796,67.405,67.063,66.721,66.428,66.135,65.842,65.549,65.305,65.012,64.718,64.572,64.377,64.132,63.937,63.742,63.546,63.351,63.155,63.009,62.716,62.472,62.227,62.032,62.032,62.618,64.425,68.431,75.122,84.354,94.855,105.41,115.13,123.48,130.51,136.13,140.33,143.31,145.16,146.14,146.39,146.14,145.41,144.48,143.5,142.38,141.16,140.04,138.86,137.59,136.23,134.81,133.2,131.29,129.09,126.56,123.62,120.11,116.25,111.95,107.31,102.62,98.128,94.123,90.85,88.359,86.601,85.477,84.842,84.598,84.549,84.696,84.745,84.793,84.793,84.696,84.403,84.11,83.621,83.035,82.351,81.618,80.739,79.86,78.981,78.053,77.174,76.246,75.366,74.487,73.608,72.729,71.947,71.166,70.482,69.798,69.114,68.528,67.991,67.503,66.965,66.526,66.184,65.793,65.402,65.109,64.718,64.425,64.181,63.839,63.546,63.302,63.009,62.716,62.569,62.276,62.179,61.934,61.739,61.446,61.153,60.909,60.616,60.322,59.932,59.59,59.346,59.248,59.541,60.713,63.595,69.114,77.223,87.187,97.542,107.26,115.76,122.94,128.75,133.34,136.76,139.06,140.38,140.87,140.72,140.13,139.25,138.03,136.76,135.44,134.08,132.66,131.39,130.07,128.61,127.04,125.19,122.94,120.16,116.98,113.22,109.07,104.58,99.984,95.637,91.729,88.701,86.356,84.793,83.719,83.133,82.84,82.791,82.937,83.035,83.133,83.133,83.035,82.84,82.547,82.156,81.716,81.228,80.69,80.055,79.372,78.737,78.053,77.369,76.636,75.904,75.171,74.536,73.852,73.168,72.533,71.947,71.312,70.726,70.238,69.749,69.261,68.821,68.431,68.04,67.747,67.356,67.112,66.819,66.526,66.233,65.988,65.695,65.402,65.109,64.914,64.67,64.474,64.23,64.132,63.937,63.742,63.497,63.302,63.058,62.716,62.472,62.179,61.934,61.739,61.885,62.667,64.914,69.505,76.685,86.063,96.418,106.53,115.76,123.62,130.17,135.44,139.5,142.28,144.14,145.02,145.26,145.02,144.38,143.55,142.48,141.45,140.38,139.25,138.13,136.91,135.69,134.32,132.61,130.76,128.41,125.72,122.6,118.94,114.88,110.44,105.8,101.3,97.2,93.732,91.094,89.092,87.822,86.943,86.503,86.308,86.259,86.161,86.161,86.112,85.966,85.721,85.428,84.94,84.354,83.719,82.986,82.156,81.277,80.495,79.616,78.737,77.906,77.027,76.246,75.415,74.683,73.901,73.217,72.631,71.996,71.361,70.873,70.384,69.847,69.407,68.968,68.528,68.089,67.796,67.405,67.112,66.868,66.526,66.233,65.988,65.793,65.549,65.353,65.158,65.012,64.718,64.572,64.279,64.132,63.937,63.742,63.497,63.253,62.911,62.618,62.423,62.472,63.107,65.158,69.505,76.539,85.966,96.565,107.07,116.54,124.7,131.49,137.01,141.26,144.24,146.19,147.26,147.7,147.56,147.07,146.39,145.51,144.58,143.55,142.58,141.45,140.33,139.11,137.74,136.13,134.32,132.22,129.83,126.95,123.62,119.86,115.61,111.12,106.38,101.69,97.444,93.878,91.045,89.043,87.724,86.845,86.503,86.405,86.405,86.503,86.503,86.405,86.259,85.917,85.428,84.842,84.158,83.377,82.498,81.57,80.69,79.811,78.932,78.053,77.223,76.441,75.611,74.878,74.097,73.364,72.68,71.996,71.361,70.677,70.091,69.554,69.066,68.626,68.186,67.796,67.503,67.161,66.819,66.477,66.184,65.94,65.598,65.305,65.012,64.67,64.425,64.181,63.937,63.742,63.497,63.253,63.009,62.667,62.423,62.032,61.69,61.299,60.909,60.616,60.371,60.322,60.616,61.885,64.865,70.384,78.492,88.408,98.812,108.53,117.13,124.41,130.41,135.2,138.67,141.06,142.43,142.92,142.82,142.23,141.35,140.33,139.16,137.98,136.86,135.69,134.52,133.3,132.07,130.61,129,126.99,124.6,121.82,118.45,114.64,110.39,105.8,101.16,96.907,93.243,90.41,88.359,86.991,86.112,85.673,85.575,85.575,85.673,85.819,85.819,85.819,85.624,85.379,84.989,84.5,83.816,83.035,82.302,81.423,80.544,79.665,78.737,77.858,76.929,76.05,75.22,74.487,73.657,72.973,72.289,71.752,71.166,70.677,70.189,69.652,69.261,68.821,68.431,68.04,67.698,67.356,66.965,66.672,66.379,66.135,65.842,65.598,65.353,65.06,64.865,64.621,64.425,64.181,63.986,63.839,63.693,63.497,63.302,63.058,62.814,62.569,62.227,62.032,62.032,62.472,64.181,67.942,74.341,83.377,93.927,104.67,114.69,123.28,130.61,136.67,141.35,144.82,146.97,148.24,148.83,148.88,148.53,148.05,147.36,146.68,145.95,145.12,144.29,143.36,142.38,141.26,139.99,138.47,136.86,134.86,132.56,129.83,126.56,122.79,118.59,114.05,109.31,104.58,100.13,96.223,93.097,90.801,89.189,88.164,87.626,87.382,87.284,87.382,87.382,87.284,87.138,86.845,86.552,85.966,85.379,84.598,83.719,82.84,81.863,80.935,80.007,78.981,78.102,77.223,76.343,75.464,74.683,73.852,73.12,72.436,71.752,71.117,70.531,70.042,69.505,68.968,68.479,68.04,67.698,67.307,66.868,66.526,66.184,65.842,65.549,65.158,64.865,64.621,64.377,64.132,63.839,63.595,63.448,63.253,63.058,62.814,62.472,62.227,61.934,61.592,61.348,61.104,61.006,61.251,62.374,65.256,70.677,78.737,88.603,99.007,108.82,117.57,125.04,131.24,136.18,139.94,142.48,144.14,145.02,145.16,145.02,144.43,143.7,142.87,141.94,140.92,139.94,138.91,137.89,136.76,135.44,133.93,132.22,130.17,127.68,124.7,121.23,117.37,112.98,108.39,103.6,99.007,94.904,91.534,89.043,87.284,86.161,85.575,85.233,85.233,85.233,85.282,85.379,85.282,85.135,84.842,84.5,84.061,83.475,82.937,82.302,81.618,80.886,80.104,79.372,78.541,77.809,77.027,76.294,75.464,74.731,74.048,73.364,72.68,72.094,71.508,70.922,70.433,69.994,69.554,69.114,68.724,68.431,68.089,67.796,67.503,67.161,66.868,66.526,66.233,65.988,65.695,65.402,65.109,64.865,64.621,64.377,64.181,63.986,63.742,63.546,63.302,63.009,62.667,62.423,62.179,62.179,62.618,64.132,67.551,73.657,82.302,92.511,103.06,113.07,121.82,129.24,135.35,140.18,143.75,146.19,147.7,148.39,148.49,148.19,147.56,146.83,145.95,145.07,144.14,143.11,142.14,141.11,140.04,138.91,137.59,135.98,134.08,131.73,128.95,125.63,121.82,117.47,112.78,107.95,103.16,98.86,95.246,92.315,90.117,88.603,87.675,87.138,86.943,86.845,86.943,86.943,86.943,86.796,86.552,86.161,85.673,85.135,84.403,83.621,82.791,81.912,81.032,80.153,79.225,78.346,77.467,76.685,75.806,74.976,74.243,73.51,72.875,72.24,71.654,71.117,70.531,70.042,69.505,68.968,68.528,68.04,67.6,67.161,66.721,66.379,65.988,65.695,65.353,65.06,64.816,64.474,64.181,63.937,63.693,63.497,63.253,63.058,62.814,62.569,62.276,62.032,61.739,61.446,61.104,60.909,61.104,62.179,64.914,70.238,78.297,88.261,98.763,108.82,117.76,125.43,131.88,137.06,141.01,143.75,145.51,146.43,146.83,146.68,146.24,145.7,145.02,144.29,143.5,142.62,141.7,140.67,139.55,138.33,136.91,135.25,133.25,130.95,128.12,124.85,121.13,116.88,112.24,107.36,102.47,97.932,93.927,90.801,88.554,87.04,86.112,85.673,85.477,85.477,85.575,85.624,85.624,85.575,85.379,85.038,84.549,84.061,83.426,82.693,82.009,81.179,80.446,79.616,78.737,77.906,77.125,76.343,75.611,74.927,74.243,73.608,72.973,72.387,71.85,71.361,70.873,70.384,69.945,69.554,69.114,68.724,68.431,68.04,67.796,67.503,67.258,66.916,66.623,66.379,66.135,65.842,65.598,65.353,65.158,65.012,64.816,64.572,64.425,64.279,64.132,63.839,63.595,63.351,63.058,62.716,62.618,62.911,64.23,67.405,73.12,81.374,91.387,101.79,111.76,120.55,128.07,134.37,139.35,143.11,145.75,147.31,148.05,148.19,147.85,147.26,146.43,145.41,144.48,143.46,142.43,141.45,140.33,139.16,137.94,136.57,134.91,133,130.66,127.92,124.7,120.79,116.49,111.8,107.07,102.38,98.225,94.758,92.071,90.069,88.75,87.871,87.48,87.284,87.187,87.187,87.138,87.04,86.845,86.552,86.112,85.624,84.989,84.256,83.426,82.595,81.716,80.886,80.007,79.03,78.199,77.369,76.539,75.757,74.927,74.194,73.413,72.778,72.192,71.557,70.97,70.482,70.042,69.603,69.163,68.821,68.382,67.991,67.6,67.307,66.965,66.672,66.379,66.037,65.744,65.5,65.256,65.012,64.816,64.621,64.425,64.181,63.986,63.79,63.595,63.448,63.155,62.911,62.667,62.374,62.179,62.227,62.911,64.914,69.163,76.197,85.428,95.979,106.48,116.1,124.5,131.49,137.2,141.6,144.82,146.83,148,148.49,148.49,148.1,147.51,146.73,145.95,145.12,144.24,143.36,142.43,141.45,140.38,139.11,137.69,135.93,133.88,131.44,128.41,124.94,120.89,116.35,111.56,106.53,101.74,97.297,93.634,90.801,88.75,87.431,86.601,86.259,86.063,86.063,86.063,86.063,85.917,85.673,85.379,84.94,84.354,83.719,83.035,82.302,81.472,80.69,79.86,79.03,78.248,77.418,76.636,75.806,75.073,74.243,73.51,72.778,72.094,71.41,70.824,70.189,69.603,69.114,68.626,68.235,67.796,67.405,67.112,66.819,66.526,66.233,65.988,65.744,65.5,65.256,65.012,64.718,64.474,64.23,64.035,63.839,63.742,63.546,63.448,63.302,63.107,62.911,62.814,62.569,62.374,62.179,62.032,62.032,62.374,63.546,66.379,71.605,79.469,89.238,99.691,109.75,118.74,126.36,132.81,137.89,141.75,144.43,146.14,146.92,146.97,146.63,145.95,145.02,143.94,142.82,141.7,140.57,139.35,138.23,136.91,135.49,133.88,131.93,129.68,127.04,123.87,120.25,116.1,111.61,106.92,102.38,98.177,94.611,91.778,89.727,88.359,87.48,86.991,86.747,86.698,86.601,86.601,86.552,86.405,86.112,85.819,85.282,84.745,84.061,83.377,82.547,81.716,80.886,80.007,79.176,78.297,77.418,76.539,75.757,74.927,74.194,73.51,72.778,72.192,71.557,71.068,70.482,69.994,69.505,69.066,68.626,68.186,67.796,67.405,67.063,66.721,66.428,66.135,65.793,65.549,65.305,65.06,64.865,64.621,64.377,64.132,63.937,63.742,63.595,63.497,63.351,63.155,63.009,62.716,62.569,62.227,61.983,61.739,61.592,62.032,63.595,67.258,73.51,82.253,92.608,103.26,113.12,121.87,129.24,135.3,140.04,143.55,146,147.51,148.24,148.49,148.24,147.8,147.12,146.39,145.56,144.68,143.8,142.87,141.89,140.82,139.55,138.18,136.62,134.76,132.56,129.88,126.7,122.99,118.79,114.2,109.26,104.28,99.593,95.539,92.364,89.971,88.359,87.284,86.747,86.503,86.503,86.503,86.503,86.405,86.259,85.917,85.575,85.038,84.403,83.719,82.986,82.253,81.472,80.69,79.909,79.176,78.346,77.613,76.929,76.246,75.611,75.122,74.78,74.78,75.318,76.636,78.932,82.302,86.503,91.094,95.881,100.37,104.28,107.51,109.8,111.32,111.85,111.61,110.63,108.87,106.53,103.79,100.67,97.444,94.074,90.606,87.138,83.719,80.349,77.223,74.438,72.094,70.531,69.652,69.359,69.505,69.847,70.482,71.312,72.094,72.875,73.559,74.048,74.341,74.536,74.536,74.438,74.194,73.852,73.413,72.875,72.289,71.654,70.97,70.287,69.652,69.066,68.479,67.942,67.356,66.868,66.379,65.842,65.353,64.914,64.474,64.132,63.742,63.351,63.058,62.716,62.472,62.179,61.934,61.69,61.348,61.104,60.909,60.713,60.616,60.42,60.322,60.176,59.981,59.785,59.59,59.492,59.346,59.15,59.004,58.808,58.613,58.418,58.222,58.027,57.88,57.685,57.538,57.343,57.196,57.001,56.855,56.659,56.561,56.366,56.22,56.122,55.926,55.78,55.682,55.487,55.34,55.243,55.047,54.852,54.754,54.608,54.51,54.363,54.315,52.556,52.8,53.777,56.659,62.618,72.094,84.305,97.346,109.61,120.16,128.85,135.88,141.35,145.56,148.53,150.49,151.56,152,152.05,151.76,151.17,150.44,149.51,148.49,147.36,146.24,145.12,143.8,142.48,141.06,139.45,137.54,135.3,132.66,129.63,126.07,122.06,117.62,112.88,107.95,103.06,98.421,94.513,91.241,88.847,87.138,86.063,85.379,84.989,84.842,84.793,84.745,84.696,84.5,84.158,83.816,83.377,82.791,82.156,81.57,80.886,80.104,79.372,78.688,77.906,77.174,76.343,75.611,74.878,74.048,73.315,72.485,71.752,71.068,70.384,69.749,69.163,68.626,68.089,67.698,67.307,66.916,66.526,66.233,65.988,65.744,65.5,65.256,65.012,64.718,64.474,64.23,63.986,63.693,63.448,63.253,63.058,62.862,62.716,62.569,62.423,62.227,61.983,61.788,61.592,61.348,61.153,61.055,61.006,61.153,61.788,63.595,67.356,73.559,81.863,91.436,101.06,110,117.81,124.36,129.68,133.93,137.01,139.01,140.18,140.62,140.48,139.99,139.16,138.13,137.01,135.79,134.57,133.25,131.93,130.56,129.05,127.48,125.63,123.48,121.04,118.2,114.88,111.17,107.07,102.82,98.47,94.513,90.997,88.261,86.112,84.549,83.572,82.937,82.693,82.595,82.595,82.693,82.742,82.693,82.547,82.351,82.009,81.472,80.984,80.349,79.665,78.932,78.199,77.369,76.539,75.757,74.976,74.194,73.413,72.68,71.947,71.312,70.629,70.042,69.407,68.919,68.382,67.942,67.405,66.916,66.477,66.037,65.695,65.305,65.012,64.621,64.377,64.035,63.79,63.595,63.351,63.107,62.862,62.569,62.374,62.179,61.983,61.788,61.592,61.495,61.299,61.104,60.909,60.664,60.42,60.225,59.981,59.785,59.932,60.713,63.009,67.6,74.878,84.256,94.562,104.67,113.76,121.48,127.83,132.86,136.81,139.55,141.45,142.48,142.92,142.87,142.48,67.307,66.965,66.721,66.428,66.184,65.842,65.598,65.402,65.256,65.012,64.816,64.572,64.279,63.986,63.742,63.448,63.155,62.862,62.667,62.618,62.862,63.742,65.94,70.287,77.174,86.112,96.076,105.94,114.98,122.84,129.63,135.05,139.3,142.28,144.29,145.36,145.75,145.56,145.02,144.19,143.16,142.14,141.01,139.89,138.67,137.5,136.18,134.81,133.25,131.39,129.19,126.56,123.43,119.81,115.76,111.32,106.72,102.18,98.03,94.562,91.876,89.922,88.554,87.724,87.236,87.138,87.187,87.236,87.382,87.382,87.284,87.138,86.796,86.308,85.673,84.989,84.305,83.475,82.693,81.863,81.032,80.153,79.372,78.541,77.76,76.978,76.197,75.415,74.731,74.097,73.559,72.924,72.387,71.801,71.361,70.922,70.482,70.091,69.652,69.31,68.968,68.675,68.431,68.089,67.796,67.503,67.258,66.965,66.819,66.526,66.281,66.135,65.94,65.744,65.549,65.353,65.158,64.914,64.67,64.425,64.181,63.937,63.742,63.693,64.132,65.744,69.31,75.366,83.865,93.927,104.43,114.44,123.23,130.8,137.06,142.04,145.85,148.49,150.1,151.07,151.37,151.17,150.73,150.1,149.41,148.63,147.8,146.97,146.19,145.26,144.24,143.06,141.6,139.94,137.94,135.64,133,129.88,126.31,122.31,118.01,113.37,108.63,104.04,99.935,96.565,93.976,92.169,90.948,90.166,89.824,89.629,89.629,89.531,89.531,89.434,89.189,88.799,88.31,87.724,87.04,86.259,85.428,84.598,83.719,82.791,81.912,80.984,80.104,79.176,78.297,77.418,76.539,75.757,74.927,74.243,73.608,72.973,72.436,71.947,71.41,70.97,70.531,70.091,69.749,69.359,68.968,68.626,68.235,67.844,67.551,67.258,66.916,66.623,66.379,66.037,65.842,65.598,65.353,65.109,64.865,64.621,64.279,63.986,63.742,63.497,63.351,63.693,64.914,67.991,73.364,81.179,90.606,100.57,110.09,118.74,126.26,132.56,137.59,141.45,144.19,145.85,146.83,147.12,146.92,146.48,145.95,145.26,144.43,143.55,142.67,141.75,140.72,139.6,138.33,136.81,135.01,132.95,130.41,127.43,124.02,120.06,115.76,111.07,106.28,101.79,97.737,94.416,91.925,90.069,88.799,88.066,87.675,87.529,87.529,87.529,87.529,87.48,87.284,86.991,86.552,86.063,85.477,84.94,84.256,83.475,82.742,82.009,81.228,80.495,79.762,78.981,78.248,77.467,76.783,76.197,75.562,74.976,74.438,73.852,73.364,72.875,72.387,71.947,71.557,71.117,70.824,70.433,70.091,69.798,69.505,69.163,68.87,68.626,68.382,68.089,67.942,67.698,67.503,67.258,67.063,66.868,66.672,66.428,66.184,65.94,65.695,65.402,65.256,65.402,66.281,68.528,72.924,79.811,88.75,98.812,108.92,118.3,126.56,133.54,139.3,143.75,146.92,148.97,150.2,150.64,150.49,150,149.32,148.44,147.51,146.48,145.56,144.58,143.6,142.62,141.5,140.18,138.62,136.76,134.52,131.78,128.61,124.94,120.79,116.25,111.51,106.82,102.43,98.616,95.637,93.341,91.729,90.752,90.166,89.922,89.824,89.824,89.873,89.824,89.629,89.287,88.945,88.408,87.822,87.138,86.356,85.477,84.696,83.816,82.986,82.107,81.277,80.495,79.762,78.981,78.248,77.564,76.881,76.246,75.611,74.976,74.438,73.852,73.315,72.729,72.24,71.752,71.312,70.922,70.629,70.531,70.873,72.094,75.122,80.3,87.871,97.102,107.07,116.74,125.48,133,139.11,143.99,147.56,149.85,151.17,151.61,151.51,150.88,150,148.97,147.85,146.73,145.56,144.43,143.16,141.89,140.38,138.77,136.86,134.66,132.12,129.05,125.43,121.28,116.74,111.85,106.97,102.28,98.225,94.904,92.511,90.85,89.727,89.189,88.945,88.945,88.994,89.043,89.043,88.945,88.701,88.261,87.724,87.04,86.308,85.575,84.696,83.816,82.937,82.058,81.179,80.3,79.421,78.59,77.809,76.978,76.246,75.464,74.731,74.048,73.364,72.778,72.24,71.752,71.215,70.873,70.482,70.091,69.749,69.359,69.066,68.724,68.431,68.089,67.796,67.503,67.258,66.965,66.721,66.477,66.184,65.988,65.744,65.5,65.256,65.012,64.718,64.474,64.23,63.986,63.742,63.546,63.351,63.107,62.911,62.667,62.472,62.227,62.032,61.788,61.592,61.446,61.299,61.495,62.227,64.425,68.919,76.441,86.503,97.932,109.31,119.77,128.85,136.57,142.82,147.61,150.98,153.18,154.25,154.54,154.2,153.42,152.39,151.22,150.05,148.83,147.61,146.43,145.31,144.04,142.72,141.31,139.55,137.45,134.86,131.73,128.07,123.82,119.13,114.25,109.31,104.67,100.67,97.444,95.051,93.341,92.218,91.534,91.241,91.045,91.045,91.045,90.997,90.85,90.557,90.117,89.531,88.945,88.164,87.382,86.552,85.624,84.745,83.816,82.84,82.009,81.179,80.3,79.469,78.737,78.004,77.32,76.636,75.904,75.318,74.683,74.194,73.608,73.12,72.631,72.094,71.654,71.215,70.873,70.482,70.189,69.847,69.554,69.31,69.066,68.724,68.431,68.089,67.942,67.747,67.551,67.356,67.161,66.965,66.721,66.477,66.281,65.988,65.695,65.402,65.158,65.256,65.842,67.796,71.801,78.444,87.382,97.591,108.19,118.06,126.75,134.13,140.18,144.92,148.39,150.64,151.95,152.54,152.69,152.44,152,151.37,150.64,149.76,148.83,147.8,146.63,145.36,143.99,142.38,140.62,138.57,136.13,133.44,130.22,126.7,122.7,118.25,113.51,108.68,103.99,99.789,96.369,93.683,91.778,90.606,89.971,89.678,89.629,89.629,89.629,89.531,89.385,89.092,88.701,88.115,87.48,86.747,85.917,85.038,84.11,83.23,82.302,81.374,80.495,79.616,78.786,78.004,77.174,76.441,75.611,74.878,74.097,73.413,72.778,72.192,71.605,71.117,70.629,70.238,69.847,69.505,69.163,68.87,68.528,68.186,67.844,67.503,67.258,66.916,66.672,66.477,66.233,65.988,65.744,65.402,65.109,64.816,64.474,64.132,63.79,63.448,63.107,62.911,62.862,63.302,64.718,68.04,73.755,81.912,91.68,101.94,111.76,120.5,128.07,134.22,139.06,142.62,145.02,146.39,146.92,146.83,146.29,145.41,144.43,143.26,141.99,140.72,139.5,138.23,136.91,135.54,134.08,132.37,130.41,128.12,125.29,122.01,118.11,113.86,109.31,104.72,100.37,96.614,93.683,91.485,89.971,89.092,88.701,88.554,88.603,88.75,88.847,88.994,88.945,88.799,88.554,88.066,87.48,86.796,86.063,85.233,84.354,83.475,82.595,81.716,80.788,79.909,79.03,78.248,77.467,76.734,76.001,75.318,74.683,74.048,73.413,72.875,72.387,71.85,71.361,70.922,70.482,70.189,69.847,69.554,69.261,68.919,68.675,68.382,68.089,67.844,67.6,67.405,67.161,66.965,66.819,66.623,66.428,66.184,65.94,65.598,65.353,65.06,64.718,64.621,64.816,65.94,68.821,74.097,82.009,91.925,102.67,113.17,122.6,130.76,137.5,143.02,147.12,150,151.76,152.69,152.93,152.74,152.25,151.56,150.73,149.95,149.12,148.29,147.51,146.63,145.6,144.58,143.26,141.75,139.94,137.69,135.05,131.93,128.31,124.16,119.62,114.73,109.8,105.01,100.67,97.102,94.367,92.511,91.241,90.557,90.313,90.313,90.362,90.508,90.557,90.557,90.41,90.117,89.629,88.994,88.261,87.431,86.552,85.575,84.549,83.572,82.547,81.57,80.544,79.616,78.688,77.809,76.929,76.197,75.415,74.78,74.194,73.608,73.071,72.533,72.094,71.752,71.312,70.922,70.629,70.238,69.994,69.652,69.407,69.163,68.919,68.724,68.528,68.382,68.186,67.991,67.747,67.551,67.356,67.112,66.819,66.477,66.233,65.988,65.988,66.428,68.04,71.605,77.76,86.405,96.662,107.36,117.47,126.56,134.22,140.57,145.56,149.17,151.56,152.93,153.52,153.52,153.13,152.49,151.66,150.83,149.85,148.97,148.1,147.17,146.14,144.87,143.55,142.04,140.33,138.23,135.79,132.95,129.53,125.68,121.28,116.54,111.61,106.82,102.43,98.763,95.881,93.781,92.413,91.632,91.192,91.045,91.045,91.045,91.045,90.948,90.655,90.313,89.727,89.092,88.359,87.529,86.698,85.721,84.793,83.865,82.937,82.058,81.179,80.3,79.469,97.346,106.82,115.81,123.72,130.41,135.88,140.04,143.11,145.07,146.14,146.48,146.39,145.85,145.07,144.04,142.87,141.6,140.18,138.62,136.86,134.91,132.61,129.97,126.8,123.23,119.18,114.69,109.8,104.82,99.984,95.637,91.925,89.092,87.04,85.721,84.989,84.696,84.598,84.745,84.94,84.989,84.989,84.842,84.598,84.158,83.621,82.84,82.107,81.228,80.349,79.421,78.492,77.613,76.734,75.904,75.073,74.194,73.364,72.631,71.85,71.117,70.384,69.603,68.919,68.284,67.747,67.258,66.672,66.184,65.744,65.305,64.865,64.474,64.132,63.742,63.448,63.058,62.716,62.423,62.179,61.885,61.592,61.299,61.055,60.713,60.469,60.225,59.981,59.736,59.492,59.248,59.004,58.759,58.466,58.173,57.929,57.587,57.294,57.001,56.659,56.464,56.757,57.929,61.299,67.747,77.369,88.945,100.47,110.92,120.01,127.68,134.13,139.25,143.11,145.95,147.85,148.97,149.51,149.56,149.27,148.73,148.05,147.26,146.24,145.16,144.04,142.72,141.26,139.45,137.25,134.66,131.68,128.17,124.11,119.47,114.49,109.26,104.04,99.154,95.051,91.778,89.385,87.724,86.601,85.917,85.575,85.379,85.282,85.233,85.135,84.842,84.549,84.158,83.67,83.133,82.449,81.716,80.984,80.251,79.469,78.688,77.906,77.125,76.343,75.611,74.927,74.243,73.608,72.924,72.387,71.801,71.312,70.824,70.384,69.847,69.359,68.919,68.479,68.089,67.698,67.356,66.965,66.672,66.379,66.135,65.793,65.5,65.158,64.865,64.572,64.23,63.937,63.546,63.253,62.911,62.716,62.862,63.693,65.793,70.042,76.783,85.673,95.686,105.5,114.44,122.11,128.7,133.98,138.13,141.16,143.36,144.73,145.51,145.7,145.51,145.07,144.43,143.6,142.67,141.6,140.48,139.16,137.79,136.18,134.22,131.93,129.24,125.97,122.26,118.01,113.32,108.39,103.45,98.86,94.904,91.778,89.434,87.822,86.796,86.161,85.868,85.721,85.721,85.673,85.624,85.428,85.135,84.745,84.158,83.572,82.84,82.107,81.228,80.349,79.469,78.59,77.662,76.783,76.001,75.171,74.341,73.559,72.778,72.045,71.361,70.677,70.042,69.505,68.87,68.284,67.796,67.307,66.868,66.477,66.135,65.744,65.402,65.06,64.718,64.425,64.181,63.937,63.693,63.497,63.253,63.058,62.862,62.667,62.472,62.227,61.983,61.69,61.348,61.055,60.811,60.713,61.299,63.107,67.112,73.999,83.426,94.22,104.92,114.69,123.18,130.41,136.37,141.11,144.73,147.31,149.07,150.05,150.54,150.68,150.49,150.1,149.61,148.97,148.19,147.26,146.14,144.82,143.26,141.5,139.5,137.11,134.42,131.24,127.63,123.48,118.89,113.9,108.82,103.74,99.007,95.002,91.876,89.531,87.919,86.845,86.259,85.917,85.819,85.721,85.624,85.379,85.135,84.696,84.158,83.621,82.937,82.253,81.423,80.69,79.86,79.03,78.199,77.32,76.441,75.464,74.634,73.755,72.924,72.094,71.312,70.482,69.798,69.163,68.528,67.991,67.405,66.916,66.477,66.037,65.695,65.305,64.914,64.572,64.181,63.79,63.497,63.253,63.009,62.716,62.472,62.227,61.983,61.69,61.348,61.006,60.616,60.225,59.883,59.541,59.248,59.053,58.906,59.15,60.322,63.058,68.284,76.099,85.721,95.881,105.5,114,121.38,127.48,132.51,136.32,139.01,140.87,141.94,142.43,142.48,142.19,141.7,141.06,140.38,139.55,138.62,137.59,136.42,135.05,133.44,131.63,129.44,126.7,123.43,119.62,115.37,110.68,105.75,101.01,96.614,92.999,90.117,87.968,86.503,85.575,85.038,84.793,84.745,84.745,84.745,84.696,84.549,84.354,84.061,83.572,82.986,82.302,81.57,80.739,79.909,79.03,78.199,77.32,76.441,75.464,74.634,73.803,72.973,72.24,71.508,70.726,70.042,69.407,68.87,68.382,67.796,67.307,66.868,66.477,66.135,65.744,65.353,65.06,64.718,64.425,64.181,63.986,63.742,63.497,63.302,63.058,62.862,62.667,62.472,62.276,61.983,61.69,61.299,61.055,60.86,60.909,61.69,63.742,68.089,75.171,84.549,95.002,105.36,114.78,122.99,129.93,135.69,140.23,143.7,146.04,147.7,148.63,149.12,149.17,149.07,148.83,148.39,147.85,147.17,146.29,145.31,144.14,142.72,141.06,139.11,136.81,134.17,131.1,127.48,123.43,118.94,114.05,108.92,103.84,99.105,95.051,91.876,89.482,87.822,86.796,86.161,85.917,85.868,85.819,85.721,85.575,85.282,84.842,84.354,83.816,83.133,82.302,81.472,80.593,79.762,78.786,77.906,77.027,76.197,75.318,74.487,73.657,72.875,72.094,71.361,70.629,69.945,69.261,68.626,68.04,67.503,66.965,66.477,66.037,65.598,65.158,64.816,64.474,64.132,63.79,63.497,63.155,62.814,62.472,62.179,61.934,61.69,61.446,61.153,61.006,60.664,60.42,60.176,59.932,59.687,59.346,59.053,58.759,58.418,58.222,58.027,58.173,58.857,61.006,65.305,72.387,81.667,91.973,102.04,111.17,119.18,126.07,131.68,136.18,139.55,141.94,143.5,144.38,144.82,144.82,144.58,144.14,143.5,142.82,142.04,141.11,140.04,138.81,137.3,135.54,133.49,131.05,128.07,124.55,120.55,116.05,111.17,106.19,101.35,97.004,93.341,90.508,88.506,87.04,86.161,85.673,85.428,85.379,85.428,85.477,85.428,85.233,84.989,84.549,84.012,83.377,82.693,81.912,81.13,80.251,79.372,78.444,77.467,76.539,75.66,74.878,74.048,73.315,72.533,71.85,71.215,70.677,70.091,69.554,69.066,68.528,68.186,67.796,67.405,67.063,66.721,66.428,66.037,65.598,65.256,64.865,64.474,64.181,63.937,64.035,64.865,67.161,71.654,78.737,87.919,98.03,107.95,116.88,124.6,131.1,136.37,140.48,143.46,145.41,146.73,147.41,147.75,147.75,147.36,146.87,146.19,145.41,144.48,143.5,142.43,141.16,139.74,137.98,135.98,133.54,130.8,127.48,123.72,119.47,114.88,110,105.01,100.33,96.125,92.657,90.069,88.261,87.04,86.356,85.966,85.868,85.868,85.819,85.721,85.575,85.233,84.793,84.158,83.475,82.693,81.716,80.788,79.86,78.932,78.053,77.125,76.246,75.366,74.487,73.657,72.875,72.094,71.41,70.677,70.042,69.359,68.724,68.186,67.6,66.965,66.428,65.94,65.402,65.012,64.572,64.132,63.742,63.448,63.107,62.814,62.472,62.179,61.934,61.69,61.446,61.153,60.909,60.664,60.371,60.127,59.785,59.541,59.297,59.053,58.857,58.613,58.418,58.173,57.978,57.734,57.49,57.196,56.855,56.561,56.317,56.171,56.366,57.343,60.029,65.353,73.559,83.816,94.66,104.87,113.9,121.72,128.31,133.69,137.79,140.87,143.11,144.48,145.26,145.51,145.36,144.92,144.38,143.75,143.02,142.19,141.31,140.33,139.11,137.74,136.13,134.17,131.88,129.09,125.82,122.01,117.62,112.88,107.85,102.87,98.225,94.22,91.094,88.799,87.187,86.112,85.428,85.038,84.94,84.94,84.94,84.842,84.745,84.403,84.061,83.67,83.133,82.498,81.863,81.13,80.3,79.567,78.737,78.004,77.174,76.343,75.562,74.731,73.901,73.168,72.436,71.654,70.97,70.384,69.749,69.163,68.675,68.186,67.698,67.258,66.819,66.477,66.135,65.793,65.5,65.158,64.865,64.572,64.279,63.986,63.693,63.448,63.107,62.862,62.569,62.276,62.13,61.885,61.592,61.446,61.251,61.055,60.86,60.616,60.371,60.127,59.785,59.492,59.248,59.101,59.443,60.664,63.742,69.31,77.418,87.236,97.542,107.31,116,123.48,129.83,135.01,139.01,141.99,144.14,145.56,146.39,146.68,146.68,146.43,146.04,145.6,145.07,144.48,143.75,142.82,141.7,140.33,138.67,136.81,134.57,131.93,128.85,125.29,121.23,116.74,112,107.12,102.43,98.03,94.367,91.436,89.238,87.724,86.747,86.161,85.868,85.721,85.624,85.575,85.282,85.038,84.598,84.11,83.426,82.742,81.912,81.13,80.3,79.421,78.59,77.76,76.929,76.05,75.171,74.341,73.51,72.68,71.947,71.166,70.433,69.652,68.968,68.382,67.747,67.161,66.623,66.135,65.549,65.06,64.621,64.23,63.937,63.595,63.302,63.009,62.667,62.423,62.179,61.934,61.69,67.991,72.778,80.593,90.948,102.43,113.66,123.82,132.56,139.89,145.6,149.95,152.74,154.35,155.13,155.13,154.69,153.91,152.98,152.05,151.07,150.05,149.07,148,146.83,145.51,143.99,142.28,140.33,137.94,135.25,132.17,128.61,124.6,120.16,115.42,110.39,105.36,100.62,96.467,93.195,90.606,88.847,87.675,87.04,86.747,86.698,86.698,86.747,86.747,86.698,86.503,86.259,85.917,85.477,84.989,84.354,83.719,83.035,82.449,82.009,82.009,82.742,84.403,87.138,90.752,94.855,99.154,103.31,106.92,109.75,111.61,112.54,112.49,111.36,109.41,106.68,103.31,99.495,95.344,91.094,86.845,82.742,78.883,75.464,72.68,70.629,69.163,68.382,68.04,68.089,68.528,69.163,69.945,70.677,71.41,71.996,72.485,72.778,72.924,72.924,72.778,72.533,72.192,71.752,71.215,70.677,70.042,69.505,68.87,68.186,67.551,66.868,66.233,65.549,64.914,64.279,63.742,63.155,62.667,62.179,61.739,61.299,60.909,60.616,60.371,60.029,59.785,59.541,59.297,59.101,58.857,58.613,58.418,58.173,57.978,57.734,57.49,57.294,57.05,56.855,56.659,56.464,56.317,56.171,56.073,55.878,55.731,55.536,55.438,55.243,55.096,54.998,54.852,54.657,54.51,54.363,54.168,53.973,53.875,53.68,53.484,53.338,53.24,53.094,52.996,52.849,52.752,52.654,52.605,52.507,52.41,52.361,52.361,52.312,52.166,52.166,52.117,52.117,52.068,52.068,52.068,52.068,51.97,51.97,51.921,51.97,51.97,52.068,52.068,52.166,52.654,54.315,58.564,66.672,78.786,92.999,106.68,118.74,128.95,137.59,144.58,149.8,153.52,155.91,157.23,157.62,157.42,156.74,155.76,154.49,153.08,151.56,150.05,148.49,146.87,145.12,143.26,141.16,138.91,136.32,133.3,129.83,125.92,121.57,116.79,111.76,106.68,101.89,97.493,93.878,91.045,88.945,87.48,86.503,85.917,85.673,85.624,85.673,85.721,85.721,85.624,85.428,85.184,84.793,84.305,83.719,83.133,82.449,81.667,80.935,80.153,79.421,78.59,77.809,77.027,76.246,75.415,74.683,73.901,73.315,72.68,72.094,71.557,71.068,70.629,70.091,69.652,69.261,68.821,68.382,67.942,67.551,67.112,66.721,66.428,66.184,66.037,66.233,67.356,70.042,75.22,83.035,92.755,103.11,112.93,121.67,129.19,135.35,140.23,143.8,146.14,147.41,147.85,147.7,147.12,146.19,145.07,143.8,142.43,141.01,139.45,137.79,136.13,134.22,132.22,129.93,127.39,124.41,121.04,117.23,113.07,108.48,103.79,99.154,94.855,91.094,88.115,85.917,84.354,83.377,82.84,82.742,82.791,82.937,83.133,83.23,83.279,83.23,83.035,82.742,82.253,81.667,81.032,80.349,79.616,78.883,78.053,77.223,76.441,75.562,74.731,73.999,73.168,72.436,71.752,70.97,70.287,69.652,69.066,68.479,67.942,67.405,66.916,66.526,66.135,65.793,65.402,65.06,64.718,64.425,64.132,63.79,63.546,63.302,63.107,62.862,62.618,62.374,62.032,61.739,61.446,61.104,60.811,60.567,60.322,60.127,59.932,59.736,59.59,59.443,59.297,59.101,58.857,58.613,58.369,58.124,58.027,58.564,60.322,64.425,71.605,81.57,92.853,103.99,114.1,122.99,130.66,137.06,141.94,145.51,147.75,149.07,149.61,149.56,149.07,148.19,147.07,145.85,144.68,143.5,142.19,140.82,139.35,137.79,136.08,134.13,131.88,129.39,126.36,122.84,118.98,114.64,109.8,104.67,99.74,95.441,91.68,88.554,86.112,84.403,83.377,82.742,82.449,82.351,82.449,82.498,82.595,82.595,82.547,82.449,82.107,81.716,81.228,80.69,80.055,79.421,78.786,78.102,77.418,76.685,75.904,75.171,74.438,73.755,72.973,72.24,71.605,70.97,70.433,69.847,69.359,68.87,68.431,67.991,67.6,67.258,66.916,66.672,66.428,66.184,65.988,65.744,65.5,65.256,65.06,64.816,64.572,64.279,63.986,63.742,63.448,63.253,63.546,64.865,67.796,73.071,80.788,90.313,100.37,110,118.54,125.97,132.17,137.2,140.92,143.55,145.12,145.85,145.85,145.41,144.63,143.6,142.38,141.06,139.6,138.13,136.47,134.81,133.1,131.2,129.09,126.7,123.87,120.69,117.03,112.98,108.53,103.99,99.495,95.246,91.632,88.799,86.698,85.184,84.158,83.621,83.426,83.426,83.621,83.816,84.012,84.012,83.914,83.816,83.475,83.035,82.498,81.863,81.179,80.446,79.665,78.883,78.053,77.223,76.441,75.611,74.683,73.803,73.12,72.485,71.85,71.166,70.531,69.994,69.407,68.919,68.431,67.942,67.503,67.112,66.721,66.428,66.135,65.793,65.549,65.305,65.012,64.816,64.572,64.377,64.181,63.986,63.79,63.693,63.546,63.351,63.253,63.058,62.814,62.569,62.276,62.032,61.885,61.983,62.911,65.402,70.433,78.297,88.31,99.105,109.61,119.13,127.29,134.22,139.94,144.24,147.31,149.17,150.1,150.39,150.1,149.56,148.68,147.7,146.53,145.26,143.94,142.58,141.11,139.6,137.98,136.18,134.17,131.93,129.39,126.41,122.94,118.98,114.64,109.95,105.11,100.37,95.979,92.315,89.385,87.187,85.624,84.598,84.061,83.816,83.719,83.719,83.719,83.719,83.621,83.426,83.133,82.693,82.156,81.618,80.935,80.251,79.469,78.737,78.004,77.223,76.441,75.66,74.878,74.048,73.217,72.436,71.654,70.922,70.189,69.505,68.87,68.284,67.796,67.307,66.868,66.428,65.988,65.598,65.256,64.914,64.67,64.425,64.181,63.937,63.742,63.497,63.253,63.009,62.716,62.423,62.13,61.885,61.592,61.446,61.299,61.348,62.032,63.937,67.796,74.243,83.035,93.243,103.45,112.93,121.38,128.61,134.61,139.3,142.72,144.92,146.19,146.53,146.39,145.75,144.73,143.5,142.14,140.67,139.16,137.59,136.08,134.42,132.56,130.56,128.31,125.68,122.7,119.18,115.17,110.73,106.14,101.45,97.102,93.341,90.215,87.822,86.112,84.94,84.256,83.914,83.865,83.914,84.061,84.158,84.305,84.305,84.158,83.865,83.426,82.937,82.351,81.667,80.935,80.104,79.323,78.492,77.662,76.783,76.001,75.122,74.292,73.51,72.729,72.045,71.361,70.726,70.091,69.554,69.066,68.528,68.04,67.6,67.258,66.868,66.477,66.184,65.842,65.549,65.353,65.158,65.012,64.816,64.621,64.425,64.23,63.986,63.693,63.448,63.155,62.911,62.862,63.107,64.377,67.356,72.924,81.277,91.632,102.57,113.07,122.31,130.32,137.01,142.38,146.39,149.07,150.73,151.56,151.66,151.42,150.83,149.95,148.97,148,146.87,145.7,144.38,142.92,141.35,139.74,137.89,135.74,133.34,130.66,127.53,124.02,120.01,115.57,110.83,105.85,101.01,96.565,92.657,89.629,87.382,85.868,84.989,84.549,84.403,84.5,84.598,84.745,84.842,84.793,84.598,84.305,83.865,83.279,82.693,82.009,81.228,80.446,79.567,78.737,77.858,76.978,76.197,75.366,74.536,73.755,72.973,72.24,71.557,70.873,70.238,69.652,69.114,68.626,68.089,67.698,67.307,66.916,66.623,66.379,66.135,65.94,65.695,65.402,65.158,64.914,64.67,64.474,64.23,64.035,63.839,63.693,63.448,63.155,62.862,62.618,62.276,62.032,61.739,61.446,61.153,61.055,61.006,61.299,62.472,65.353,70.922,79.225,89.629,100.62,111.12,120.55,128.7,135.64,141.16,145.31,148.19,149.8,150.64,150.64,150.1,149.27,148.19,146.92,145.56,144.19,142.72,141.26,139.69,138.03,136.23,134.22,131.98,129.44,126.51,123.04,119.03,114.69,110,105.16,100.57,96.369,92.95,90.215,88.359,87.04,86.308,85.917,85.868,85.966,86.161,86.405,86.552,86.552,86.356,86.112,85.673,85.135,84.5,83.816,82.986,82.156,81.228,80.349,79.421,78.541,77.613,76.734,75.904,75.122,74.438,73.657,73.071,72.387,71.752,71.117,70.531,70.042,69.603,69.114,68.724,68.382,68.04,67.747,67.503,67.307,67.112,66.868,66.672,66.379,66.135,65.793,65.5,65.158,64.914,64.865,65.353,66.965,70.629,76.783,85.575,95.93,106.53,116.49,125.24,132.76,138.91,143.8,147.36,149.66,151.07,151.56,151.42,150.93,150.2,149.17,148.05,146.92,145.75,144.58,143.36,142.14,140.82,139.3,137.5,135.49,133.1,130.36,127.24,123.62,119.57,115.08,110.24,105.31,100.47,96.174,92.511,89.678,87.626,86.308,85.477,85.184,85.135,85.233,85.379,85.575,85.624,85.477,85.233,84.793,84.256,83.572,82.791,82.009,81.13,80.153,79.372,78.492,77.613,76.734,75.855,75.073,74.194,73.413,72.68,71.85,71.117,70.433,69.749,69.114,68.479,67.844,67.356,66.868,66.428,66.037,65.695,65.305,65.012,64.67,64.425,64.181,63.937,63.742,63.497,63.253,63.009,62.716,62.472,62.276,62.032,61.885,61.69,61.495,61.299,61.055,60.811,60.567,60.225,59.981,59.736,59.492,59.248,59.101,59.15,59.785,61.69,65.695,72.289,81.57,92.511,103.74,114.05,122.99,130.61,137.01,142.04,145.7,148.1,149.61,150.29,150.39,149.85,149.12,148.24,147.12,145.75,144.24,142.67,141.26,139.79,138.38,136.86,135.2,133.1,130.61,127.53,123.82,119.62,115.17,110.49,105.85,101.45,97.688,94.416,91.632,89.092,87.187,85.917,85.477,85.379,85.477,85.624,85.868,85.966,85.917,85.624,85.184,84.696,84.158,83.621,82.986,82.351,81.814,81.032,80.007,78.883,77.809,76.978,76.246,75.464,74.487,73.608,72.924,72.485,71.996,71.361,70.531,69.798,69.261,68.968,68.87,68.479,68.04,67.698,67.551,67.258,66.819,66.233,65.744,65.402,65.158,64.914,64.572,64.23,64.67,66.672,70.873,77.76,86.845,97.249,107.55,116.88,124.8,131.54,137.25,141.79,145.16,147.56,148.93,149.56,149.61,149.27,148.63,147.75,146.73,145.6,144.43,143.11,141.94,140.82,139.55,137.74,135.44,133,130.76,128.12,124.7,120.45,115.91,111.66,107.31,102.62,98.128,94.074,90.655,87.871,85.966,84.989,84.696,84.598,84.598,84.598,84.793,84.989,85.135,84.989,84.745,84.158,83.426,82.498,81.57,80.593,79.665,78.737,77.809,76.929,76.197,75.464,74.78,74.048,73.413,72.729,71.947,71.117,70.189,69.31,68.479,67.796,67.161,66.526,66.037,65.598,65.305,65.012,64.718,64.425,64.181,63.839,63.546,63.253,63.009,62.814,62.618,62.472,62.374,62.227,62.13,61.934,61.739,61.495,61.299,61.055,60.811,60.567,60.371,60.176,59.981,59.785,59.541,59.346,59.15,59.004,58.857,59.101,60.176,63.107,68.87,77.662,88.506,99.789,110.39,119.77,127.83,117.42,112.68,107.7,102.72,98.225,94.367,91.387,89.092,87.626,86.601,86.112,85.868,85.868,85.966,86.161,86.308,86.259,86.112,85.721,85.282,84.696,84.012,83.23,82.449,81.618,80.739,79.86,78.981,78.102,77.223,76.343,75.562,74.683,73.901,73.168,72.485,71.801,71.215,70.726,70.287,69.847,69.407,68.968,68.626,68.235,67.796,67.405,66.965,66.526,66.233,65.94,65.793,66.037,67.161,69.994,75.318,83.279,93.243,103.79,113.81,122.6,130.17,136.42,141.5,145.31,147.95,149.51,150.2,150.24,149.85,149.17,148.29,147.31,146.24,145.07,143.8,142.43,141.01,139.35,137.59,135.69,133.49,131,128.12,124.85,121.13,116.88,112.29,107.41,102.57,97.981,94.074,90.85,88.506,86.845,85.868,85.233,84.989,84.989,84.989,84.989,84.94,84.793,84.549,84.158,83.67,83.133,82.449,81.667,80.886,80.007,79.127,78.199,77.223,76.343,75.464,74.683,73.852,73.071,72.24,71.508,70.824,70.091,69.407,68.821,68.235,67.698,67.112,66.526,65.988,65.5,65.06,64.67,64.279,63.937,63.595,63.302,63.058,62.716,62.569,62.276,62.13,61.885,61.592,61.299,61.055,60.713,60.469,60.322,60.127,59.932,59.687,59.492,59.297,59.101,58.906,58.662,58.369,57.978,57.685,57.441,57.538,58.369,60.811,65.94,74.243,84.989,96.467,107.31,116.79,125.04,132.07,137.79,142.28,145.7,147.85,149.12,149.61,149.56,149.12,148.39,147.41,146.39,145.26,144.04,142.87,141.6,140.33,138.77,137.06,135.01,132.61,129.88,126.6,122.84,118.54,113.86,108.87,103.84,99.154,95.051,91.778,89.385,87.626,86.503,85.868,85.624,85.575,85.673,85.868,86.063,86.063,85.966,85.721,85.379,84.793,84.158,83.426,82.595,81.716,80.886,79.86,78.932,78.004,77.125,76.294,75.464,74.683,73.901,73.168,72.485,71.85,71.312,70.824,70.287,69.847,69.359,68.919,68.528,68.186,67.796,67.405,66.965,66.526,66.037,65.598,65.305,65.109,65.353,66.623,69.554,75.122,83.377,93.439,103.99,114,122.75,130.17,136.37,141.26,144.92,147.41,148.93,149.51,149.51,148.97,148.24,147.31,146.29,145.16,144.04,142.82,141.55,140.23,138.77,137.11,135.3,133.2,130.61,127.63,124.16,120.25,115.91,111.32,106.43,101.55,97.053,93.195,90.166,87.968,86.503,85.624,85.135,84.989,85.038,85.233,85.379,85.379,85.233,84.94,84.5,84.012,83.279,82.547,81.716,80.788,79.86,78.932,77.906,76.978,76.099,75.22,74.341,73.51,72.68,71.947,71.166,70.433,69.749,69.066,68.431,67.844,67.307,66.819,66.281,65.842,65.353,65.012,64.572,64.23,63.839,63.546,63.253,63.009,62.716,62.569,62.374,62.13,61.885,61.69,61.446,61.153,60.909,60.664,60.42,60.225,60.029,59.932,59.736,59.492,59.297,59.053,58.759,58.418,58.173,57.88,57.538,57.343,57.49,58.418,61.104,66.623,75.22,86.112,97.542,108.04,117.23,125.24,132.07,137.74,142.14,145.31,147.26,148.29,148.68,148.49,148,147.17,146.24,145.26,144.14,143.06,141.94,140.67,139.3,137.89,136.23,134.32,132.12,129.53,126.51,122.94,118.89,114.3,109.41,104.58,99.935,95.93,92.608,90.117,88.31,87.138,86.405,86.112,85.966,86.063,86.161,86.259,86.161,86.063,85.819,85.428,84.842,84.256,83.475,82.693,81.814,80.935,80.153,79.323,78.444,77.564,76.685,75.855,75.073,74.194,73.315,72.533,71.85,71.215,70.677,70.189,69.798,69.359,68.919,68.479,68.04,67.6,67.161,66.721,66.281,65.988,65.842,66.135,67.307,70.238,75.562,83.475,93.292,103.6,113.37,122.06,129.44,135.54,140.48,144.14,146.63,148.05,148.63,148.53,148.1,147.41,146.53,145.56,144.48,143.36,142.19,140.92,139.5,137.89,136.13,134.08,131.68,128.95,125.72,122.16,118.25,113.81,109.12,104.18,99.447,95.197,91.68,88.994,87.04,85.819,85.038,84.696,84.549,84.5,84.549,84.598,84.549,84.305,83.914,83.426,82.84,82.253,81.472,80.69,79.811,78.932,78.004,77.125,76.197,75.366,74.536,73.755,72.973,72.24,71.508,70.726,69.994,69.407,68.821,68.284,67.747,67.161,66.672,66.184,65.695,65.305,64.865,58.173,57.978,58.027,58.564,60.225,64.035,70.97,80.788,92.169,103.5,113.9,123.04,130.95,137.5,142.82,146.73,149.27,150.64,151.17,151.12,89.043,88.847,88.799,88.945,89.189,89.287,89.287,89.189,89.043,88.847,88.554,88.066,87.382,86.552,85.575,84.403,83.23,82.253,81.57,80.984,80.544,80.055,79.421,78.786,78.346,78.053,77.809,77.467,77.125,76.685,76.246,75.66,75.073,74.438,73.999,73.755,73.657,73.608,73.51,73.51,73.608,74.438,76.539,80.788,87.382,95.734,104.87,113.81,121.91,129.09,135.3,140.38,144.14,146.63,148,148.53,148.44,148,147.31,146.63,145.8,145.02,144.04,143.11,142.04,141.01,139.79,138.42,136.81,135.01,132.86,130.22,127.04,123.43,119.33,114.78,110.05,105.26,100.67,96.565,93.243,90.752,88.945,87.724,86.991,86.552,86.308,86.063,85.819,85.477,85.135,84.696,84.256,83.67,82.986,82.253,81.374,80.495,79.567,78.541,77.613,76.881,76.197,75.562,74.976,74.341,73.657,72.875,71.996,71.215,70.531,69.945,69.261,68.479,67.844,67.307,66.721,66.379,65.988,65.598,65.256,64.865,64.621,56.415,57.538,60.713,66.916,76.197,87.138,98.03,107.99,116.79,124.41,130.8,135.93,139.79,142.48,144.14,144.92,145.02,144.58,143.8,143.02,142.14,78.492,77.809,76.978,76.099,75.22,74.438,73.755,73.12,72.485,71.947,71.41,70.873,70.287,69.798,69.359,68.968,68.528,67.991,67.503,67.063,66.672,66.428,66.233,66.037,65.842,65.695,65.5,65.353,65.256,65.06,64.816,64.474,64.181,63.839,63.595,63.497,63.839,65.305,68.724,74.878,83.816,94.562,105.7,116.05,125.24,133.05,139.6,144.73,148.49,151.07,152.54,153.22,153.32,152.93,152.2,151.32,150.24,149.17,148.19,147.12,146.04,144.92,143.75,142.43,140.92,139.11,137.01,134.57,131.54,128.12,124.11,119.67,114.88,109.85,104.92,100.37,96.565,93.536,91.387,89.873,88.945,88.506,88.408,88.506,88.554,88.701,88.701,88.554,88.31,87.968,87.431,86.796,85.966,85.184,84.305,83.377,82.351,81.423,80.495,79.567,78.59,77.76,76.929,76.099,75.366,74.634,73.901,73.315,72.68,72.192,71.605,71.068,70.531,70.042,69.603,69.163,68.724,68.284,67.991,67.6,67.307,66.965,66.672,66.428,66.135,65.842,65.598,65.353,65.158,64.914,64.718,64.572,64.377,64.181,63.986,63.79,63.595,63.351,63.107,62.814,62.618,62.618,63.155,65.06,69.114,76.001,85.428,96.223,107.16,117.18,125.92,133.34,139.5,144.24,147.61,149.85,151.12,151.56,151.42,150.88,150.05,149.17,148.19,147.17,146.04,144.92,143.75,142.48,141.11,139.69,137.98,136.08,133.78,131.05,127.87,124.16,120.01,115.37,110.44,105.41,100.72,96.614,93.243,90.752,88.945,87.724,87.04,86.747,86.698,86.747,86.796,86.796,86.698,86.503,86.161,85.673,85.135,84.5,83.719,82.937,82.058,81.228,80.446,79.567,78.688,77.858,76.978,76.197,75.415,74.683,73.852,73.168,72.485,71.801,71.166,70.629,70.091,69.603,69.261,68.87,68.528,68.186,67.796,67.405,67.112,66.819,66.477,66.233,66.037,65.793,65.598,65.402,65.158,65.012,64.718,64.474,64.23,63.986,63.742,63.546,63.351,63.351,63.546,64.425,66.623,70.97,78.053,87.382,97.786,108.19,117.76,126.07,133.1,138.91,143.31,146.43,148.29,149.27,149.41,148.97,148.19,147.12,145.95,144.63,143.31,141.94,140.57,139.16,137.69,136.08,134.22,132.12,129.68,126.75,123.38,119.47,115.17,110.63,105.94,101.45,97.346,94.074,91.436,89.629,88.359,87.675,87.284,87.138,87.187,87.236,87.284,87.382,87.284,87.138,86.796,86.356,85.819,85.184,84.549,83.816,83.035,82.253,81.374,80.495,79.567,78.688,77.76,76.881,76.05,75.171,74.341,73.608,72.924,72.387,71.85,71.654,72.094,73.657,77.174,83.133,91.29,101.01,111.07,120.55,128.95,135.98,141.6,145.85,148.73,150.44,151.07,150.98,150.39,149.41,148.29,147.07,145.7,144.29,142.82,141.26,139.6,137.79,135.93,133.69,131.1,128.17,124.75,120.89,116.54,111.8,106.97,102.23,97.932,94.318,91.485,89.434,88.115,87.382,87.04,86.991,87.138,87.284,87.48,87.48,87.382,87.187,86.796,86.308,85.673,84.94,84.11,83.23,82.302,81.423,80.495,79.567,78.688,77.809,76.929,76.099,75.22,74.487,73.755,73.071,72.387,71.752,71.166,70.629,70.091,69.603,69.163,68.821,68.431,68.04,67.698,67.307,66.965,66.672,66.379,66.037,65.793,65.549,65.305,65.06,64.816,64.572,64.279,64.035,63.79,63.546,63.302,63.107,62.911,62.716,62.569,62.374,62.179,61.983,61.788,61.544,61.299,60.909,60.567,60.225,59.932,59.932,60.713,63.302,68.919,77.906,89.531,101.99,113.76,124.11,133.05,140.62,146.63,151.07,154.1,155.91,156.74,156.89,156.45,155.62,154.64,153.52,152.39,151.22,150.2,149.12,148.05,146.92,145.75,144.29,142.58,140.43,137.89,134.81,131.2,127.04,122.45,117.42,112.19,106.97,102.13,97.932,94.562,92.071,90.215,89.092,88.408,88.115,88.066,88.115,88.115,88.066,87.871,87.626,87.187,86.698,86.112,85.428,84.696,83.914,83.133,82.302,81.423,80.593,79.762,78.883,78.053,77.174,76.343,75.562,74.78,74.048,73.315,72.631,71.996,71.41,70.922,70.433,69.994,69.603,69.31,68.968,68.675,68.382,68.089,67.796,67.551,67.356,67.161,67.063,66.868,66.721,66.672,66.526,66.428,66.233,66.037,65.793,65.549,65.256,64.914,64.621,64.279,64.132,64.23,65.012,67.258,71.752,78.932,88.408,99.007,109.41,118.98,127.39,134.37,140.04,144.38,147.36,149.27,150.1,150.29,149.85,149.07,148,146.83,145.51,144.19,142.87,141.55,140.23,138.86,137.35,135.64,133.64,131.24,128.41,125.14,121.28,117.03,112.39,107.51,102.82,98.47,94.904,92.071,89.971,88.603,87.724,87.284,87.187,87.236,87.431,87.529,87.626,87.626,87.431,87.04,86.552,85.917,85.233,84.403,83.572,82.595,81.716,80.788,79.86,78.981,78.053,77.174,76.343,75.562,74.78,74.048,73.364,72.729,72.094,71.508,70.97,70.482,69.994,69.554,69.163,68.821,68.528,68.284,68.04,67.796,67.551,67.307,67.063,66.721,66.428,66.135,65.744,65.5,65.353,65.793,67.356,70.922,77.223,86.161,96.76,107.7,117.86,126.85,134.57,140.72,145.56,148.93,151.07,152.1,152.39,152.1,151.51,150.64,149.61,148.63,147.56,146.53,145.56,144.43,143.26,141.89,140.33,138.47,136.37,133.88,130.95,127.48,123.58,119.18,114.34,109.36,104.38,99.691,95.637,92.413,90.069,88.408,87.431,86.943,86.747,86.747,86.845,86.943,86.943,86.796,86.552,86.161,85.673,85.038,84.354,83.621,82.742,81.863,80.984,80.153,79.323,78.492,77.662,76.783,76.001,75.22,74.438,73.657,72.924,72.192,71.508,70.873,70.287,69.749,69.261,68.821,68.431,67.991,67.6,67.307,66.916,66.623,66.281,65.988,65.793,65.549,65.353,65.109,64.914,64.67,64.425,64.181,63.937,63.693,63.497,63.302,63.155,63.058,62.862,62.716,62.618,62.472,62.423,62.276,62.179,61.983,61.788,61.739,61.788,62.423,64.23,68.235,75.171,84.745,95.783,107.07,117.37,126.36,134.17,140.62,145.7,149.27,151.56,152.74,152.98,152.69,151.95,150.93,149.8,148.63,147.41,146.24,145.12,143.85,142.62,141.16,139.6,137.74,135.54,132.95,129.88,126.31,122.31,117.91,113.17,108.24,103.5,99.154,95.637,92.853,90.801,89.482,88.701,88.261,88.115,88.164,88.31,88.408,88.359,88.261,87.919,87.48,86.991,86.356,85.673,84.94,84.11,83.23,82.351,81.423,80.544,79.616,78.737,77.906,77.027,76.246,75.464,74.731,74.048,73.413,72.729,72.192,71.605,71.117,70.629,70.238,69.847,69.554,69.261,68.968,68.724,68.431,68.04,67.698,67.307,66.916,66.526,66.281,66.379,66.965,68.968,73.168,80.055,89.238,99.789,110.49,120.35,129.05,136.32,142.19,146.53,149.61,151.37,152.2,152.25,151.95,151.37,150.64,149.76,148.88,147.85,146.83,145.75,144.58,143.31,141.89,140.23,138.38,136.13,133.54,130.56,127.19,123.28,118.98,114.3,109.41,104.62,100.03,96.174,93.097,90.801,89.287,88.408,87.968,87.871,87.919,88.115,88.31,88.359,88.31,88.066,87.626,87.138,86.405,85.673,84.793,83.914,82.937,81.912,80.886,79.811,78.786,77.858,76.881,76.001,75.122,74.292,73.51,72.729,72.045,71.41,70.824,70.238,69.749,69.261,68.821,68.382,67.844,67.405,66.965,66.623,66.233,65.94,65.598,65.305,65.012,64.718,64.425,64.181,63.937,63.693,63.448,63.107,62.814,62.569,62.276,62.13,61.885,61.739,61.544,61.348,61.104,60.86,60.616,60.371,60.029,59.736,59.492,59.492,60.127,61.983,66.233,73.559,83.426,94.611,105.7,115.81,124.7,132.37,138.67,143.6,147.12,149.41,150.68,151.17,151.07,150.49,149.66,148.63,147.56,146.43,145.36,144.38,143.31,142.23,141.11,139.89,138.38,136.57,134.32,131.63,128.36,124.55,120.25,115.47,110.44,105.36,100.57,96.369,93.048,90.557,88.847,87.822,87.187,86.991,87.04,87.236,87.431,87.626,87.675,87.529,87.382,86.991,86.503,85.868,85.184,84.403,83.572,82.742,81.912,81.032,80.153,79.323,78.492,77.662,76.929,76.197,75.464,74.878,74.292,73.755,73.168,72.68,72.094,71.605,71.117,70.531,70.042,69.554,69.114,68.821,68.626,68.821,69.798,72.387,77.32,84.745,94.171,104.43,114.49,123.58,131.39,137.89,143.02,146.73,149.27,150.64,151.12,150.98,150.44,149.61,148.53,147.41,146.19,145.02,143.75,142.43,141.11,139.69,138.03,136.23,134.08,131.49,128.41,124.94,120.89,116.35,111.51,106.53,101.79,97.591,94.171,91.485,89.629,88.408,87.822,87.529,87.529,87.675,87.822,87.919,87.919,87.822,87.48,87.04,86.405,85.673,84.94,84.061,83.182,82.253,81.277,80.349,79.421,78.492,77.613,76.734,75.855,75.073,74.292,73.608,72.924,72.289,71.654,71.117,70.531,70.042,69.603,69.261,68.821,68.431,68.04,67.698,67.307,66.965,66.623,66.379,66.135,65.842,65.598,65.353,65.109,64.865,64.621,64.377,64.132,63.839,63.693,63.497,63.302,63.155,63.058,62.862,62.667,62.472,62.227,61.983,61.739,61.495,61.544,62.276,64.572,69.407,77.418,88.115,100.03,111.76,122.26,131.39,139.06,145.26,150,153.32,155.37,156.5,156.89,156.64,155.91,155.08,154.05,152.98,151.95,150.93,149.95,148.93,147.85,146.73,145.41,143.8,141.89,139.55,136.76,133.44,129.53,125.14,120.3,115.13,109.85,104.82,100.18,96.369,93.488,91.387,89.971,89.092,88.75,88.603,88.603,88.603,88.603,88.554,88.31,87.968,87.431,86.845,86.112,85.379,84.5,83.572,82.693,81.716,80.788,79.909,79.03,78.199,77.369,76.49,75.66,74.878,74.097,73.364,72.631,71.947,71.312,70.677,70.091,69.603,69.114,68.675,68.235,67.844,67.503,67.161,66.868,66.526,66.233,65.94,65.695,65.402,65.158,64.865,64.621,64.279,63.986,63.742,63.448,63.155,62.862,62.667,62.423,62.179,61.934,61.69,61.348,61.055,60.713,60.469,60.176,60.029,60.127,60.616,62.276,65.988,72.436,81.423,91.973,102.82,112.88,121.72,129.39,135.74,140.72,144.38,146.87,148.29,148.93,148.97,148.53,147.8,146.92,145.95,144.87,143.75,142.67,141.55,140.33,139.01,137.5,135.69,133.64,131.05,128.07,124.5,120.5,116,111.17,106.24,101.55,97.444,94.074,91.485,89.678,88.506,87.822,87.48,87.431,87.529,87.675,87.822,87.822,87.724,87.48,87.138,86.601,85.917,85.184,84.354,83.475,82.595,81.667,80.739,79.762,78.786,77.906,77.027,76.246,75.415,74.683,73.901,73.217,72.533,71.996,71.41,70.873,70.384,69.847,69.359,68.919,68.528,68.186,67.796,67.503,67.161,66.916,66.623,66.379,66.037,65.793,65.5,65.305,65.06,64.816,64.572,64.279,64.132,63.937,63.742,63.546,63.351,63.155,63.009,62.814,62.569,62.227,61.983,61.739,61.592,61.885,63.107,66.135,71.752,80.104,90.508,101.55,112.19,121.72,129.97,136.86,142.43,146.63,149.56,151.37,152.3,152.69,152.54,152.2,151.56,150.88,150.05,149.12,148.19,147.17,146.19,145.07,143.8,142.43,140.82,138.91,136.76,134.13,131,127.39,123.23,118.69,113.76,108.73,103.84,99.495,95.783,92.999,90.997,89.629,88.799,88.408,88.261,88.261,88.31,88.31,88.164,87.919,87.529,87.04,86.356,85.673,84.842,84.012,83.035,82.156,81.228,80.349,79.421,78.541,77.662,76.783,75.904,75.122,74.341,73.608,72.875,72.192,71.557,70.922,70.384,69.798,69.31,68.724,68.284,67.844,67.503,67.112,66.819,66.428,66.135,65.793,65.549,65.305,65.06,64.816,64.474,64.23,63.937,63.693,63.351,63.107,62.862,62.667,62.472,62.227,62.032,61.739,61.446,61.104,60.713,60.469,60.225,60.322,61.006,63.058,67.356,74.341,83.67,94.171,104.62,114.2,122.6,129.83,135.69,140.23,143.55,145.75,146.97,147.51,147.41,146.97,146.29,145.41,144.58,143.6,142.67,141.75,140.72,139.69,138.47,137.11,135.54,133.64,131.29,128.61,125.43,121.82,117.67,113.12,108.29,103.5,98.909,95.051,91.925,89.629,87.968,86.991,86.405,86.161,86.112,86.161,86.308,86.356,86.356,86.259,85.917,85.477,84.989,84.354,83.719,82.986,82.253,81.423,80.593,79.811,78.981,78.248,77.418,76.636,75.855,75.122,74.341,73.657,72.973,72.387,71.752,71.166,70.629,70.189,69.652,69.163,68.724,68.382,67.991,67.698,67.356,67.063,66.721,66.477,66.184,65.94,65.695,65.402,65.158,64.914,64.67,64.425,64.181,63.937,63.742,63.497,63.302,63.107,62.862,62.618,62.276,62.032,61.739,61.544,61.592,62.276,64.23,68.479,75.415,84.745,95.441,106.19,116.1,124.85,132.22,138.38,143.16,146.63,148.93,150.29,150.93,151.07,150.68,150.05,149.32,148.49,147.7,146.87,146,145.12,144.14,143.06,141.79,140.43,138.77,136.67,134.22,131.29,127.92,124.02,119.62,114.88,109.95,105.01,100.42,96.565,93.439,91.094,89.482,88.506,87.919,87.724,87.724,87.871,87.968,88.066,88.066,87.822,87.431,86.943,86.308,85.575,84.793,83.914,82.986,82.058,81.13,80.153,79.225,78.297,77.467,76.636,75.757,74.927,74.097,73.364,72.631,71.947,71.166,70.482,69.847,69.31,68.821,68.284,67.844,67.503,67.112,66.819,66.428,66.135,65.793,65.5,65.256,64.914,64.67,64.425,64.132,63.839,63.595,63.448,63.155,62.862,62.618,62.423,62.179,61.934,61.592,61.299,61.006,60.664,60.42,60.225,60.42,61.495,64.132,69.261,77.125,86.943,97.493,107.75,117.03,125.14,131.88,137.35,141.55,144.58,146.48,147.56,148,148,147.61,147.07,146.39,145.6,144.87,144.04,143.26,142.28,141.26,139.99,138.62,137.01,135.1,132.81,130.17,126.99,123.38,119.18,114.64,109.75,104.82,100.13,95.979,92.608,90.069,88.261,87.04,86.356,86.063,85.966,86.063,86.161,86.161,86.112,85.966,85.673,85.233,84.745,84.11,83.475,82.791,82.058,81.277,80.495,79.665,78.883,78.102,77.32,76.539,75.855,75.122,74.438,73.755,73.12,72.485,71.85,71.312,70.824,70.287,69.798,69.359,68.919,68.528,68.186,67.844,67.551,67.258,66.965,66.672,66.428,66.184,65.842,65.598,65.353,65.109,64.865,64.67,64.425,64.23,64.035,63.839,63.693,63.497,63.302,63.009,62.667,62.423,62.179,62.032,62.423,63.839,67.307,73.364,82.058,92.413,103.16,113.32,122.26,129.93,136.32,141.35,145.16,147.75,149.27,150,150.2,149.85,149.32,148.63,147.8,146.97,146.14,145.26,144.24,143.26,142.14,140.92,139.55,137.98,136.08,133.78,131.05,127.83,124.06,119.81,115.13,110.24,105.31,100.67,96.614,93.439,90.997,89.238,88.115,87.529,87.284,87.284,87.382,87.431,87.48,87.431,87.284,86.991,86.503,85.868,85.135,84.354,83.475,82.595,81.667,80.739,79.86,78.981,78.102,77.223,76.343,75.562,74.731,73.999,73.315,72.631,71.996,71.41,70.824,70.238,69.749,69.31,68.87,68.479,68.04,67.698,67.356,66.965,66.672,66.428,66.135,65.842,65.549,65.305,65.012,64.816,64.621,64.425,64.23,64.035,63.839,63.693,63.497,63.302,63.058,62.716,62.472,62.179,62.032,62.227,63.253,65.842,70.922,78.688,88.603,99.495,110.09,119.67,127.97,135.01,140.62,144.92,148,149.95,150.93,151.32,151.17,150.73,150.1,149.37,148.53,147.75,146.87,145.95,144.92,143.85,142.82,141.5,140.04,138.23,136.18,133.69,130.8,127.39,123.48,119.13,114.34,109.41,104.58,100.03,96.223,93.195,90.85,89.287,88.359,87.871,87.675,87.675,87.724,87.724,87.724,87.529,87.284,86.796,86.161,85.428,84.598,83.719,82.84,81.863,80.935,80.007,79.127,78.248,77.369,76.539,75.66,74.878,74.097,73.364,72.631,71.85,71.166,70.531,69.945,69.359,68.821,68.284,67.796,67.356,66.965,66.623,66.233,65.94,65.598,65.305,65.06,64.718,64.474,64.181,63.937,63.693,63.351,63.107,62.911,62.716,62.472,62.276,62.032,61.788,61.495,61.153,60.86,60.567,60.371,60.322,60.713,62.227,65.744,71.85,80.593,90.948,101.45,111.22,119.91,127.43,133.69,138.62,142.28,144.82,146.29,146.97,147.12,146.87,146.39,145.7,144.87,143.99,143.06,142.04,141.11,140.04,138.91,137.59,136.13,134.32,132.17,129.63,126.7,123.18,119.18,114.73,109.95,105.01,100.23,95.979,92.413,89.824,87.871,86.552,85.819,85.428,85.379,85.477,85.624,85.673,85.673,85.575,85.282,84.94,84.354,83.816,83.133,82.449,81.667,80.935,80.153,79.372,78.541,77.662,76.881,76.05,75.22,74.438,73.657,72.973,72.289,71.654,71.117,70.531,70.091,69.652,69.261,68.821,68.431,68.04,67.796,67.503,67.161,66.916,66.623,66.379,66.135,65.94,65.695,65.402,65.158,64.865,64.621,64.377,64.181,63.986,63.79,63.595,63.448,63.155,62.911,62.667,62.374,62.13,61.885,61.788,62.032,63.155,65.94,71.117,79.03,88.945,99.593,110,119.33,127.29,134.08,139.5,143.7,146.63,148.44,149.41,149.66,149.41,148.93,148.1,147.26,146.24,145.26,144.29,143.46,142.43,141.45,140.23,138.91,137.45,135.64,133.49,130.95,127.87,124.31,120.25,115.66,110.88,105.99,101.35,97.297,93.927,91.436,89.531,88.31,87.529,87.187,87.04,87.04,87.187,87.187,87.138,86.943,86.601,86.161,85.575,84.842,84.11,83.279,82.449,81.57,80.593,79.762,78.883,78.004,77.125,76.246,75.464,74.683,73.901,73.217,72.533,71.947,71.312,70.677,70.091,69.603,69.114,68.675,68.235,67.844,67.503,67.112,66.721,66.428,66.135,65.793,65.549,65.305,65.06,64.718,64.474,64.279,64.132,63.937,63.742,63.546,63.351,63.155,63.009,62.814,62.569,62.227,61.983,61.739,61.788,62.618,64.914,69.554,77.027,86.747,97.493,108.09,117.67,125.97,133,138.67,143.02,146,148,149.07,149.41,149.32,148.88,148.29,147.56,146.83,146.04,145.31,144.48,143.6,142.67,141.6,140.38,138.91,137.25,135.2,132.76,129.83,126.36,122.45,118.06,113.22,108.24,103.26,98.567,94.562,91.387,89.043,87.48,86.503,85.966,85.819,85.721,85.819,85.868,85.819,85.673,85.428,85.038,84.549,83.914,83.23,82.547,81.814,80.984,80.251,79.372,78.541,77.76,76.881,76.05,75.22,74.341,73.559,72.729,71.996,71.312,70.629,69.994,69.359,68.821,68.284,67.796,67.356,66.916,66.623,66.233,65.988,65.695,65.353,65.06,64.816,64.474,64.181,63.937,63.693,63.448,63.155,63.009,62.716,62.569,62.276,62.032,61.788,61.544,61.299,61.055,60.713,60.567,60.371,60.371,60.811,62.276,65.793,71.85,80.544,90.85,101.5,111.51,120.3,127.87,134.17,139.11,142.82,145.31,146.83,147.56,147.61,147.26,146.53,145.7,144.68,143.7,142.62,141.5,140.33,139.11,137.74,136.23,134.52,132.51,130.12,127.39,124.11,120.35,116.05,111.41,106.63,101.99,97.737,94.171,91.387,89.287,87.919,87.04,86.552,86.356,86.308,86.356,86.405,86.405,86.308,86.063,85.673,85.184,84.549,83.865,83.035,82.253,81.374,80.495,79.616,78.737,77.858,76.978,76.197,75.318,74.487,73.755,72.973,72.289,71.654,71.117,70.482,69.945,69.359,68.87,68.382,67.991,67.6,67.258,66.916,66.623,66.281,65.988,65.695,65.402,65.158,64.914,64.621,64.377,64.132,63.839,63.693,63.546,63.351,63.155,63.009,62.814,62.618,62.374,62.13,61.788,61.495,61.299,61.348,62.032,64.181,68.528,75.757,85.282,96.125,106.92,116.79,125.43,132.76,138.77,143.46,146.83,148.97,150.24,150.83,150.88,150.54,150.05,149.41,148.73,147.95,147.17,146.39,145.51,144.58,143.46,142.19,140.72,139.06,137.06,134.66,131.93,128.7,124.99,120.89,116.3,111.51,106.53,101.89,97.591,94.123,91.387,89.434,88.164,87.431,87.04,86.845,86.845,86.845,86.796,86.698,86.405,86.063,85.477,84.842,84.158,83.377,82.547,81.667,80.739,79.86,78.981,78.102,77.223,76.294,75.415,74.634,73.852,73.12,72.387,71.654,70.97,70.287,69.652,69.114,68.528,68.04,67.551,67.112,66.672,66.281,65.988,65.695,65.402,65.109,64.816,64.474,64.181,63.839,63.595,63.351,63.107,62.911,62.667,62.472,62.227,62.032,61.788,61.495,61.153,60.811,60.469,60.176,60.029,60.42,61.739,64.865,70.677,79.03,89.189,99.691,109.51,118.2,125.72,131.98,137.01,140.72,143.26,144.82,145.6,145.8,145.6,145.12,144.43,143.55,142.67,141.7,140.67,139.6,138.57,137.35,136.08,134.57,132.86,130.85,128.51,125.68,122.35,118.54,114.3,109.75,104.92,100.33,96.076,92.56,89.873,87.871,86.552,85.673,85.233,85.135,85.184,85.233,85.282,85.233,85.135,84.842,84.5,84.012,83.426,82.742,82.058,81.277,80.593,79.86,79.127,78.297,77.564,76.783,76.001,75.22,74.487,73.755,72.973,72.289,71.654,71.068,70.531,69.994,69.505,68.968,68.479,68.04,67.698,67.307,66.916,66.623,66.281,65.988,65.744,65.402,65.158,64.914,64.67,64.425,64.23,63.986,63.742,63.546,63.351,63.253,63.009,62.814,62.472,62.227,61.934,61.592,61.348,61.348,61.934,63.742,67.747,74.487,83.67,94.318,105.06,114.93,123.62,130.95,137.06,141.79,145.26,147.56,148.93,149.61,149.66,149.41,148.88,148.19,147.41,146.63,145.75,144.82,143.85,142.87,141.75,140.57,139.16,137.54,135.69,133.49,130.8,127.63,123.92,119.81,115.22,110.44,105.5,100.86,96.76,93.341,90.801,88.945,87.724,87.04,86.698,86.601,86.601,86.698,86.698,86.601,86.405,86.112,85.624,84.989,84.305,83.572,82.742,81.912,80.984,80.104,79.225,78.346,77.467,76.636,75.806,74.976,74.194,73.51,72.778,72.094,71.508,70.824,70.189,69.603,68.968,68.431,67.844,67.307,66.819,66.379,65.988,65.598,65.305,65.012,64.67,64.425,64.181,63.937,63.693,63.448,63.155,63.009,62.814,62.569,62.276,62.032,61.739,61.446,61.055,60.664,60.42,60.371,61.006,62.911,67.063,74.048,83.426,93.976,104.48,114.05,122.45,129.49,135.3,139.79,143.06,145.26,146.48,147.07,147.12,146.83,146.24,145.56,144.87,144.04,143.31,142.48,141.7,140.72,139.69,138.47,137.01,135.2,133.05,130.51,127.48,124.06,120.16,115.76,110.97,106.04,101.16,96.662,92.853,89.922,87.822,86.356,85.477,85.135,85.038,85.135,85.233,85.379,85.282,85.233,84.989,84.598,84.11,83.475,82.791,82.107,81.423,80.69,79.86,79.127,78.297,77.418,76.636,75.806,75.073,74.243,73.51,72.729,71.996,71.312,70.677,70.091,69.603,69.114,68.675,68.235,67.844,67.551,67.258,66.916,66.672,66.428,66.184,65.94,65.695,65.402,65.158,65.012,64.816,64.621,64.425,64.279,64.132,63.937,63.693,63.448,63.155,62.862,62.618,62.374,62.179,62.179,62.667,64.279,68.04,74.487,83.572,94.123,104.82,114.64,123.18,130.36,136.37,141.06,144.48,146.68,148,148.49,148.49,148.1,147.41,146.63,145.7,144.63,143.6,142.58,141.55,140.57,139.45,138.18,136.76,135.05,133.05,130.61,127.68,124.26,120.3,115.86,111.07,106.14,101.35,97.053,93.488,90.752,88.799,87.48,86.698,86.308,86.259,86.259,86.356,86.503,86.552,86.405,86.161,85.721,85.233,84.549,83.816,82.986,82.156,81.277,80.349,79.469,78.541,77.662,76.783,75.904,75.122,74.292,73.51,72.778,72.045,71.41,70.824,70.238,69.652,69.163,68.675,68.186,67.796,67.405,67.063,66.721,66.428,66.135,65.793,65.5,65.256,65.012,64.718,64.474,64.23,64.035,63.839,63.693,63.546,63.351,63.155,62.911,62.667,62.423,62.179,61.885,61.788,62.13,63.448,66.672,72.631,81.228,91.729,102.72,113.12,122.26,130.07,136.42,141.5,145.16,147.61,149.07,149.76,149.8,149.61,149.12,148.53,147.85,147.12,146.29,145.41,144.43,143.36,142.23,141.01,139.6,137.94,136.08,133.74,131.05,127.87,124.26,120.06,115.47,110.53,105.6,100.81,96.565,92.999,90.313,88.359,87.138,86.405,86.063,85.966,85.966,85.966,85.966,85.868,85.624,85.233,84.745,84.158,83.475,82.742,81.912,81.179,80.349,79.469,78.688,77.809,76.978,76.099,75.318,74.487,73.657,72.875,72.094,71.361,70.677,69.994,69.359,68.821,68.284,67.747,67.307,66.868,66.477,66.184,65.793,65.5,65.158,64.914,64.621,64.279,63.986,63.693,63.448,63.155,62.911,62.667,62.472,62.227
0.72998,0.73486,0.72998,0.73975,0.72998,0.72998,0.7251,0.72998,0.7251,0.72998,0.7251,0.72998,0.7251,0.72998,0.7251,0.72998,0.72998,0.73486,0.72998,0.74512,0.73486,0.75,0.75488,0.74512,0.75977,0.75488,0.76514,0.75488,0.77002,0.75488,0.77002,0.76514,0.7749,0.77002,0.77979,0.77002,0.77979,0.7749,0.78516,0.78516,0.79492,0.78516,0.7998,0.79492,0.7998,0.79492,0.7998,0.79004,0.79004,0.7998,0.81006,0.7998,0.79492,0.80469,0.7998,0.81006,0.80469,0.81006,0.7998,0.81006,0.7998,0.81006,0.7998,0.81494,0.80469,0.81982,0.81494,0.81982,0.82471,0.81982,0.82471,0.82471,0.81494,0.81006,0.82471,0.81494,0.82471,0.81982,0.83496,0.8501,0.87012,0.87012,0.89502,0.89014,0.87988,0.85498,0.82471,0.7749,0.77979,0.79004,0.81494,0.7998,0.81494,0.81006,0.81982,0.82471,0.81982,0.79492,0.81494,0.8999,1.165,1.4048,1.5,1.5,1.2349,0.9751,0.81006,0.75977,0.74512,0.74512,0.72998,0.73486,0.72998,0.75,0.74512,0.75488,0.75,0.75977,0.75488,0.76514,0.77002,0.76514,0.77979,0.7749,0.79004,0.78516,0.80469,0.7998,0.81982,0.81006,0.81982,0.81982,0.82471,0.81494,0.82471,0.81494,0.82471,0.81494,0.83008,0.82471,0.83984,0.82471,0.83984,0.83496,0.8501,0.85498,0.8501,0.85498,0.84473,0.8501,0.83984,0.8501,0.84473,0.8501,0.8501,0.8501,0.84473,0.8501,0.84473,0.8501,0.84473,0.8501,0.84473,0.8501,0.83984,0.8501,0.84473,0.8501,0.83496,0.83984,0.83008,0.83984,0.83008,0.83496,0.83008,0.83496,0.83984,0.82471,0.83496,0.82471,0.81982,0.81494,0.82471,0.82471,0.83008,0.82471,0.82471,0.81982,0.83496,0.82471,0.83496,0.83496,0.84473,0.8501,0.875,0.87988,0.89014,0.89502,0.875,0.8501,0.81494,0.77002,0.76514,0.7998,0.81006,0.81982,0.81494,0.82471,0.82471,0.83496,0.82471,0.81494,0.80469,0.85986,1.0801,1.375,1.5,1.5,1.375,1.0298,0.85498,0.77002,0.74512,0.74512,0.75,0.73486,0.75,0.73486,0.75,0.74512,0.75488,0.75488,0.7749,0.7749,0.77979,0.78516,0.79004,0.78516,0.7998,0.7998,0.81982,0.81494,0.82471,0.82471,0.83984,0.83496,0.84473,0.83496,0.84473,0.83008,0.83984,0.84473,0.83984,0.8501,0.84473,0.85498,0.8501,0.85498,0.8501,0.85986,0.85498,0.85986,0.8501,0.85498,0.8501,0.85498,0.8501,0.8501,0.84473,0.8501,0.83984,0.84473,0.83496,0.84473,0.8501,0.83984,0.83008,0.83496,0.83984,0.83008,0.83984,0.83008,0.83496,0.82471,0.83008,0.82471,0.83496,0.83008,0.83984,0.83496,0.84473,0.83008,0.84473,0.83008,0.83984,0.83496,0.84473,0.83496,0.84473,0.83984,0.8501,0.8501,0.84473,0.8501,0.84473,0.8501,0.84473,0.8501,0.83984,0.85986,0.875,0.89014,0.89502,0.91504,0.88477,0.87012,0.82471,0.79492,0.77979,0.7998,0.80469,0.7998,0.81494,0.80469,0.82471,0.82471,0.81982,0.81006,0.81006,0.84473,1.0649,1.3447,1.5,1.5,1.4448,1.04,0.87988,0.7749,0.76514,0.75488,0.75488,0.75,0.75977,0.75488,0.77002,0.76514,0.77979,0.76514,0.7749,0.77979,0.79004,0.7998,0.78516,0.7998,0.79492,0.80469,0.7998,0.81494,0.81982,0.83496,0.82471,0.83984,0.83496,0.84473,0.83984,0.8501,0.84473,0.8501,0.83496,0.84473,0.84473,0.8501,0.8501,0.85498,0.84473,0.8501,0.84473,0.84473,0.83984,0.84473,0.8501,0.84473,0.8501,0.83984,0.8501,0.84473,0.8501,0.84473,0.84473,0.83496,0.84473,0.83496,0.83984,0.83008,0.84473,0.83984,0.83984,0.83008,0.83984,0.82471,0.83008,0.82471,0.83008,0.83984,0.83496,0.83984,0.82471,0.83496,0.82471,0.83496,0.82471,0.83496,0.83008,0.83984,0.82471,0.83496,0.82471,0.83496,0.83008,0.83984,0.83008,0.83984,0.84473,0.83984,0.85986,0.88477,0.875,0.89502,0.8999,0.875,0.84473,0.81494,0.76514,0.75488,0.7998,0.81494,0.81982,0.82471,0.83008,0.82471,0.83496,0.82471,0.81494,0.81006,0.89502,1.1196,1.3896,1.5,1.5,1.3496,1,0.83496,0.77979,0.75977,0.75488,0.75977,0.75,0.76514,0.75488,0.77002,0.76514,0.77979,0.77002,0.77979,0.77979,0.79492,0.79004,0.7998,0.7998,0.81494,0.81006,0.82471,0.82471,0.83496,0.83008,0.84473,0.8501,0.83984,0.85986,0.8501,0.84473,0.84473,0.8501,0.84473,0.85498,0.8501,0.8501,0.84473,0.8501,0.8501,0.8501,0.8501,0.85498,0.8501,0.8501,0.83984,0.8501,0.84473,0.8501,0.83984,0.84473,0.83496,0.83496,0.82471,0.83008,0.82471,0.83008,0.83496,0.82471,0.83008,0.82471,0.83008,0.82471,0.83008,0.82471,0.83008,0.81982,0.82471,0.82471,0.83496,0.82471,0.83008,0.82471,0.83008,0.82471,0.83008,0.81982,0.82471,0.82471,0.82471,0.83008,0.82471,0.83496,0.82471,0.83008,0.82471,0.83496,0.83008,0.85986,0.86475,0.87988,0.89014,0.89502,0.86475,0.84473,0.7998,0.7749,0.75488,0.79492,0.7998,0.81006,0.81494,0.81982,0.82471,0.81494,0.83008,0.80469,0.81494,0.89502,1.1548,1.395,1.5,1.5,1.29,0.96484,0.82471,0.75488,0.75488,0.73975,0.75,0.73975,0.75,0.73975,0.75488,0.75,0.75977,0.75488,0.76514,0.77002,0.7749,0.77979,0.77979,0.79004,0.77979,0.79492,0.79492,0.80469,0.81494,0.82471,0.81494,0.83008,0.82471,0.83496,0.82471,0.83984,0.83008,0.83984,0.83008,0.83984,0.83496,0.83984,0.83008,0.82471,0.83008,0.82471,0.83008,0.82471,0.83008,0.82471,0.83008,0.82471,0.83496,0.82471,0.83496,0.82471,0.83984,0.82471,0.83008,0.82471,0.83008,0.82471,0.83984,0.82471,0.83008,0.82471,0.83008,0.82471,0.83008,0.81982,0.82471,0.83496,0.82471,0.83008,0.82471,0.81982,0.81494,0.82471,0.82471,0.83008,0.82471,0.83008,0.82471,0.83496,0.82471,0.83496,0.82471,0.83496,0.82471,0.83496,0.82471,0.83496,0.8501,0.875,0.88477,0.89502,0.90967,0.87988,0.85498,0.81982,0.77979,0.77002,0.79492,0.7998,0.81006,0.81006,0.82471,0.81982,0.83008,0.83008,0.81982,0.81006,0.8501,1.0547,1.3447,1.5,1.5,1.4546,1.0649,0.87988,0.7749,0.75,0.74512,0.75,0.73486,0.74512,0.73486,0.75488,0.75,0.75488,0.75488,0.7749,0.76514,0.7749,0.77002,0.77979,0.77979,0.79492,0.78516,0.7998,0.80469,0.82471,0.81006,0.81982,0.82471,0.83008,0.82471,0.83008,0.82471,0.83008,0.83984,0.82471,0.83496,0.83984,0.84473,0.83496,0.8501,0.84473,0.8501,0.83008,0.8501,0.83496,0.84473,0.83496,0.8501,0.84473,0.83984,0.82471,0.83984,0.8501,0.83496,0.83008,0.83984,0.84473,0.83984,0.83008,0.82471,0.83984,0.83008,0.83984,0.82471,0.83496,0.83008,0.83496,0.82471,0.81982,0.83008,0.83496,0.81494,0.82471,0.81494,0.84473,0.82471,0.82471,0.83008,0.82471,0.83008,0.82471,0.83496,0.82471,0.83984,0.83496,0.86475,0.82471,0.83008,0.83008,0.8501,0.85986,0.87988,0.89014,0.90479,0.88477,0.875,0.84473,0.81006,0.76514,0.77979,0.7998,0.81494,0.81982,0.82471,0.82471,0.82471,0.82471,0.81982,0.81006,0.83008,0.94971,1.2349,1.4546,1.5,1.5,1.23,0.94482,0.7998,0.75977,0.73486,0.73975,0.73486,0.74512,0.73975,0.75,0.74512,0.75488,0.75977,0.76514,0.7749,0.77002,0.78516,0.77979,0.79492,0.78516,0.79492,0.79004,0.81006,0.81494,0.82471,0.81982,0.83496,0.83496,0.84473,0.83496,0.84473,0.83496,0.84473,0.83984,0.84473,0.83984,0.8501,0.84473,0.8501,0.84473,0.83984,0.8501,0.83984,0.8501,0.83496,0.84473,0.83496,0.8501,0.84473,0.8501,0.84473,0.8501,0.83496,0.84473,0.83008,0.84473,0.83008,0.83984,0.83008,0.83984,0.83008,0.83496,0.83008,0.84473,0.8501,0.83984,0.83008,0.83496,0.83984,0.82471,0.83984,0.82471,0.83496,0.82471,0.83496,0.82471,0.83496,0.82471,0.83008,0.82471,0.83496,0.82471,0.83496,0.82471,0.83984,0.82471,0.83008,0.83984,0.87012,0.87988,0.89502,0.8999,0.87988,0.85986,0.83008,0.78516,0.77002,0.78516,0.7998,0.81006,0.80469,0.81982,0.81494,0.82471,0.81494,0.81982,0.7998,0.83984,0.99512,1.2949,1.5,1.5,1.5,1.1348,0.93506,0.79004,0.75488,0.75,0.75488,0.73975,0.75488,0.74512,0.75488,0.75,0.76514,0.75488,0.7749,0.77002,0.78516,0.77979,0.79492,0.79004,0.7998,0.7998,0.81494,0.80469,0.82471,0.81982,0.83496,0.83008,0.83984,0.84473,0.83496,0.83984,0.83496,0.84473,0.83496,0.84473,0.83984,0.8501,0.84473,0.8501,0.84473,0.85498,0.8501,0.85498,0.84473,0.8501,0.83984,0.8501,0.84473,0.8501,0.84473,0.8501,0.83984,0.84473,0.8501,0.84473,0.8501,0.84473,0.8501,0.83984,0.8501,0.84473,0.8501,0.84473,0.8501,0.83984,0.84473,0.83008,0.84473,0.83984,0.8501,0.84473,0.85498,0.84473,0.84473,0.83984,0.84473,0.83008,0.83984,0.83008,0.83496,0.84473,0.83984,0.84473,0.83984,0.85498,0.84473,0.85498,0.8501,0.85986,0.875,0.89502,0.89014,0.91504,0.89502,0.87988,0.83984,0.83496,0.83008,0.86475,0.87012,0.88477,0.89502,0.875,0.8501,0.83496,0.77002,0.74512,0.75,0.78516,0.77979,0.7998,0.81006,0.81494,0.82471,0.81006,0.81494,0.81006,0.81494,0.81006,0.83008,0.83008,0.8501,0.83984,0.8501,0.8501,0.86475,0.85498,0.86475,0.87012,0.8501,0.85498,0.8501,0.8501,0.8501,0.85498,0.8501,0.85986,0.83984,0.84473,0.8501,0.8501,0.83984,0.8501,0.84473,0.8501,0.83496,0.84473,0.83984,0.8501,0.82471,0.83008,0.83496,0.83008,0.83496,0.82471,0.83984,0.82471,0.83008,0.82471,0.83984,0.81982,0.82471,0.82471,0.82471,0.82471,0.83008,0.81982,0.83008,0.81982,0.82471,0.82471,0.84473,0.85498,0.875,0.875,0.89502,0.87012,0.85498,0.83008,0.79492,0.75977,0.7749,0.79004,0.7998,0.81006,0.81982,0.82471,0.81494,0.81982,0.81006,0.80469,0.81982,0.95996,1.2598,1.4648,1.5,1.5,1.1699,0.9248,0.78516,0.76514,0.75,0.75,0.73975,0.75,0.73975,0.75488,0.75977,0.75488,0.77002,0.75977,0.7749,0.77002,0.77979,0.77979,0.79492,0.79004,0.79492,0.79004,0.80469,0.80469,0.81982,0.82471,0.83984,0.83496,0.8501,0.84473,0.8501,0.84473,0.8501,0.83984,0.8501,0.84473,0.83984,0.8501,0.84473,0.8501,0.83984,0.8501,0.84473,0.8501,0.84473,0.8501,0.84473,0.8501,0.83984,0.8501,0.83496,0.83984,0.83008,0.84473,0.83008,0.83496,0.83008,0.83496,0.82471,0.83008,0.83984,0.82471,0.83008,0.82471,0.83496,0.83008,0.83496,0.82471,0.83496,0.82471,0.83008,0.82471,0.83496,0.83008,0.83496,0.82471,0.83496,0.82471,0.83984,0.82471,0.83984,0.84473,0.83496,0.84473,0.83496,0.84473,0.875,0.88477,0.87988,0.8999,0.89014,0.875,0.83984,0.80469,0.75977,0.77979,0.7998,0.81006,0.7998,0.82471,0.81982,0.82471,0.81494,0.81982,0.80469,0.83984,0.97998,1.2798,1.48,1.5,1.5,1.1499,0.92969,0.79004,0.75488,0.74512,0.75,0.73975,0.74512,0.73975,0.75488,0.75488,0.76514,0.76514,0.77979,0.77002,0.78516,0.77979,0.79004,0.78516,0.79492,0.7998,0.79492,0.81006,0.81494,0.82471,0.81494,0.83008,0.82471,0.83496,0.83008,0.83984,0.82471,0.83496,0.83008,0.83984,0.83496,0.84473,0.83984,0.8501,0.84473,0.8501,0.83984,0.8501,0.83984,0.8501,0.83984,0.8501,0.83496,0.83984,0.83496,0.83008,0.83984,0.83008,0.83984,0.83008,0.83984,0.83496,0.83496,0.83008,0.83984,0.82471,0.83984,0.82471,0.83496,0.82471,0.83496,0.83008,0.83984,0.82471,0.83984,0.82471,0.83496,0.82471,0.83008,0.83496,0.82471,0.83008,0.82471,0.83008,0.82471,0.83496,0.83008,0.83984,0.82471,0.84473,0.8501,0.88477,0.89502,0.90967,0.8999,0.89502,0.86475,0.84473,0.7998,0.77979,0.78516,0.81006,0.7998,0.79492,0.80469,0.81494,0.83008,0.82471,0.81494,0.7998,0.82471,0.9751,1.2646,1.4746,1.5,1.5,1.1597,0.92969,0.7998,0.75977,0.75488,0.73975,0.75977,0.75,0.75488,0.75488,0.77002,0.7749,0.75977,0.77002,0.7749,0.77979,0.7749,0.77979,0.7749,0.79492,0.79004,0.80469,0.7998,0.81982,0.81494,0.83496,0.83496,0.83984,0.82471,0.83984,0.83008,0.83984,0.83984,0.8501,0.83984,0.8501,0.84473,0.83496,0.8501,0.83984,0.86475,0.84473,0.83984,0.8501,0.83008,0.82471,0.8501,0.84473,0.83496,0.83008,0.83984,0.84473,0.8501,0.82471,0.84473,0.83984,0.83496,0.82471,0.83496,0.82471,0.83008,0.81982,0.82471,0.82471,0.83008,0.83008,0.84473,0.82471,0.81494,0.82471,0.84473,0.85498,0.85498,0.8501,0.86475,0.93994,0.83496,0.7749,0.79492,0.83984,0.83496,0.83008,0.81982,0.875,0.89502,0.85498,0.8999,0.95508,0.96484,0.93506,0.875,0.86475,0.83008,0.78516,0.75488,0.74512,0.78516,0.81494,0.8501,0.7998,0.86475,0.87988,0.8999,0.83008,0.77979,0.81982,1.02,1.3247,1.5,1.5,1.5,1.105,0.89014,0.75977,0.7998,0.81006,0.7749,0.75,0.72998,0.75977,0.79004,0.76514,0.75488,0.77979,0.80469,0.73975,0.76514,0.77979,0.7998,0.81494,0.79492,0.84473,0.7749,0.81494,0.875,0.77002,0.75,0.81006,0.85986,0.87988,0.77979,0.81982,0.83008,0.84473,0.85986,0.83008,0.77979,0.83496,0.8501,0.81982,0.89014,0.81006,0.88477,0.87012,0.875,0.8501,0.79492,0.78516,0.82471,0.7998,0.85498,0.875,0.89014,0.81006,0.85498,0.8501,0.85986,0.81494,0.83984,0.85986,0.80469,0.84473,0.87988,0.81006,0.77002,0.84473,0.8999,0.82471,0.81982,0.8501,0.82471,0.85498,0.76514,0.81006,0.84473,0.79492,0.85498,0.89502,0.81494,0.93994,0.83008,0.75977,0.83008,0.81982,0.81494,0.83984,0.86475,0.89014,0.94971,0.96484,0.79492,0.87988,0.88477,0.77979,0.71484,0.70508,0.75977,0.83496,0.83496,0.84473,0.7749,0.81982,0.7998,0.85498,0.82471,0.8999,1.085,1.3198,1.5,1.5,1.4497,1.1597,0.87988,0.73486,0.68506,0.7251,0.70996,0.79004,0.7998,0.68018,0.6499,0.75,0.73975,0.79492,0.76514,0.79492,0.7251,0.71973,0.81006,0.78516,0.74512,0.71973,0.7749,0.77979,0.7998,0.79004,0.7998,0.77002,0.81982,0.84473,0.82471,0.83984,0.84473,0.7749,0.79492,0.81982,0.83984,0.82471,0.85986,0.85498,0.8501,0.86475,0.83984,0.8501,0.8501,0.82471,0.83008,0.83984,0.82471,0.81982,0.86475,0.81494,0.7998,0.82471,0.85498,0.86475,0.83496,0.875,0.80469,0.79004,0.82471,0.80469,0.79004,0.82471,0.83008,0.84473,0.81982,0.81494,0.82471,0.83496,0.82471,0.82471,0.81006,0.8501,0.80469,0.79004,0.81494,0.79492,0.81982,0.7998,0.82471,0.81982,0.83008,0.83496,0.81494,0.83008,0.875,0.88477,0.87988,0.87012,0.91504,0.80469,0.79492,0.75488,0.74512,0.75488,0.79004,0.77979,0.7998,0.80469,0.7998,0.82471,0.80469,0.81494,0.7998,0.82471,1,1.2798,1.5,1.5,1.5,1.1147,0.875,0.7749,0.74512,0.75488,0.71973,0.75,0.75977,0.71973,0.71484,0.73975,0.74512,0.73975,0.76514,0.75977,0.7749,0.77002,0.7998,0.76514,0.79004,0.77979,0.81494,0.81982,0.79004,0.81982,0.82471,0.81494,0.82471,0.82471,0.83496,0.83008,0.84473,0.82471,0.82471,0.82471,0.83008,0.81494,0.81006,0.82471,0.83008,0.81982,0.81494,0.82471,0.81982,0.83496,0.82471,0.83008,0.82471,0.86475,0.7998,0.82471,0.82471,0.83496,0.80469,0.82471,0.7998,0.81006,0.81494,0.81006,0.82471,0.81494,0.83008,0.80469,0.82471,0.83496,0.83984,0.7998,0.81494,0.85498,0.81494,0.7998,0.83008,0.82471,0.84473,0.81494,0.82471,0.80469,0.83008,0.83008,0.83984,0.82471,0.8501,0.84473,0.8501,0.84473,0.8501,0.87012,0.8999,0.91992,0.90967,0.87012,0.83496,0.7998,0.76514,0.77979,0.7998,0.81494,0.7998,0.83984,0.83008,0.83008,0.84473,0.83496,0.81006,0.83008,0.9248,1.23,1.4697,1.5,1.5,1.2549,0.96973,0.7998,0.7749,0.78516,0.74512,0.73486,0.77002,0.76514,0.77979,0.78516,0.7998,0.78516,0.79492,0.7998,0.82471,0.79492,0.7998,0.79492,0.81494,0.80469,0.82471,0.82471,0.8501,0.84473,0.85986,0.83496,0.83008,0.83984,0.87012,0.87988,0.87012,0.85498,0.87012,0.875,0.8501,0.85498,0.86475,0.87012,0.84473,0.8501,0.85498,0.86475,0.8501,0.87012,0.83984,0.86475,0.875,0.85498,0.8501,0.85986,0.8501,0.8501,0.8501,0.85986,0.87012,0.8501,0.8501,0.84473,0.83984,0.83496,0.85986,0.84473,0.8501,0.8501,0.83984,0.83008,0.86475,0.84473,0.8501,0.82471,0.83496,0.83496,0.84473,0.83984,0.8501,0.82471,0.83008,0.83984,0.83496,0.82471,0.83496,0.84473,0.83008,0.83984,0.83496,0.875,0.87012,0.8999,0.91504,0.92969,0.87012,0.85498,0.7998,0.79492,0.77979,0.7998,0.80469,0.81982,0.82471,0.81982,0.83496,0.83984,0.81982,0.82471,0.81006,0.91992,1.1948,1.4346,1.5,1.5,1.2549,1,0.83008,0.75977,0.75488,0.73975,0.75488,0.74512,0.75488,0.75488,0.76514,0.75977,0.77979,0.76514,0.77979,0.7749,0.77002,0.77979,0.79492,0.79004,0.81006,0.81982,0.81006,0.81982,0.81494,0.82471,0.82471,0.83984,0.83008,0.8501,0.83496,0.83984,0.82471,0.8501,0.83008,0.84473,0.83984,0.8501,0.84473,0.85498,0.83496,0.84473,0.8501,0.84473,0.8501,0.83496,0.8501,0.83984,0.8501,0.83984,0.8501,0.8501,0.85986,0.8501,0.83984,0.82471,0.83496,0.83008,0.84473,0.83008,0.83496,0.83008,0.8501,0.82471,0.83496,0.83496,0.84473,0.82471,0.82471,0.83008,0.83984,0.84473,0.83008,0.83984,0.82471,0.83008,0.82471,0.83984,0.83008,0.83496,0.82471,0.83008,0.81494,0.83496,0.83984,0.87012,0.86475,0.875,0.88477,0.89502,0.88477,0.875,0.82471,0.77979,0.75977,0.78516,0.80469,0.79004,0.81494,0.81006,0.82471,0.81494,0.81982,0.7998,0.82471,0.83984,1.0498,1.3096,1.5,1.5,1.5,1.0801,0.89502,0.77002,0.75,0.73486,0.75,0.75488,0.75977,0.75488,0.75488,0.74512,0.75488,0.77002,0.7749,0.83008,0.83496,0.83008,0.83984,0.81982,0.83008,0.82471,0.82471,0.81982,0.83008,0.81982,0.82471,0.81494,0.81982,0.82471,0.81494,0.82471,0.81494,0.82471,0.81494,0.82471,0.81982,0.83008,0.82471,0.8501,0.86475,0.88477,0.88477,0.89014,0.87012,0.8501,0.81006,0.7749,0.75,0.78516,0.7998,0.81006,0.80469,0.81982,0.82471,0.81982,0.82471,0.81006,0.80469,0.85498,1.0698,1.355,1.5,1.5,1.4648,1.04,0.85498,0.75977,0.74512,0.73486,0.74512,0.73975,0.75488,0.74512,0.75488,0.75,0.75488,0.76514,0.75977,0.77002,0.77979,0.77979,0.79004,0.79492,0.79004,0.7998,0.79492,0.81006,0.7998,0.81982,0.81006,0.83008,0.82471,0.83496,0.83008,0.83984,0.83008,0.83984,0.83496,0.8501,0.83496,0.84473,0.83984,0.84473,0.83984,0.8501,0.84473,0.83984,0.8501,0.84473,0.85498,0.84473,0.8501,0.83984,0.84473,0.82471,0.83496,0.82471,0.83008,0.82471,0.83496,0.82471,0.83008,0.82471,0.83496,0.82471,0.82471,0.82471,0.83008,0.82471,0.83008,0.83496,0.82471,0.83008,0.82471,0.83496,0.83984,0.84473,0.83008,0.83984,0.83496,0.83984,0.83008,0.83984,0.83008,0.83496,0.82471,0.85498,0.875,0.89502,0.8999,0.91504,0.87988,0.87012,0.82471,0.79004,0.76514,0.79004,0.80469,0.81006,0.81006,0.81494,0.82471,0.81494,0.82471,0.81006,0.81006,0.83496,1.04,1.3198,1.5,1.5,1.5,1.0747,0.89502,0.77002,0.75488,0.73975,0.73486,0.74512,0.75,0.75488,0.75488,0.75488,0.75488,0.76514,0.7749,0.77979,0.77002,0.77979,0.7749,0.79004,0.78516,0.7998,0.79492,0.81006,0.80469,0.81982,0.81982,0.83008,0.81982,0.83008,0.82471,0.83496,0.83008,0.83984,0.83496,0.8501,0.84473,0.84473,0.8501,0.83984,0.8501,0.84473,0.8501,0.83496,0.84473,0.83984,0.8501,0.83984,0.8501,0.84473,0.8501,0.83984,0.8501,0.83008,0.83984,0.83008,0.83984,0.83008,0.83496,0.82471,0.83984,0.84473,0.83008,0.83008,0.82471,0.83984,0.83008,0.83984,0.83496,0.83984,0.83008,0.83984,0.83496,0.84473,0.83008,0.84473,0.83496,0.84473,0.83496,0.83984,0.83008,0.83984,0.83496,0.84473,0.87012,0.89014,0.89502,0.90479,0.89014,0.875,0.84473,0.7998,0.77979,0.7749,0.80469,0.81006,0.81982,0.81494,0.82471,0.81494,0.83008,0.81982,0.81494,0.81982,0.95508,1.23,1.4546,1.5,1.5,1.1797,0.94482,0.7998,0.77002,0.75488,0.75,0.75488,0.74512,0.75488,0.75,0.77002,0.75977,0.77979,0.7749,0.78516,0.78516,0.7998,0.78516,0.7998,0.7998,0.80469,0.80469,0.81982,0.82471,0.83008,0.83496,0.83008,0.84473,0.83496,0.84473,0.83984,0.8501,0.84473,0.85498,0.8501,0.85498,0.8501,0.85986,0.8501,0.85498,0.84473,0.8501,0.84473,0.8501,0.83984,0.8501,0.83496,0.84473,0.83496,0.84473,0.8501,0.83984,0.83008,0.83984,0.83008,0.82471,0.83984,0.83008,0.83496,0.82471,0.83496,0.83008,0.83496,0.83008,0.83496,0.83008,0.83984,0.83008,0.83496,0.82471,0.84473,0.83496,0.83984,0.83008,0.83984,0.84473,0.83984,0.8501,0.83984,0.8501,0.83984,0.8501,0.83496,0.8501,0.86475,0.88477,0.89014,0.90967,0.88477,0.875,0.83984,0.81494,0.76514,0.75977,0.79004,0.81494,0.81006,0.81494,0.81982,0.83008,0.82471,0.82471,0.81006,0.82471,0.93506,1.21,1.4297,1.5,1.5,1.2148,0.95508,0.81006,0.7749,0.75488,0.76514,0.75488,0.75977,0.75488,0.76514,0.75977,0.7749,0.77002,0.77979,0.77979,0.79004,0.79492,0.7998,0.7998,0.80469,0.81006,0.81494,0.81982,0.81494,0.83008,0.82471,0.8501,0.84473,0.85498,0.8501,0.85498,0.8501,0.86475,0.85498,0.86475,0.85498,0.875,0.85498,0.86475,0.86475,0.875,0.85498,0.85986,0.85498,0.85986,0.8501,0.8501,0.85498,0.8501,0.85986,0.84473,0.8501,0.84473,0.85498,0.84473,0.8501,0.83984,0.84473,0.83496,0.84473,0.83496,0.84473,0.83496,0.83984,0.83008,0.83984,0.83008,0.84473,0.8501,0.83984,0.8501,0.83984,0.8501,0.83984,0.84473,0.83984,0.8501,0.8501,0.8501,0.8501,0.85498,0.84473,0.85498,0.8501,0.87988,0.89014,0.90479,0.91504,0.89502,0.875,0.85498,0.81494,0.77979,0.78516,0.81494,0.82471,0.81982,0.83984,0.82471,0.83984,0.83008,0.84473,0.81982,0.83984,0.95996,1.2397,1.4497,1.5,1.5,1.2046,0.93994,0.81494,0.7749,0.77002,0.75488,0.76514,0.75977,0.76514,0.77002,0.76514,0.77979,0.7749,0.79004,0.78516,0.7998,0.79492,0.80469,0.7998,0.81006,0.81006,0.82471,0.81982,0.83008,0.83008,0.8501,0.83984,0.8501,0.84473,0.8501,0.8501,0.85498,0.8501,0.85986,0.8501,0.85498,0.85986,0.8501,0.85986,0.8501,0.85986,0.8501,0.85498,0.84473,0.8501,0.84473,0.8501,0.84473,0.8501,0.83984,0.8501,0.83984,0.8501,0.83984,0.84473,0.83984,0.8501,0.83496,0.84473,0.83496,0.84473,0.8501,0.83496,0.84473,0.83008,0.84473,0.83008,0.83984,0.83008,0.83984,0.83008,0.84473,0.83984,0.84473,0.83496,0.8501,0.83984,0.8501,0.83496,0.8501,0.83984,0.84473,0.83984,0.8501,0.87012,0.89014,0.89502,0.90967,0.89014,0.875,0.84473,0.7998,0.77979,0.79004,0.81006,0.80469,0.81982,0.81494,0.82471,0.82471,0.83008,0.81006,0.80469,0.81982,0.95996,1.2397,1.46,1.5,1.5,1.1548,0.93994,0.79004,0.75488,0.75,0.74512,0.75,0.73975,0.75488,0.75,0.75977,0.75488,0.7749,0.7749,0.79004,0.77979,0.79004,0.79004,0.7998,0.79004,0.80469,0.81006,0.81982,0.82471,0.82471,0.83008,0.82471,0.83496,0.84473,0.8501,0.84473,0.85498,0.8501,0.8501,0.8501,0.8501,0.8501,0.85498,0.84473,0.85498,0.84473,0.85498,0.8501,0.85986,0.8501,0.8501,0.84473,0.85498,0.84473,0.83984,0.8501,0.84473,0.83496,0.84473,0.8501,0.83496,0.84473,0.83496,0.8501,0.83496,0.83984,0.82471,0.84473,0.83496,0.83984,0.83496,0.84473,0.83008,0.83984,0.82471,0.83496,0.82471,0.83496,0.83496,0.83496,0.82471,0.83008,0.83496,0.83008,0.84473,0.82471,0.83496,0.82471,0.8501,0.87012,0.87988,0.875,0.8999,0.88477,0.87012,0.83496,0.80469,0.75977,0.7749,0.79004,0.7998,0.7998,0.80469,0.80469,0.81982,0.81006,0.81982,0.7998,0.81982,0.91992,1.1948,1.4248,1.5,1.5,1.2148,0.94482,0.79492,0.76514,0.74512,0.75488,0.73975,0.75488,0.74512,0.75488,0.75488,0.77002,0.75977,0.7749,0.77002,0.77979,0.77979,0.7749,0.78516,0.79492,0.7998,0.79492,0.81006,0.81982,0.82471,0.82471,0.83496,0.83008,0.84473,0.83984,0.8501,0.83984,0.84473,0.83496,0.84473,0.83984,0.8501,0.83984,0.8501,0.83984,0.84473,0.83496,0.84473,0.83008,0.82471,0.83984,0.83008,0.84473,0.82471,0.83984,0.82471,0.83496,0.82471,0.83008,0.82471,0.82471,0.81982,0.83008,0.82471,0.83008,0.82471,0.83008,0.81982,0.82471,0.81982,0.82471,0.81982,0.82471,0.81982,0.82471,0.81982,0.81982,0.82471,0.81982,0.83008,0.81982,0.82471,0.81982,0.83008,0.81982,0.83008,0.82471,0.83496,0.82471,0.85498,0.87012,0.89014,0.89502,0.89502,0.87012,0.85498,0.81494,0.77979,0.76514,0.78516,0.7998,0.7998,0.81006,0.80469,0.81982,0.81006,0.82471,0.7998,0.7998,0.83496,1.0449,1.3247,1.5,1.5,1.4897,1.0649,0.88477,0.75977,0.75,0.72998,0.73486,0.72998,0.73486,0.73975,0.73486,0.75488,0.75488,0.75977,0.75488,0.77002,0.76514,0.7749,0.77002,0.79004,0.78516,0.79492,0.7998,0.81494,0.81982,0.83008,0.82471,0.83984,0.82471,0.83496,0.82471,0.83984,0.84473,0.83984,0.8501,0.83496,0.84473,0.83984,0.84473,0.83496,0.84473,0.82471,0.83496,0.82471,0.83008,0.82471,0.83984,0.83008,0.83984,0.82471,0.83496,0.82471,0.83496,0.82471,0.83496,0.82471,0.83008,0.82471,0.82471,0.82471,0.82471,0.82471,0.83008,0.83984,0.83496,0.84473,0.83008,0.83496,0.82471,0.83008,0.81982,0.82471,0.81982,0.82471,0.81494,0.82471,0.81494,0.82471,0.82471,0.83496,0.82471,0.83008,0.82471,0.81982,0.82471,0.83984,0.86475,0.875,0.89014,0.89502,0.875,0.8501,0.82471,0.7749,0.75,0.75977,0.79492,0.7998,0.81006,0.7998,0.81494,0.81982,0.81006,0.7998,0.7998,0.81982,0.9751,1.2598,1.48,1.5,1.5,1.1196,0.91504,0.78516,0.75488,0.73975,0.73486,0.75,0.74512,0.75977,0.74512,0.75488,0.75,0.76514,0.75488,0.7749,0.77002,0.78516,0.77979,0.79004,0.79492,0.80469,0.7998,0.81006,0.81982,0.82471,0.83008,0.82471,0.83984,0.84473,0.84473,0.8501,0.85498,0.84473,0.8501,0.84473,0.85498,0.84473,0.85986,0.83984,0.84473,0.83496,0.84473,0.83496,0.83984,0.83008,0.82471,0.83008,0.83984,0.83008,0.84473,0.83008,0.83008,0.81982,0.81494,0.83496,0.82471,0.83008,0.82471,0.83496,0.81982,0.83008,0.81982,0.82471,0.81494,0.83008,0.82471,0.83008,0.82471,0.83008,0.82471,0.81982,0.82471,0.81982,0.82471,0.81982,0.83008,0.82471,0.83008,0.82471,0.83008,0.82471,0.83008,0.82471,0.83008,0.82471,0.87012,0.87012,0.89502,0.89014,0.875,0.8501,0.83008,0.77979,0.75488,0.77002,0.7998,0.79004,0.81006,0.81494,0.80469,0.82471,0.81494,0.81982,0.7998,0.83008,0.99512,1.2949,1.4746,1.5,1.5,1.1147,0.87988,0.78516,0.75488,0.75488,0.74512,0.75,0.73975,0.75488,0.75,0.75488,0.75977,0.76514,0.77002,0.77979,0.7749,0.77979,0.78516,0.77979,0.79492,0.7998,0.80469,0.7998,0.81982,0.81494,0.82471,0.82471,0.83984,0.83008,0.84473,0.83496,0.8501,0.83496,0.84473,0.83496,0.84473,0.83984,0.8501,0.83984,0.8501,0.84473,0.84473,0.83496,0.84473,0.8501,0.84473,0.8501,0.83984,0.84473,0.83008,0.83984,0.83008,0.83984,0.83008,0.83496,0.83008,0.84473,0.83496,0.83984,0.82471,0.83984,0.82471,0.83496,0.82471,0.83496,0.83984,0.83008,0.83984,0.82471,0.83984,0.82471,0.83496,0.82471,0.83496,0.82471,0.83008,0.82471,0.83496,0.82471,0.83496,0.82471,0.83008,0.82471,0.83984,0.83496,0.86475,0.875,0.89014,0.89502,0.89014,0.87012,0.84473,0.80469,0.7749,0.77979,0.79492,0.81006,0.7998,0.81006,0.7998,0.81494,0.80469,0.81494,0.79492,0.81006,0.875,1.1548,1.4048,1.5,1.5,1.2798,0.98975,0.83008,0.75488,0.75488,0.73975,0.74512,0.75,0.73975,0.75488,0.75488,0.75977,0.75488,0.77979,0.77979,0.79492,0.79004,0.7998,0.77979,0.7998,0.7998,0.80469,0.7998,0.81982,0.81494,0.83008,0.82471,0.83984,0.84473,0.83496,0.8501,0.84473,0.8501,0.83984,0.8501,0.84473,0.8501,0.8501,0.8501,0.8501,0.84473,0.83984,0.84473,0.83008,0.8501,0.83496,0.84473,0.83984,0.84473,0.83496,0.83984,0.83496,0.83984,0.82471,0.83496,0.83008,0.82471,0.83496,0.82471,0.83984,0.83008,0.82471,0.81982,0.83496,0.82471,0.83008,0.83008,0.83984,0.82471,0.84473,0.83008,0.83496,0.83008,0.84473,0.83008,0.83984,0.83008,0.83984,0.83496,0.83984,0.83496,0.8501,0.83984,0.83008,0.8501,0.83984,0.875,0.875,0.8999,0.89502,0.89014,0.87012,0.84473,0.79492,0.77002,0.7749,0.81006,0.7998,0.82471,0.82471,0.83496,0.82471,0.83496,0.81982,0.81494,0.82471,0.95508,1.2246,1.4448,1.5,1.5,1.2148,0.94482,0.81006,0.76514,0.75488,0.75488,0.75488,0.75488,0.75977,0.75977,0.77002,0.75977,0.77979,0.7749,0.77979,0.78516,0.77979,0.79004,0.78516,0.79492,0.79004,0.81006,0.81982,0.82471,0.81982,0.83008,0.83008,0.83984,0.84473,0.8501,0.83984,0.8501,0.84473,0.8501,0.83984,0.85498,0.8501,0.85498,0.84473,0.85498,0.84473,0.8501,0.83984,0.84473,0.8501,0.83984,0.8501,0.83984,0.8501,0.83984,0.8501,0.83984,0.8501,0.83984,0.84473,0.83008,0.83984,0.83008,0.84473,0.83008,0.84473,0.83008,0.84473,0.83496,0.83984,0.83008,0.84473,0.83008,0.83984,0.82471,0.83496,0.83984,0.83008,0.83984,0.83008,0.83984,0.83008,0.83984,0.83008,0.83984,0.82471,0.83496,0.82471,0.84473,0.83008,0.83984,0.84473,0.875,0.88477,0.89502,0.8999,0.88477,0.85986,0.83008,0.78516,0.7749,0.79004,0.80469,0.81494,0.7998,0.82471,0.81982,0.82471,0.82471,0.81982,0.7998,0.83496,0.96484,1.2598,1.4697,1.5,1.5,1.165,0.94482,0.7998,0.75488,0.75488,0.74512,0.75,0.75488,0.75,0.75977,0.75488,0.7749,0.76514,0.77979,0.7749,0.78516,0.77979,0.79492,0.78516,0.7998,0.7998,0.81006,0.80469,0.82471,0.81982,0.83496,0.83008,0.83984,0.83008,0.84473,0.83496,0.84473,0.83984,0.83496,0.84473,0.83496,0.8501,0.84473,0.8501,0.84473,0.8501,0.83984,0.8501,0.83496,0.83984,0.83496,0.83984,0.83496,0.84473,0.83008,0.83984,0.83008,0.84473,0.83008,0.83984,0.83008,0.83984,0.83008,0.83496,0.83008,0.82471,0.83496,0.82471,0.84473,0.83984,0.84473,0.82471,0.83496,0.82471,0.83008,0.81982,0.82471,0.82471,0.83008,0.82471,0.83008,0.81982,0.83008,0.82471,0.83008,0.82471,0.83008,0.82471,0.83496,0.83984,0.83008,0.83496,0.82471,0.84473,0.87012,0.875,0.88477,0.89502,0.87988,0.87012,0.83496,0.79492,0.75,0.7749,0.78516,0.7998,0.81006,0.81982,0.80469,0.81494,0.81006,0.81006,0.7998,0.83008,0.91992,1.1997,1.4297,1.5,1.5,1.2148,0.95508,0.7998,0.75977,0.74512,0.75,0.74512,0.75488,0.73975,0.75488,0.75488,0.76514,0.75977,0.7749,0.77979,0.77002,0.77979,0.78516,0.77979,0.79492,0.7998,0.79492,0.7998,0.81494,0.83008,0.83496,0.83496,0.83496,0.84473,0.83984,0.8501,0.84473,0.8501,0.83984,0.8501,0.83496,0.8501,0.83984,0.8501,0.83984,0.8501,0.83984,0.84473,0.83008,0.83496,0.84473,0.83008,0.83984,0.82471,0.83984,0.81982,0.83008,0.81982,0.82471,0.81982,0.82471,0.81494,0.82471,0.81982,0.83008,0.81494,0.82471,0.81494,0.81982,0.81494,0.82471,0.82471,0.82471,0.81982,0.82471,0.81982,0.82471,0.81982,0.82471,0.83008,0.81982,0.82471,0.81494,0.82471,0.82471,0.83008,0.82471,0.83496,0.83008,0.83984,0.82471,0.8501,0.85986,0.875,0.87988,0.89502,0.875,0.86475,0.83008,0.78516,0.75488,0.7749,0.7998,0.7998,0.81494,0.81006,0.82471,0.81494,0.82471,0.80469,0.7998,0.81982,0.97998,1.27,1.4697,1.5,1.5,1.125,0.8999,0.77979,0.75488,0.74512,0.75,0.73975,0.75,0.75,0.75488,0.75488,0.75977,0.77002,0.76514,0.77979,0.77002,0.77979,0.77979,0.79004,0.78516,0.7998,0.7998,0.81006,0.81006,0.82471,0.82471,0.83496,0.83496,0.84473,0.84473,0.8501,0.84473,0.8501,0.83984,0.84473,0.8501,0.84473,0.8501,0.83496,0.84473,0.83496,0.8501,0.83496,0.83984,0.82471,0.83496,0.82471,0.83984,0.82471,0.83008,0.82471,0.83496,0.82471,0.83008,0.81982,0.83008,0.81982,0.82471,0.81982,0.82471,0.82471,0.82471,0.83008,0.81982,0.82471,0.81494,0.82471,0.81982,0.82471,0.81494,0.81982,0.81494,0.82471,0.82471,0.83008,0.82471,0.83008,0.82471,0.83008,0.82471,0.83008,0.82471,0.83008,0.83496,0.82471,0.83984,0.83008,0.8501,0.875,0.88477,0.89502,0.90479,0.875,0.86475,0.81982,0.79004,0.7749,0.79492,0.7998,0.80469,0.7998,0.81494,0.81006,0.82471,0.81494,0.81006,0.79492,0.82471,0.97998,1.2749,1.48,1.5,1.5,1.125,0.92969,0.78516,0.75977,0.74512,0.75,0.74512,0.75488,0.75488,0.76514,0.75488,0.77002,0.76514,0.77979,0.77979,0.79492,0.79492,0.80469,0.7998,0.7998,0.80469,0.81982,0.82471,0.81494,0.83496,0.83008,0.8501,0.83496,0.83984,0.84473,0.85498,0.8501,0.8501,0.84473,0.85498,0.8501,0.85986,0.84473,0.85498,0.8501,0.8501,0.83984,0.8501,0.83496,0.84473,0.8501,0.83984,0.84473,0.83496,0.83984,0.83984,0.8501,0.83496,0.84473,0.83984,0.84473,0.82471,0.83984,0.83496,0.83984,0.83008,0.83984,0.83496,0.83984,0.83984,0.83984,0.82471,0.83008,0.83008,0.83496,0.82471,0.82471,0.83496,0.83008,0.84473,0.83008,0.83496,0.83008,0.84473,0.82471,0.83496,0.83984,0.83496,0.83008,0.85498,0.84473,0.8501,0.84473,0.87988,0.875,0.89502,0.8999,0.89502,0.87012,0.8501,0.7998,0.7749,0.79004,0.81982,0.80469,0.81982,0.82471,0.82471,0.83496,0.81982,0.83008,0.80469,0.8501,0.94971,1.2446,1.4546,1.5,1.5,1.2246,0.94971,0.81494,0.76514,0.75977,0.75,0.75488,0.75488,0.76514,0.7749,0.75977,0.7749,0.77002,0.77979,0.77979,0.79004,0.77979,0.79492,0.79492,0.80469,0.7998,0.81494,0.81982,0.83984,0.83496,0.8501,0.8501,0.86475,0.85498,0.87012,0.85986,0.87012,0.86475,0.87012,0.85986,0.85498,0.87012,0.85986,0.87012,0.85498,0.86475,0.8501,0.85498,0.8501,0.85498,0.8501,0.85986,0.8501,0.85986,0.85498,0.85986,0.8501,0.85498,0.84473,0.8501,0.84473,0.8501,0.84473,0.8501,0.85498,0.8501,0.8501,0.8501,0.85498,0.8501,0.85498,0.84473,0.8501,0.84473,0.8501,0.84473,0.8501,0.83984,0.8501,0.83984,0.8501,0.83496,0.84473,0.83984,0.8501,0.8501,0.8501,0.84473,0.8501,0.83984,0.83496,0.84473,0.83984,0.87988,0.89502,0.90479,0.90967,0.89014,0.87012,0.84473,0.79492,0.78516,0.79492,0.81982,0.81006,0.81982,0.81494,0.82471,0.82471,0.83008,0.81494,0.7998,0.83008,0.98975,1.2847,1.5,1.5,1.5,1.1396,0.93994,0.79492,0.75977,0.75488,0.75,0.75488,0.74512,0.75488,0.75,0.75977,0.75977,0.7749,0.77002,0.77979,0.7749,0.79004,0.78516,0.79492,0.79492,0.7998,0.81006,0.7998,0.81982,0.82471,0.83496,0.83008,0.83984,0.83984,0.8501,0.83984,0.8501,0.83984,0.8501,0.83984,0.8501,0.84473,0.8501,0.83496,0.84473,0.83496,0.84473,0.83984,0.8501,0.83984,0.83984,0.83496,0.83008,0.83984,0.83008,0.83496,0.82471,0.83496,0.82471,0.83984,0.83008,0.83984,0.83008,0.83984,0.83008,0.83496,0.82471,0.83008,0.82471,0.83008,0.81982,0.82471,0.81982,0.82471,0.81982,0.82471,0.83008,0.82471,0.83008,0.82471,0.83496,0.82471,0.83008,0.82471,0.83496,0.83008,0.83984,0.83008,0.83496,0.82471,0.83984,0.83008,0.8501,0.85986,0.89014,0.8999,0.91992,0.89014,0.875,0.83008,0.79004,0.7749,0.78516,0.7998,0.80469,0.7998,0.80469,0.81494,0.81006,0.81982,0.80469,0.7998,0.81982,0.95508,1.2349,1.4697,1.5,1.5,1.1699,0.95996,0.79004,0.75488,0.73975,0.74512,0.73486,0.75,0.75977,0.75,0.74512,0.75488,0.76514,0.75488,0.77002,0.7749,0.77979,0.77002,0.79492,0.78516,0.7998,0.7998,0.81494,0.80469,0.81494,0.82471,0.83984,0.83008,0.84473,0.83496,0.83984,0.83496,0.84473,0.83984,0.83496,0.8501,0.83008,0.83984,0.83008,0.83984,0.83496,0.84473,0.82471,0.82471,0.82471,0.83008,0.82471,0.83008,0.82471,0.83496,0.82471,0.83984,0.83008,0.83008,0.82471,0.83496,0.82471,0.83496,0.82471,0.83008,0.84473,0.8501,0.83496,0.83008,0.85498,0.82471,0.8501,0.83496,0.84473,0.83008,0.8501,0.83496,0.8501,0.83984,0.8501,0.84473,0.85498,0.8501,0.85498,0.8501,0.85986,0.8501,0.8501,0.84473,0.8501,0.83984,0.8501,0.8501,0.86475,0.87988,0.875,0.87988,0.8999,0.90967,0.89014,0.875,0.82471,0.79004,0.7749,0.81006,0.81982,0.82471,0.82471,0.83496,0.82471,0.83496,0.83984,0.82471,0.82471,0.89014,1.1299,1.395,1.5,1.5,1.4497,1.0347,0.85498,0.78516,0.7749,0.75977,0.76514,0.75488,0.76514,0.75977,0.7749,0.76514,0.77979,0.7749,0.78516,0.77979,0.79492,0.78516,0.7998,0.7998,0.7998,0.81006,0.81982,0.82471,0.83008,0.83984,0.83496,0.8501,0.84473,0.85498,0.8501,0.85986,0.8501,0.85986,0.8501,0.86475,0.85498,0.86475,0.85498,0.86475,0.8501,0.85498,0.8501,0.85498,0.85986,0.8501,0.85498,0.8501,0.85986,0.8501,0.85986,0.8501,0.85498,0.8501,0.85498,0.84473,0.8501,0.83496,0.84473,0.83496,0.84473,0.83496,0.84473,0.83496,0.84473,0.83984,0.84473,0.83496,0.83984,0.83496,0.84473,0.83496,0.83008,0.84473,0.83496,0.84473,0.83496,0.84473,0.83496,0.84473,0.83984,0.8501,0.83984,0.8501,0.83984,0.8501,0.84473,0.85498,0.86475,0.89502,0.89502,0.91992,0.91504,0.8999,0.87012,0.83984,0.79492,0.7998,0.81006,0.82471,0.82471,0.83008,0.83496,0.83496,0.83984,0.83008,0.83496,0.81006,0.86475,1.0601,1.3599,1.5,1.5,1.4648,1.0947,0.8999,0.79004,0.75977,0.76514,0.75488,0.75488,0.75977,0.75488,0.77002,0.76514,0.77979,0.77979,0.79004,0.77979,0.7998,0.79004,0.7998,0.80469,0.81982,0.81006,0.82471,0.81982,0.83496,0.83008,0.84473,0.84473,0.85498,0.8501,0.85498,0.8501,0.85986,0.86475,0.85498,0.85986,0.85498,0.86475,0.85498,0.86475,0.85498,0.85986,0.8501,0.85498,0.8501,0.85498,0.84473,0.8501,0.84473,0.8501,0.84473,0.86475,0.85498,0.86475,0.8501,0.8501,0.83984,0.8501,0.83496,0.83008,0.84473,0.82471,0.83008,0.82471,0.83008,0.81982,0.83008,0.82471,0.83008,0.82471,0.82471,0.81006,0.82471,0.81494,0.82471,0.81982,0.82471,0.82471,0.83496,0.82471,0.82471,0.83008,0.82471,0.81494,0.81982,0.82471,0.83008,0.82471,0.85986,0.875,0.86475,0.88477,0.875,0.85498,0.82471,0.77979,0.73975,0.76514,0.77979,0.79004,0.7998,0.81006,0.7998,0.80469,0.7998,0.81494,0.79492,0.80469,0.88477,1.165,1.395,1.5,1.5,1.29,0.9751,0.81006,0.75977,0.74512,0.75488,0.73975,0.75,0.73975,0.75977,0.75,0.76514,0.75488,0.77002,0.75488,0.77979,0.78516,0.77979,0.77979,0.79492,0.7998,0.80469,0.80469,0.81982,0.82471,0.81982,0.83984,0.8501,0.84473,0.83008,0.8501,0.8501,0.8501,0.84473,0.8501,0.8501,0.85986,0.84473,0.84473,0.83496,0.84473,0.82471,0.83496,0.83496,0.87012,0.875,0.86475,0.875,0.8501,0.83008,0.81006,0.81982,0.81006,0.81494,0.7998,0.7998,0.79492,0.80469,0.7998,0.81006,0.80469,0.80469,0.77979,0.79492,0.95508,1.2798,1.5,1.5,1.5,1.1997,0.92969,0.78516,0.73975,0.72998,0.7251,0.72998,0.72998,0.72998,0.73486,0.72998,0.73975,0.72998,0.73975,0.73486,0.75488,0.74512,0.76514,0.75488,0.77002,0.75977,0.77979,0.77002,0.77979,0.77979,0.77979,0.78516,0.7749,0.79004,0.77979,0.7998,0.80469,0.81494,0.81982,0.83008,0.82471,0.83008,0.82471,0.83496,0.82471,0.83496,0.82471,0.83008,0.82471,0.82471,0.81982,0.82471,0.81494,0.81982,0.81006,0.81494,0.81982,0.81494,0.82471,0.81494,0.82471,0.81494,0.81982,0.81006,0.82471,0.81006,0.81494,0.80469,0.81982,0.80469,0.81006,0.7998,0.81494,0.80469,0.81006,0.7998,0.80469,0.7998,0.81006,0.81494,0.81006,0.81982,0.80469,0.81982,0.80469,0.81982,0.7998,0.81494,0.81494,0.81494,0.81006,0.82471,0.81006,0.81982,0.81494,0.81982,0.81494,0.82471,0.83008,0.85986,0.85986,0.87988,0.87012,0.85986,0.82471,0.79004,0.75488,0.75,0.78516,0.7998,0.79492,0.80469,0.80469,0.81006,0.81494,0.7998,0.78516,0.80469,0.91504,1.1851,1.4199,1.5,1.5,1.27,1.0049,0.81494,0.75488,0.72998,0.72998,0.7251,0.73975,0.73486,0.74512,0.75,0.74512,0.75488,0.74512,0.77002,0.77979,0.77979,0.77979,0.79004,0.77979,0.7998,0.7998,0.80469,0.81006,0.81982,0.81494,0.82471,0.82471,0.83984,0.82471,0.84473,0.8501,0.84473,0.8501,0.86475,0.85986,0.875,0.87988,0.875,0.88477,0.875,0.87988,0.85986,0.875,0.85498,0.87012,0.85498,0.86475,0.85498,0.875,0.85498,0.86475,0.85498,0.86475,0.86475,0.87012,0.85498,0.85986,0.86475,0.85986,0.875,0.85986,0.85498,0.8501,0.86475,0.8501,0.85498,0.8501,0.8501,0.85498,0.86475,0.8501,0.85498,0.8501,0.85498,0.8501,0.8501,0.83984,0.85986,0.8501,0.8501,0.83984,0.8501,0.85498,0.84473,0.8501,0.84473,0.87012,0.89014,0.90479,0.90479,0.91504,0.8999,0.89014,0.83984,0.81494,0.7749,0.80469,0.81494,0.82471,0.81982,0.83496,0.83008,0.84473,0.83496,0.83008,0.81494,0.83984,0.96973,1.2598,1.4746,1.5,1.5,1.2197,0.96484,0.81494,0.7749,0.75488,0.75488,0.75,0.75488,0.73975,0.77002,0.75977,0.7749,0.75977,0.7749,0.76514,0.77979,0.79004,0.77979,0.79004,0.77979,0.81006,0.79004,0.82471,0.81982,0.83008,0.80469,0.83496,0.83008,0.83984,0.82471,0.83984,0.83008,0.8501,0.83008,0.83984,0.82471,0.83984,0.83984,0.8501,0.8501,0.84473,0.83496,0.84473,0.84473,0.8501,0.83984,0.84473,0.83008,0.83984,0.83984,0.83984,0.83008,0.83008,0.83496,0.82471,0.83496,0.82471,0.83496,0.82471,0.82471,0.81494,0.82471,0.82471,0.83008,0.81494,0.82471,0.81982,0.82471,0.81982,0.82471,0.81494,0.83008,0.82471,0.82471,0.82471,0.82471,0.81982,0.82471,0.82471,0.81982,0.82471,0.81982,0.82471,0.81982,0.82471,0.81982,0.8501,0.85986,0.87988,0.88477,0.89502,0.85986,0.84473,0.81006,0.77979,0.75488,0.78516,0.7998,0.80469,0.81982,0.81006,0.82471,0.81494,0.83008,0.80469,0.81006,0.85498,1.0801,1.3599,1.5,1.5,1.4946,1.0747,0.89014,0.77002,0.75977,0.73975,0.75,0.73486,0.75,0.74512,0.75,0.75488,0.76514,0.77002,0.76514,0.77979,0.7749,0.77979,0.78516,0.79004,0.77979,0.81006,0.80469,0.81494,0.81006,0.81982,0.82471,0.83984,0.82471,0.83984,0.83008,0.84473,0.83496,0.8501,0.83984,0.8501,0.84473,0.8501,0.84473,0.83984,0.8501,0.83984,0.8501,0.83496,0.8501,0.84473,0.8501,0.84473,0.8501,0.83984,0.84473,0.83496,0.83984,0.83496,0.83984,0.82471,0.83496,0.82471,0.83496,0.82471,0.83008,0.83496,0.82471,0.83496,0.82471,0.83008,0.82471,0.83496,0.82471,0.83496,0.83496,0.83984,0.82471,0.83008,0.82471,0.83008,0.82471,0.83984,0.82471,0.83008,0.82471,0.83496,0.82471,0.82471,0.83008,0.83984,0.84473,0.875,0.87988,0.875,0.8999,0.875,0.85498,0.81982,0.77979,0.76514,0.79492,0.7998,0.79492,0.79004,0.80469,0.7998,0.81006,0.81494,0.82471,0.80469,0.83496,0.97998,1.2798,1.48,1.5,1.5,1.1396,0.92969,0.77979,0.75,0.73975,0.74512,0.73486,0.75,0.73975,0.75,0.73975,0.77002,0.75488,0.7749,0.77002,0.7749,0.77002,0.78516,0.77979,0.78516,0.77979,0.81982,0.81006,0.80469,0.81982,0.83496,0.82471,0.83984,0.84473,0.83008,0.8501,0.84473,0.8501,0.83496,0.86475,0.8501,0.8501,0.8501,0.85986,0.8501,0.8501,0.8501,0.85986,0.83984,0.83984,0.83984,0.84473,0.82471,0.83008,0.83984,0.84473,0.82471,0.83496,0.83496,0.83984,0.82471,0.83496,0.83984,0.82471,0.83008,0.83984,0.8501,0.81982,0.83008,0.83984,0.84473,0.83008,0.84473,0.82471,0.83008,0.83496,0.83984,0.81982,0.84473,0.82471,0.83496,0.8501,0.83008,0.83984,0.81982,0.8501,0.83008,0.83984,0.83008,0.8501,0.84473,0.86475,0.86475,0.89014,0.8999,0.89014,0.85986,0.83984,0.78516,0.77979,0.7749,0.78516,0.77979,0.79492,0.79004,0.7998,0.7998,0.81494,0.81982,0.83008,0.82471,0.84473,0.83984,0.8501,0.83984,0.8501,0.83496,0.83984,0.83496,0.84473,0.83984,0.84473,0.8501,0.83984,0.8501,0.83984,0.84473,0.83496,0.84473,0.83008,0.83984,0.82471,0.83496,0.83008,0.83984,0.83008,0.83496,0.82471,0.83496,0.82471,0.83008,0.82471,0.83496,0.83008,0.83496,0.83984,0.83008,0.84473,0.83008,0.84473,0.83984,0.84473,0.83008,0.83984,0.83496,0.8501,0.83496,0.83984,0.83008,0.84473,0.83496,0.84473,0.83496,0.83984,0.83008,0.83496,0.83008,0.84473,0.84473,0.85986,0.875,0.89014,0.89502,0.90479,0.89014,0.87012,0.83984,0.79492,0.77979,0.79004,0.80469,0.7998,0.80469,0.7998,0.82471,0.81006,0.81494,0.79492,0.7998,0.82471,0.99512,1.2798,1.5,1.5,1.5,1.1348,0.93994,0.78516,0.75488,0.75,0.74512,0.73975,0.75,0.75488,0.75488,0.7749,0.78516,0.7998,0.73975,0.75488,0.76514,0.78516,0.75977,0.77979,0.78516,0.77979,0.78516,0.81006,0.81494,0.82471,0.82471,0.83008,0.82471,0.84473,0.83496,0.83008,0.83984,0.83496,0.8501,0.85986,0.85498,0.85986,0.86475,0.8501,0.85986,0.8501,0.85498,0.83984,0.8501,0.83984,0.8501,0.83008,0.85986,0.84473,0.83984,0.8501,0.82471,0.83496,0.83496,0.84473,0.82471,0.83496,0.81006,0.82471,0.81494,0.81982,0.81494,0.82471,0.81494,0.80469,0.7998,0.81982,0.81006,0.81982,0.81006,0.82471,0.82471,0.82471,0.81006,0.81006,0.80469,0.82471,0.81006,0.80469,0.82471,0.81982,0.82471,0.81006,0.83008,0.83496,0.83008,0.82471,0.8501,0.85498,0.875,0.875,0.85498,0.83008,0.80469,0.73975,0.75977,0.79004,0.80469,0.81494,0.81006,0.7998,0.81982,0.80469,0.7998,0.7998,0.81982,0.875,1.105,1.3799,1.5,1.5,1.3799,1.02,0.82471,0.7749,0.75488,0.75,0.73486,0.75488,0.72998,0.75488,0.75488,0.77002,0.75977,0.75977,0.7749,0.78516,0.77979,0.79004,0.7998,0.7998,0.80469,0.7998,0.81006,0.80469,0.83496,0.82471,0.8501,0.83984,0.8501,0.83984,0.8501,0.84473,0.85986,0.84473,0.84473,0.84473,0.8501,0.83984,0.84473,0.83496,0.83984,0.83984,0.84473,0.83496,0.82471,0.84473,0.84473,0.83984,0.83496,0.84473,0.83496,0.8501,0.875,0.90479,0.875,0.86475,0.85986,0.87012,0.85498,0.85986,0.83984,0.81494,0.79492,0.7998,0.79492,0.79004,0.7998,0.79004,0.79492,0.77002,0.78516,0.92969,1.2197,1.46,1.5,1.5,1.1899,0.91992,0.77002,0.72998,0.7251,0.70508,0.71484,0.70996,0.71973,0.71484,0.7251,0.71973,0.73486,0.72998,0.75,0.75488,0.75,0.75977,0.75488,0.7749,0.77002,0.77979,0.7749,0.78516,0.77979,0.7998,0.79004,0.81006,0.81006,0.82471,0.81494,0.82471,0.82471,0.83496,0.83008,0.83984,0.83008,0.83984,0.83008,0.83496,0.82471,0.83008,0.83984,0.82471,0.83008,0.82471,0.83008,0.81982,0.83008,0.82471,0.83496,0.82471,0.82471,0.81982,0.82471,0.81494,0.82471,0.81494,0.82471,0.81982,0.83008,0.82471,0.83008,0.82471,0.83008,0.82471,0.82471,0.83008,0.82471,0.83984,0.83496,0.8501,0.84473,0.875,0.88477,0.90479,0.90479,0.89502,0.875,0.85498,0.80469,0.79492,0.79004,0.81982,0.81006,0.82471,0.82471,0.83496,0.83008,0.83984,0.81982,0.81494,0.85986,1.0649,1.3496,1.5,1.5,1.4399,1.0649,0.87988,0.7749,0.75488,0.74512,0.73975,0.74512,0.73975,0.75,0.74512,0.75488,0.75488,0.7749,0.77979,0.78516,0.77002,0.79004,0.7998,0.79004,0.79492,0.80469,0.79492,0.7998,0.81494,0.81006,0.82471,0.82471,0.83496,0.82471,0.83496,0.83008,0.83984,0.83496,0.83984,0.83496,0.8501,0.84473,0.8501,0.8501,0.8501,0.8501,0.85986,0.85498,0.8501,0.85498,0.85986,0.8501,0.84473,0.8501,0.8501,0.8501,0.84473,0.8501,0.83008,0.8501,0.83008,0.83496,0.82471,0.83984,0.81982,0.82471,0.82471,0.83496,0.82471,0.83984,0.84473,0.83984,0.8501,0.83496,0.8501,0.83008,0.8501,0.8501,0.83984,0.82471,0.83496,0.83008,0.83984,0.82471,0.83008,0.81494,0.83008,0.81494,0.82471,0.82471,0.85498,0.86475,0.875,0.88477,0.875,0.85986,0.83008,0.7749,0.75977,0.77002,0.7998,0.78516,0.81006,0.81494,0.7998,0.81006,0.81494,0.82471,0.79492,0.81006,0.92969,1.2197,1.4346,1.5,1.5,1.2349,0.9248,0.7998,0.75,0.73975,0.73486,0.75488,0.74512,0.75,0.75488,0.75,0.74512,0.77979,0.7998,0.7998,0.84473,0.81982,0.8501,0.82471,0.79492,0.7749,0.75977,0.75488,0.81494,0.8501,0.83496,0.82471,0.87988,0.87012,0.875,0.83008,0.87012,0.83496,0.8501,0.85498,0.8501,0.87988,0.87012,0.85498,0.85498,0.875,0.86475,0.8501,0.85498,0.87012,0.85986,0.875,0.85498,0.85986,0.83496,0.86475,0.85498,0.83496,0.81982,0.85498,0.85986,0.84473,0.83984,0.86475,0.875,0.83984,0.81494,0.83984,0.86475,0.83984,0.85986,0.86475,0.8501,0.85986,0.84473,0.83984,0.85498,0.84473,0.83984,0.85498,0.85986,0.81494,0.84473,0.83496,0.83496,0.8501,0.8501,0.84473,0.85498,0.86475,0.875,0.87988,0.89502,0.90967,0.89014,0.85986,0.83496,0.79004,0.76514,0.79004,0.80469,0.81006,0.7998,0.81982,0.81006,0.81982,0.81006,0.81494,0.80469,0.86475,1.0801,1.3896,1.5,1.5,1.5,1.0801,0.87012,0.7749,0.73975,0.72998,0.7251,0.71973,0.72998,0.7251,0.73486,0.72998,0.74512,0.73975,0.75488,0.75,0.75977,0.75488,0.77002,0.76514,0.77979,0.77979,0.77979,0.78516,0.7998,0.7998,0.7998,0.81006,0.81494,0.81982,0.81006,0.82471,0.81494,0.82471,0.82471,0.83496,0.82471,0.82471,0.82471,0.83496,0.82471,0.83984,0.83496,0.84473,0.83008,0.83984,0.82471,0.83496,0.82471,0.83008,0.83496,0.83008,0.8501,0.83984,0.84473,0.83496,0.84473,0.83496,0.83984,0.83496,0.8501,0.84473,0.8501,0.84473,0.85498,0.8501,0.85986,0.8501,0.8501,0.83984,0.84473,0.83496,0.83984,0.83496,0.83984,0.84473,0.83984,0.8501,0.84473,0.85498,0.8501,0.8501,0.84473,0.8501,0.87012,0.89502,0.89502,0.91992,0.90967,0.89502,0.85986,0.83496,0.79004,0.7998,0.81006,0.81982,0.81006,0.82471,0.81982,0.82471,0.81982,0.82471,0.7998,0.81982,0.90479,1.165,1.4399,1.5,1.5,1.3047,1.02,0.84473,0.77002,0.75,0.75488,0.73975,0.75488,0.73975,0.75488,0.75488,0.77002,0.7749,0.77002,0.77979,0.78516,0.79004,0.79492,0.7998,0.7998,0.81006,0.7998,0.81982,0.81006,0.82471,0.81982,0.83008,0.82471,0.83496,0.82471,0.83984,0.83496,0.8501,0.83984,0.8501,0.84473,0.85498,0.8501,0.85986,0.85498,0.8501,0.85498,0.8501,0.85498,0.8501,0.85498,0.84473,0.8501,0.83496,0.8501,0.83008,0.83984,0.83008,0.83984,0.83008,0.84473,0.83496,0.83496,0.82471,0.82471,0.82471,0.83008,0.82471,0.83496,0.83984,0.8501,0.83984,0.84473,0.83496,0.83984,0.84473,0.82471,0.83008,0.82471,0.83008,0.81982,0.83008,0.82471,0.83008,0.82471,0.83008,0.82471,0.83496,0.84473,0.875,0.875,0.89502,0.88477,0.87012,0.83496,0.7998,0.75488,0.76514,0.78516,0.7998,0.7998,0.80469,0.81006,0.81494,0.82471,0.81494,0.80469,0.7998,0.875,1.105,1.395,1.5,1.5,1.3398,1.0049,0.83984,0.75488,0.73975,0.74512,0.73486,0.73975,0.74512,0.75,0.75,0.75488,0.75977,0.76514,0.7749,0.77002,0.77979,0.77979,0.79004,0.79492,0.81494,0.81006,0.82471,0.82471,0.83008,0.82471,0.83984,0.82471,0.84473,0.8501,0.84473,0.84473,0.8501,0.84473,0.8501,0.85498,0.85986,0.84473,0.83984,0.8501,0.84473,0.8501,0.83984,0.84473,0.83984,0.8501,0.83496,0.8501,0.83984,0.8501,0.83984,0.8501,0.83008,0.82471,0.83496,0.83984,0.81982,0.83008,0.83496,0.83984,0.82471,0.83496,0.83984,0.82471,0.82471,0.83496,0.84473,0.82471,0.83008,0.83984,0.8501,0.83496,0.84473,0.83008,0.8501,0.83008,0.83008,0.83008,0.83496,0.82471,0.83008,0.83496,0.85986,0.87012,0.875,0.875,0.8999,0.90479,0.875,0.85498,0.80469,0.75977,0.75488,0.79004,0.79492,0.7998,0.7998,0.81006,0.7998,0.81982,0.81494,0.80469,0.80469,0.88477,1.1396,1.4048,1.5,1.5,1.3696,0.98975,0.81982,0.77002,0.75488,0.75,0.75488,0.75,0.75977,0.75488,0.76514,0.75977,0.77002,0.77002,0.77979,0.7749,0.79492,0.78516,0.79492,0.79492,0.80469,0.7998,0.80469,0.81006,0.81494,0.81982,0.82471,0.83496,0.82471,0.83496,0.83008,0.83984,0.83008,0.84473,0.83496,0.84473,0.84473,0.8501,0.83496,0.83984,0.82471,0.83496,0.83008,0.83984,0.83008,0.84473,0.83496,0.83496,0.82471,0.83008,0.82471,0.82471,0.83496,0.82471,0.81982,0.82471,0.82471,0.81982,0.83008,0.81982,0.83008,0.82471,0.82471,0.85498,0.52002,0.15527,-0.060059,-0.23486,-0.31494,-0.33984,-0.10498,0.22998,0.49023,0.70508,0.89014,0.77979,0.77002,0.78516,0.77979,0.79004,0.78516,0.7998,0.7998,0.81982,0.81494,0.83984,0.83008,0.82471,0.83984,0.83008,0.84473,0.83496,0.84473,0.83496,0.84473,0.83008,0.83984,0.82471,0.83496,0.82471,0.83984,0.82471,0.83496,0.82471,0.83984,0.82471,0.83496,0.82471,0.82471,0.83008,0.82471,0.83008,0.82471,0.83984,0.83496,0.84473,0.83008,0.83496,0.82471,0.83008,0.82471,0.83496,0.82471,0.83008,0.83008,0.83984,0.83008,0.83984,0.83496,0.83984,0.83984,0.8501,0.83496,0.84473,0.83496,0.84473,0.85986,0.87988,0.89014,0.8999,0.89502,0.87988,0.86475,0.81982,0.79004,0.77979,0.81494,0.81494,0.81982,0.81006,0.82471,0.81494,0.82471,0.82471,0.83008,0.80469,0.84473,0.9751,1.27,1.4697,1.5,1.5,1.1396,0.9248,0.79004,0.75488,0.75488,0.74512,0.73975,0.75977,0.75488,0.75488,0.75488,0.76514,0.77002,0.7749,0.76514,0.77979,0.77979,0.79004,0.79492,0.80469,0.7998,0.81006,0.81494,0.82471,0.83008,0.82471,0.84473,0.8501,0.84473,0.83984,0.8501,0.8501,0.84473,0.83496,0.8501,0.84473,0.8501,0.83496,0.84473,0.83496,0.8501,0.83496,0.84473,0.84473,0.88477,0.89014,0.875,0.85986,0.8501,0.81982,0.81006,0.82471,0.81982,0.81006,0.80469,0.81494,0.80469,0.81494,0.80469,0.81494,0.81006,0.81982,0.79492,0.78516,0.82471,1.1099,1.4146,1.5,1.5,1.4346,1.0347,0.8501,0.75,0.73975,0.72998,0.72998,0.73486,0.7251,0.73975,0.72998,0.73975,0.73486,0.75,0.74512,0.75488,0.75,0.77002,0.75977,0.7749,0.77002,0.78516,0.77979,0.79004,0.78516,0.7998,0.79004,0.7998,0.7998,0.81494,0.80469,0.81982,0.82471,0.83008,0.83496,0.84473,0.8501,0.84473,0.8501,0.83984,0.8501,0.83984,0.8501,0.83496,0.83984,0.83008,0.83496,0.82471,0.83984,0.82471,0.83496,0.82471,0.83496,0.82471,0.83496,0.82471,0.83008,0.83496,0.82471,0.83496,0.82471,0.83496,0.82471,0.83496,0.82471,0.83496,0.82471,0.84473,0.83496,0.83984,0.83008,0.83496,0.82471,0.83984,0.83008,0.84473,0.83008,0.84473,0.83008,0.84473,0.83984,0.8501,0.83984,0.84473,0.8501,0.83984,0.8501,0.83984,0.8501,0.83984,0.8501,0.83496,0.84473,0.83496,0.8501,0.83984,0.84473,0.83496,0.83984,0.83496,0.8501,0.83984,0.84473,0.84473,0.87012,0.88477,0.89502,0.90479,0.8999,0.88477,0.85986,0.81982,0.79004,0.79004,0.81006,0.82471,0.81006,0.82471,0.82471,0.82471,0.82471,0.83008,0.80469,0.81982,0.86475,1.1147,1.3848,1.5,1.5,1.3599,1.0298,0.85986,0.7749,0.75977,0.75488,0.75,0.75488,0.75488,0.75977,0.75488,0.76514,0.77002,0.77979,0.7749,0.77979,0.77979,0.79492,0.79004,0.7998,0.7998,0.81494,0.81006,0.82471,0.83008,0.83984,0.84473,0.83984,0.84473,0.83984,0.8501,0.85498,0.85986,0.85498,0.86475,0.85498,0.87012,0.86475,0.875,0.86475,0.87012,0.86475,0.875,0.86475,0.87988,0.86475,0.87012,0.8501,0.85498,0.8501,0.85498,0.8501,0.85498,0.85986,0.8501,0.8501,0.84473,0.83496,0.83984,0.8501,0.83984,0.85498,0.83984,0.8501,0.84473,0.8501,0.83008,0.84473,0.83008,0.83496,0.83008,0.83984,0.83008,0.83496,0.83496,0.84473,0.83008,0.83496,0.82471,0.83008,0.83496,0.82471,0.83008,0.83496,0.83984,0.83008,0.83984,0.83008,0.83496,0.82471,0.83984,0.82471,0.83496,0.83496,0.84473,0.83008,0.84473,0.8501,0.87012,0.875,0.87012,0.89502,0.87988,0.86475,0.83984,0.79004,0.75488,0.77002,0.79492,0.7998,0.81494,0.82471,0.81494,0.81006,0.80469,0.82471,0.79492,0.81006,0.84473,1.0947,1.3599,1.5,1.5,1.4346,1.0298,0.85498,0.76514,0.75488,0.75,0.75488,0.74512,0.75977,0.75,0.75977,0.7749,0.75977,0.77002,0.7749,0.77979,0.77002,0.79004,0.77979,0.7998,0.7998,0.81006,0.7998,0.81494,0.81982,0.83496,0.82471,0.84473,0.8501,0.84473,0.8501,0.84473,0.8501,0.84473,0.8501,0.84473,0.8501,0.84473,0.8501,0.83984,0.8501,0.84473,0.8501,0.83984,0.84473,0.83496,0.84473,0.83984,0.84473,0.83496,0.8501,0.83984,0.84473,0.83984,0.8501,0.84473,0.8501,0.83496,0.83984,0.84473,0.83496,0.8501,0.83008,0.83984,0.82471,0.83496,0.83008,0.83984,0.83008,0.83496,0.82471,0.83984,0.82471,0.83984,0.83008,0.84473,0.83008,0.83496,0.83008,0.83984,0.83008,0.83496,0.83984,0.83496,0.83984,0.83496,0.84473,0.83496,0.84473,0.83984,0.8501,0.83984,0.8501,0.83984,0.8501,0.84473,0.8501,0.8501,0.875,0.87988,0.89502,0.90479,0.90967,0.87988,0.86475,0.82471,0.79004,0.78516,0.80469,0.81494,0.81006,0.82471,0.81982,0.82471,0.82471,0.83496,0.81982,0.81494,0.83984,1.02,1.2998,1.5,1.5,1.5,1.1001,0.91504,0.77979,0.76514,0.75,0.75488,0.75,0.75,0.75488,0.75488,0.76514,0.7749,0.77979,0.77979,0.79004,0.77979,0.7998,0.79492,0.81006,0.7998,0.81494,0.81006,0.82471,0.82471,0.83984,0.83496,0.8501,0.8501,0.85498,0.8501,0.85498,0.84473,0.8501,0.85498,0.8501,0.85498,0.8501,0.85498,0.8501,0.8501,0.8501,0.8501,0.83984,0.8501,0.83984,0.8501,0.83984,0.8501,0.83496,0.84473,0.83496,0.8501,0.84473,0.8501,0.83496,0.84473,0.83496,0.84473,0.83496,0.83496,0.83984,0.82471,0.83496,0.82471,0.8501,0.84473,0.85498,0.83984,0.84473,0.83496,0.83984,0.82471,0.83496,0.82471,0.83008,0.81982,0.83496,0.83008,0.83008,0.82471,0.83496,0.83008,0.83496,0.83984,0.82471,0.83008,0.83496,0.83008,0.82471,0.83008,0.81982,0.83008,0.82471,0.83496,0.83008,0.85986,0.87012,0.87988,0.88477,0.89502,0.87012,0.8501,0.81006,0.77002,0.75,0.78516,0.7998,0.80469,0.81494,0.80469,0.82471,0.81494,0.82471,0.81494,0.80469,0.7998,1,1.2998,1.48,1.5,1.5,1.1001,0.89502,0.7749,0.76514,0.73975,0.75488,0.73975,0.75488,0.75,0.76514,0.75,0.75977,0.77002,0.77979,0.77002,0.77979,0.78516,0.77979,0.79004,0.78516,0.80469,0.81006,0.82471,0.81982,0.83496,0.83008,0.8501,0.8501,0.85498,0.8501,0.8501,0.83496,0.84473,0.84473,0.8501,0.83496,0.83008,0.83984,0.83496,0.8501,0.83496,0.8501,0.83496,0.84473,0.83008,0.84473,0.83008,0.83984,0.83008,0.83984,0.82471,0.83984,0.82471,0.83984,0.82471,0.8501,0.86475,0.89502,0.85986,0.8501,0.85498,0.8501,0.85986,0.8501,0.83008,0.80469,0.7998,0.79492,0.80469,0.7998,0.80469,0.7998,0.80469,0.77979,0.79492,0.91504,1.1997,1.4346,1.5,1.5,1.2148,0.93994,0.78516,0.72998,0.7251,0.71484,0.70996,0.71973,0.70996,0.7251,0.71973,0.72998,0.72998,0.73486,0.72998,0.75,0.74512,0.75977,0.75488,0.77002,0.77002,0.77979,0.77979,0.7998,0.79492,0.81006,0.7998,0.81494,0.81006,0.81982,0.82471,0.81982,0.83008,0.82471,0.83984,0.83008,0.83984,0.83008,0.83496,0.82471,0.83008,0.82471,0.83008,0.82471,0.83008,0.82471,0.83984,0.82471,0.83008,0.81982,0.82471,0.82471,0.82471,0.81494,0.81982,0.82471,0.81494,0.82471,0.81982,0.82471,0.81982,0.82471,0.81494,0.82471,0.81494,0.82471,0.81982,0.82471,0.82471,0.82471,0.81494,0.82471,0.82471,0.83984,0.83008,0.83496,0.82471,0.83496,0.83008,0.84473,0.83496,0.83984,0.84473,0.83984,0.84473,0.83984,0.84473,0.83984,0.8501,0.84473,0.8501,0.83984,0.8501,0.84473,0.8501,0.84473,0.8501,0.84473,0.8501,0.84473,0.8501,0.84473,0.8501,0.84473,0.8501,0.8501,0.85498,0.86475,0.89014,0.89502,0.90967,0.91992,0.89502,0.87012,0.83496,0.79492,0.77979,0.80469,0.81006,0.81006,0.81494,0.82471,0.81982,0.83008,0.82471,0.81006,0.7998,0.87012,1.0947,1.3848,1.5,1.5,1.4097,1.0547,0.875,0.77002,0.75488,0.75,0.75488,0.74512,0.75488,0.74512,0.75488,0.76514,0.77979,0.7749,0.78516,0.77979,0.79492,0.77979,0.7998,0.78516,0.79492,0.79004,0.7998,0.7998,0.81494,0.82471,0.81982,0.83008,0.82471,0.83008,0.82471,0.84473,0.84473,0.8501,0.83984,0.8501,0.83984,0.84473,0.84473,0.8501,0.83984,0.85498,0.83984,0.84473,0.83984,0.84473,0.83984,0.8501,0.84473,0.8501,0.83984,0.84473,0.83496,0.84473,0.83496,0.83008,0.84473,0.83496,0.84473,0.83984,0.84473,0.83008,0.84473,0.83008,0.8501,0.83008,0.83496,0.82471,0.82471,0.82471,0.84473,0.82471,0.83008,0.83496,0.82471,0.82471,0.83496,0.82471,0.82471,0.83984,0.82471,0.83496,0.82471,0.83496,0.82471,0.83984,0.82471,0.83984,0.83496,0.8501,0.83008,0.83496,0.83984,0.84473,0.84473,0.86475,0.875,0.89502,0.8999,0.88477,0.875,0.85986,0.81494,0.78516,0.7749,0.78516,0.7998,0.80469,0.81982,0.81494,0.82471,0.81494,0.82471,0.80469,0.7998,0.82471,1.02,1.3047,1.5,1.5,1.5,1.1099,0.89502,0.79004,0.77002,0.75488,0.75488,0.75,0.75488,0.75977,0.75488,0.77002,0.76514,0.7749,0.77002,0.77979,0.77979,0.79492,0.79004,0.7998,0.79492,0.81006,0.80469,0.81982,0.81494,0.82471,0.82471,0.83984,0.84473,0.83984,0.8501,0.84473,0.8501,0.84473,0.8501,0.84473,0.8501,0.84473,0.8501,0.83496,0.84473,0.83008,0.83496,0.82471,0.83496,0.82471,0.83984,0.83008,0.83984,0.83008,0.83984,0.82471,0.83984,0.82471,0.83496,0.82471,0.83008,0.83496,0.82471,0.83496,0.82471,0.83008,0.82471,0.82471,0.82471,0.83008,0.81982,0.82471,0.81982,0.82471,0.81982,0.83008,0.82471,0.83008,0.82471,0.83008,0.82471,0.82471,0.81494,0.82471,0.83008,0.82471,0.83496,0.82471,0.83496,0.83008,0.83496,0.82471,0.83984,0.83008,0.83984,0.83496,0.84473,0.85498,0.87988,0.87988,0.8999,0.89014,0.875,0.84473,0.81982,0.7749,0.77979,0.79492,0.81494,0.80469,0.81982,0.82471,0.81494,0.82471,0.81494,0.81982,0.7998,0.84473,1.04,1.3398,1.5,1.5,1.4697,1.0801,0.89502,0.77979,0.75,0.74512,0.73486,0.74512,0.73486,0.75,0.75488,0.75,0.76514,0.75977,0.77979,0.77002,0.78516,0.77979,0.79492,0.79004,0.7998,0.81494,0.83008,0.82471,0.83008,0.82471,0.83496,0.82471,0.83008,0.82471,0.84473,0.83008,0.83984,0.83008,0.82471,0.83984,0.83984,0.83008,0.84473,0.83496,0.83008,0.84473,0.83008,0.83984,0.82471,0.83984,0.83008,0.83496,0.83008,0.83496,0.82471,0.83496,0.82471,0.83496,0.83008,0.83496,0.82471,0.83496,0.82471,0.81982,0.82471,0.83008,0.81982,0.83984,0.82471,0.82471,0.83496,0.82471,0.83496,0.82471,0.83008,0.82471,0.83496,0.81982,0.83008,0.82471,0.83008,0.82471,0.83496,0.83008,0.84473,0.82471,0.83496,0.82471,0.83496,0.82471,0.83984,0.83008,0.83984,0.84473,0.83984,0.87012,0.89014,0.89502,0.89502,0.87988,0.87012,0.83984,0.79004,0.77002,0.77979,0.81006,0.7998,0.82471,0.82471,0.83008,0.81494,0.83008,0.82471,0.81982,0.81494,0.9248,1.1797,1.4297,1.5,1.5,1.29,0.96973,0.81006,0.77002,0.75977,0.73975,0.74512,0.73486,0.75488,0.75,0.76514,0.75488,0.7749,0.76514,0.77979,0.77979,0.79004,0.78516,0.7998,0.79004,0.7998,0.80469,0.81982,0.82471,0.82471,0.83496,0.84473,0.8501,0.8501,0.85986,0.8501,0.85986,0.85498,0.85986,0.8501,0.85986,0.8501,0.8501,0.84473,0.8501,0.83496,0.84473,0.83008,0.84473,0.83496,0.8501,0.8501,0.85498,0.8501,0.84473,0.8501,0.83984,0.8501,0.83984,0.8501,0.83496,0.83984,0.83008,0.83984,0.83008,0.83984,0.8501,0.89502,0.875,0.85986,0.85498,0.87012,0.875,0.85986,0.83008,0.81494,0.7998,0.80469,0.7998,0.7998,0.80469,0.7998,0.80469,0.77979,0.82471,1.0098,1.3096,1.5,1.5,1.5,1.1348,0.91992,0.77002,0.72998,0.73486,0.71973,0.72998,0.71973,0.72998,0.72998,0.73486,0.73486,0.74512,0.75,0.74512,0.75488,0.75977,0.77002,0.76514,0.77979,0.7749,0.79004,0.79492,0.7998,0.7998,0.81494,0.81006,0.81982,0.81006,0.82471,0.81982,0.83496,0.82471,0.83496,0.83008,0.84473,0.83496,0.83984,0.83008,0.82471,0.83008,0.82471,0.83984,0.83008,0.83984,0.83008,0.83984,0.83008,0.83984,0.83008,0.83984,0.83008,0.83984,0.82471,0.84473,0.82471,0.83496,0.82471,0.83496,0.82471,0.83008,0.82471,0.84473,0.85498,0.85986,0.84473,0.83496,0.83008,0.82471,0.83008,0.82471,0.83496,0.81494,0.83496,0.82471,0.83984,0.83984,0.83496,0.82471,0.83984,0.82471,0.84473,0.83496,0.83984,0.82471,0.83984,0.83496,0.83008,0.84473,0.83984,0.8501,0.83984,0.8501,0.83984,0.8501,0.84473,0.8501,0.84473,0.85498,0.84473,0.8501,0.84473,0.85498,0.85986,0.875,0.88477,0.91504,0.89502,0.8999,0.875,0.8501,0.81494,0.80469,0.79492,0.83008,0.81494,0.81006,0.82471,0.83008,0.82471,0.83008,0.83496,0.82471,0.84473,0.97998,1.2847,1.4897,1.5,1.5,1.1997,0.92969,0.81006,0.76514,0.75488,0.75,0.75977,0.75488,0.75977,0.75488,0.7749,0.78516,0.77979,0.79004,0.7749,0.78516,0.7749,0.79004,0.79492,0.81006,0.80469,0.81494,0.81006,0.82471,0.83008,0.8501,0.84473,0.85498,0.8501,0.86475,0.8501,0.8501,0.8501,0.85986,0.84473,0.83984,0.86475,0.85498,0.85986,0.8501,0.84473,0.8501,0.85498,0.84473,0.85498,0.8501,0.85986,0.8501,0.85498,0.84473,0.85498,0.84473,0.85498,0.83984,0.85498,0.83984,0.8501,0.84473,0.84473,0.8501,0.83984,0.8501,0.83496,0.8501,0.83496,0.8501,0.83008,0.8501,0.83496,0.83984,0.83496,0.83984,0.82471,0.83008,0.82471,0.82471,0.82471,0.83008,0.81982,0.83496,0.82471,0.83008,0.81982,0.82471,0.81494,0.82471,0.82471,0.83008,0.84473,0.85986,0.875,0.87012,0.89502,0.88477,0.87012,0.83984,0.81494,0.7749,0.78516,0.78516,0.7998,0.79492,0.81494,0.80469,0.81006,0.80469,0.81982,0.79004,0.80469,0.8501,1.1001,1.3696,1.5,1.5,1.4048,1.04,0.86475,0.75977,0.74512,0.75,0.73486,0.73975,0.72998,0.75,0.74512,0.75488,0.75488,0.76514,0.76514,0.77979,0.77002,0.78516,0.77979,0.79004,0.77979,0.7998,0.80469,0.7998,0.81006,0.81982,0.82471,0.82471,0.83008,0.82471,0.83496,0.82471,0.83008,0.83008,0.84473,0.83984,0.85498,0.8501,0.85498,0.8501,0.8501,0.84473,0.8501,0.83984,0.8501,0.83984,0.8501,0.83984,0.84473,0.8501,0.83496,0.84473,0.83008,0.84473,0.83008,0.83984,0.83008,0.83496,0.82471,0.83496,0.83008,0.83984,0.82471,0.83496,0.82471,0.83496,0.83496,0.85498,0.8501,0.85498,0.84473,0.84473,0.8501,0.83984,0.83008,0.83496,0.84473,0.83496,0.84473,0.83496,0.83008,0.83008,0.83984,0.83008,0.84473,0.83008,0.84473,0.83496,0.8501,0.86475,0.88477,0.89502,0.90479,0.87988,0.875,0.83984,0.79492,0.78516,0.79492,0.80469,0.81494,0.81006,0.81494,0.82471,0.81982,0.82471,0.81982,0.81006,0.81982,0.91504,1.1997,1.4497,1.5,1.5,1.2246,0.96484,0.81006,0.75488,0.75,0.75488,0.73975,0.75,0.75488,0.73975,0.75977,0.75488,0.76514,0.7749,0.77979,0.7749,0.78516,0.78516,0.7998,0.79492,0.7998,0.80469,0.82471,0.81494,0.83008,0.83496,0.8501,0.83496,0.85498,0.84473,0.8501,0.84473,0.8501,0.84473,0.83984,0.8501,0.8501,0.84473,0.84473,0.8501,0.84473,0.8501,0.84473,0.8501,0.83008,0.84473,0.83984,0.8501,0.84473,0.84473,0.83008,0.83984,0.83984,0.84473,0.83008,0.84473,0.83008,0.83984,0.83008,0.83984,0.84473,0.83984,0.84473,0.83496,0.8501,0.84473,0.8501,0.83984,0.8501,0.83984,0.8501,0.83984,0.8501,0.83496,0.84473,0.83496,0.84473,0.83496,0.84473,0.83984,0.84473,0.83984,0.8501,0.85498,0.84473,0.8501,0.87012,0.88477,0.89014,0.90967,0.91504,0.8999,0.875,0.8501,0.7998,0.7998,0.7998,0.83008,0.81982,0.83008,0.81494,0.83008,0.83496,0.84473,0.82471,0.81494,0.83008,0.9751,1.2598,1.4697,1.5,1.5,1.1797,0.93994,0.80469,0.75977,0.75,0.74512,0.75488,0.74512,0.75488,0.75,0.76514,0.75977,0.77979,0.7749,0.77979,0.77979,0.78516,0.77979,0.79492,0.7998,0.80469,0.7998,0.81494,0.82471,0.81982,0.83496,0.83008,0.83984,0.83984,0.8501,0.84473,0.8501,0.84473,0.8501,0.84473,0.8501,0.8501,0.8501,0.84473,0.8501,0.84473,0.8501,0.83984,0.8501,0.83984,0.8501,0.84473,0.8501,0.8501,0.84473,0.8501,0.84473,0.8501,0.83984,0.84473,0.83496,0.83984,0.82471,0.83496,0.83496,0.83984,0.83008,0.84473,0.83984,0.84473,0.83496,0.83984,0.82471,0.83496,0.83008,0.83496,0.82471,0.83008,0.83496,0.82471,0.83496,0.82471,0.83496,0.83008,0.83984,0.83008,0.83984,0.83008,0.83984,0.83008,0.83984,0.83008,0.85498,0.87012,0.89502,0.89502,0.90479,0.875,0.86475,0.82471,0.79004,0.7749,0.79004,0.80469,0.7998,0.81006,0.81494,0.81982,0.81494,0.82471,0.81494,0.81982,0.83984,0.98486,1.2646,1.4849,1.5,1.5,1.1396,0.93994,0.78516,0.75977,0.73486,0.73975,0.72998,0.74512,0.74512,0.75,0.75488,0.76514,0.77002,0.7749,0.77979,0.77002,0.77979,0.79492,0.7998,0.78516,0.80469,0.80469,0.81982,0.81006,0.82471,0.83008,0.84473,0.83496,0.83984,0.83496,0.84473,0.8501,0.84473,0.8501,0.84473,0.8501,0.84473,0.85498,0.84473,0.8501,0.8501,0.85498,0.83496,0.84473,0.83008,0.84473,0.83984,0.84473,0.83496,0.84473,0.83008,0.84473,0.83984,0.84473,0.83008,0.83984,0.82471,0.83496,0.82471,0.82471,0.82471,0.83984,0.84473,0.83496,0.83984,0.83008,0.84473,0.83496,0.83008,0.82471,0.83496,0.82471,0.83008,0.82471,0.83984,0.82471,0.83496,0.82471,0.83984,0.82471,0.82471,0.82471,0.83008,0.82471,0.83984,0.8501,0.87012,0.875,0.89502,0.8999,0.87988,0.86475,0.83008,0.79004,0.76514,0.78516,0.7998,0.80469,0.80469,0.82471,0.82471,0.83496,0.82471,0.82471,0.81006,0.83496,0.95996,1.25,1.4497,1.5,1.5,1.1899,0.93506,0.7998,0.83008,0.83984,0.83008,0.83984,0.83008,0.83496,0.82471,0.83496,0.82471,0.83496,0.83984,0.83496,0.83984,0.84473,0.83496,0.82471,0.85986,0.875,0.89014,0.90967,0.89014,0.87012,0.83496,0.79492,0.76514,0.75488,0.80469,0.7998,0.81494,0.81006,0.82471,0.81494,0.83008,0.81494,0.80469,0.81982,0.95508,1.25,1.4697,1.5,1.5,1.1699,0.9248,0.79004,0.75488,0.75,0.73975,0.75,0.73975,0.75488,0.73486,0.75,0.73975,0.77002,0.75488,0.77979,0.77002,0.79004,0.79004,0.7998,0.78516,0.7998,0.7998,0.81006,0.81982,0.81006,0.81494,0.81006,0.83496,0.82471,0.83984,0.83008,0.8501,0.83984,0.84473,0.83008,0.8501,0.83984,0.84473,0.83008,0.84473,0.83496,0.84473,0.83496,0.8501,0.82471,0.83984,0.84473,0.83008,0.83496,0.84473,0.83496,0.82471,0.83008,0.81982,0.83984,0.81982,0.83008,0.82471,0.81494,0.80469,0.82471,0.81982,0.83496,0.82471,0.83496,0.82471,0.83008,0.81982,0.83496,0.82471,0.83984,0.82471,0.83008,0.82471,0.83984,0.83008,0.82471,0.83008,0.82471,0.82471,0.82471,0.83984,0.83496,0.84473,0.83984,0.86475,0.875,0.90967,0.89502,0.88477,0.86475,0.82471,0.77979,0.7749,0.78516,0.81006,0.7998,0.81494,0.81982,0.81006,0.81982,0.7998,0.81982,0.80469,0.83496,1,1.3047,1.5,1.5,1.5,1.1299,0.94482,0.81006,0.76514,0.75,0.72998,0.75488,0.75488,0.76514,0.75977,0.77002,0.75488,0.7749,0.77002,0.77979,0.7749,0.79004,0.7998,0.77979,0.79492,0.79492,0.7998,0.81006,0.83008,0.82471,0.83008,0.81982,0.83496,0.82471,0.83984,0.83496,0.8501,0.84473,0.8501,0.83984,0.8501,0.85498,0.83984,0.8501,0.84473,0.85498,0.83496,0.84473,0.83496,0.83984,0.81982,0.84473,0.82471,0.83496,0.84473,0.83984,0.82471,0.83984,0.83496,0.81982,0.81006,0.83984,0.81494,0.82471,0.83008,0.82471,0.83984,0.82471,0.81006,0.81982,0.82471,0.82471,0.82471,0.83008,0.81494,0.83008,0.83984,0.82471,0.83984,0.82471,0.83984,0.81006,0.82471,0.83008,0.83496,0.81982,0.83496,0.82471,0.84473,0.8501,0.87988,0.89014,0.89502,0.87988,0.86475,0.83008,0.7998,0.75977,0.7749,0.7998,0.81006,0.81982,0.81006,0.82471,0.82471,0.82471,0.81494,0.81006,0.82471,0.95996,1.2349,1.4746,1.5,1.5,1.1997,0.91992,0.78516,0.75488,0.73975,0.73486,0.73975,0.75,0.75488,0.74512,0.75977,0.75,0.76514,0.75,0.75977,0.77002,0.7749,0.77002,0.77979,0.78516,0.79004,0.77979,0.81494,0.7998,0.81006,0.80469,0.83984,0.84473,0.82471,0.83008,0.84473,0.83008,0.82471,0.83496,0.8501,0.8501,0.83984,0.83984,0.84473,0.8501,0.83008,0.83984,0.82471,0.83496,0.82471,0.83496,0.83008,0.83984,0.83008,0.83496,0.83008,0.83984,0.82471,0.82471,0.83496,0.81982,0.83984,0.875,0.87988,0.8501,0.8501,0.85986,0.87012,0.83984,0.84473,0.7998,0.78516,0.79492,0.7998,0.79492,0.7998,0.78516,0.79004,0.77002,0.81494,0.97998,1.3047,1.5,1.5,1.5,1.1548,0.92969,0.75977,0.7251,0.72998,0.70996,0.70508,0.70996,0.71484,0.70996,0.71484,0.72998,0.71973,0.73486,0.73486,0.75,0.73486,0.76514,0.75488,0.7749,0.76514,0.77979,0.77979,0.79004,0.78516,0.80469,0.79004,0.78516,0.81006,0.81494,0.82471,0.81982,0.82471,0.81494,0.82471,0.82471,0.83984,0.83984,0.83984,0.82471,0.83008,0.81982,0.83496,0.81982,0.82471,0.81494,0.83496,0.82471,0.83496,0.83984,0.82471,0.82471,0.82471,0.81982,0.82471,0.83008,0.80469,0.82471,0.81982,0.82471,0.81982,0.81982,0.82471,0.83008,0.80469,0.81982,0.82471,0.83496,0.81494,0.82471,0.81494,0.83008,0.81982,0.81006,0.82471,0.83008,0.82471,0.81982,0.83008,0.81982,0.83496,0.81982,0.82471,0.83496,0.82471,0.83008,0.83984,0.81982,0.82471,0.82471,0.84473,0.83496,0.83496,0.83008,0.8501,0.83008,0.8501,0.8501,0.875,0.89014,0.90479,0.90967,0.8999,0.88477,0.84473,0.78516,0.77002,0.7998,0.81982,0.82471,0.81006,0.81982,0.81006,0.83008,0.81494,0.81494,0.81006,0.85498,1.0449,1.3647,1.5,1.5,1.4849,1.085,0.89502,0.77979,0.75488,0.75977,0.74512,0.72998,0.75488,0.75488,0.75,0.74512,0.77002,0.75977,0.7749,0.77002,0.77979,0.77979,0.7998,0.78516,0.81006,0.80469,0.82471,0.81006,0.82471,0.83008,0.81982,0.83008,0.84473,0.8501,0.83496,0.8501,0.85498,0.8501,0.83496,0.85986,0.8501,0.875,0.85498,0.85986,0.85498,0.84473,0.82471,0.85498,0.8501,0.8501,0.84473,0.8501,0.83984,0.84473,0.83496,0.8501,0.84473,0.84473,0.83984,0.84473,0.8501,0.8501,0.85498,0.83008,0.83984,0.83496,0.84473,0.83008,0.83984,0.82471,0.83984,0.83008,0.8501,0.82471,0.83984,0.82471,0.82471,0.82471,0.82471,0.81982,0.83984,0.81982,0.82471,0.81982,0.83496,0.83984,0.82471,0.82471,0.83984,0.8501,0.86475,0.875,0.89014,0.8999,0.87012,0.84473,0.82471,0.79492,0.75977,0.79004,0.81006,0.80469,0.79492,0.81006,0.80469,0.83008,0.82471,0.80469,0.79492,0.82471,0.98975,1.2749,1.4648,1.5,1.5,1.1597,0.89502,0.7749,0.75,0.72998,0.73975,0.73486,0.73975,0.72998,0.74512,0.75977,0.75977,0.75488,0.77002,0.75977,0.7749,0.77979,0.76514,0.77979,0.7749,0.79004,0.7998,0.7998,0.80469,0.81494,0.81006,0.82471,0.81494,0.83008,0.82471,0.83496,0.82471,0.83496,0.83008,0.84473,0.83008,0.83984,0.83984,0.8501,0.83008,0.83008,0.82471,0.83984,0.84473,0.83984,0.83008,0.82471,0.83984,0.82471,0.83008,0.81982,0.82471,0.81982,0.82471,0.81982,0.82471,0.81006,0.81982,0.79004,0.81982,0.81494,0.81006,0.81982,0.83496,0.81494,0.81006,0.79492,0.81982,0.81494,0.82471,0.82471,0.81982,0.81006,0.81982,0.82471,0.82471,0.81006,0.81982,0.82471,0.81494,0.83008,0.81982,0.83008,0.82471,0.8501,0.85986,0.87988,0.88477,0.89502,0.875,0.86475,0.82471,0.79492,0.75977,0.77979,0.7998,0.7998,0.79492,0.79004,0.81982,0.81494,0.81006,0.7998,0.7998,0.81982,0.96973,1.2646,1.48,1.5,1.5,1.1597,0.94482,0.79004,0.75488,0.73975,0.73975,0.72998,0.75488,0.74512,0.75,0.73975,0.75488,0.77002,0.77979,0.7749,0.75977,0.77979,0.7749,0.79492,0.7998,0.80469,0.78516,0.81982,0.81006,0.82471,0.81982,0.83008,0.82471,0.8501,0.82471,0.84473,0.83496,0.86475,0.87012,0.86475,0.85498,0.8501,0.85498,0.85986,0.87012,0.83984,0.8501,0.84473,0.85498,0.83496,0.84473,0.82471,0.83984,0.81982,0.8501,0.8501,0.8501,0.83008,0.84473,0.83008,0.82471,0.83496,0.82471,0.83008,0.83008,0.83496,0.82471,0.8501,0.84473,0.81006,0.82471,0.83496,0.82471,0.84473,0.82471,0.83496,0.83008,0.83496,0.83008,0.83984,0.81006,0.84473,0.83008,0.84473,0.8501,0.84473,0.83008,0.83984,0.83008,0.87012,0.875,0.89502,0.90479,0.89014,0.87012,0.84473,0.81982,0.7749,0.75977,0.79492,0.81494,0.81982,0.81006,0.80469,0.83496,0.82471,0.83496,0.81006,0.83496,0.87988,1.1548,1.4199,1.5,1.5,1.4199,1.0146,0.83984,0.75977,0.75488,0.75,0.75488,0.75,0.74512,0.75977,0.73975,0.76514,0.77979,0.78516,0.77979,0.78516,0.7749,0.7998,0.78516,0.79492,0.7998,0.79492,0.81006,0.82471,0.81982,0.84473,0.8501,0.83496,0.8501,0.83984,0.85498,0.8501,0.85498,0.8501,0.86475,0.8501,0.8501,0.83496,0.85498,0.8501,0.84473,0.83496,0.84473,0.83008,0.83984,0.84473,0.83984,0.83008,0.83496,0.82471,0.81982,0.83008,0.82471,0.83008,0.82471,0.81982,0.83984,0.83008,0.83008,0.81494,0.80469,0.83496,0.81494,0.83984,0.83008,0.83496,0.82471,0.83008,0.81982,0.82471,0.80469,0.83008,0.83496,0.82471,0.83008,0.82471,0.81982,0.83496,0.82471,0.83008,0.82471,0.81982,0.83008,0.82471,0.85986,0.875,0.89014,0.89502,0.90479,0.875,0.87012,0.81006,0.78516,0.7749,0.81982,0.81006,0.80469,0.81494,0.81982,0.81494,0.82471,0.81982,0.81006,0.79492,0.83984,1.02,1.335,1.5,1.5,1.5,1.1196,0.91504,0.77002,0.75488,0.75,0.75488,0.73975,0.75488,0.72998,0.75488,0.75977,0.75488,0.76514,0.77979,0.78516,0.79004,0.78516,0.79492,0.78516,0.7998,0.80469,0.79492,0.81494,0.7998,0.82471,0.82471,0.83008,0.83496,0.84473,0.83008,0.83984,0.83496,0.84473,0.83008,0.84473,0.83984,0.85498,0.84473,0.8501,0.83496,0.8501,0.84473,0.83984,0.8501,0.83984,0.84473,0.83496,0.8501,0.83496,0.84473,0.83984,0.84473,0.82471,0.83008,0.82471,0.8501,0.83008,0.82471,0.81982,0.84473,0.81982,0.81494,0.85498,0.75488,0.3999,0.095215,-0.13477,-0.25488,-0.35498,-0.29004,-0.0097656,0.33984,0.58496,0.79004,0.95996,1.0698,1.125,1.1299,1.1396,1.1299,1.105,1.085,1.1348,1.1699,1.2148,1.2446,1.2646,1.2749,1.3149,1.3296,1.3696,1.395,1.4497,1.4697,1.4897,1.5,1.4897,1.46,0.82471,0.82471,0.83008,0.82471,0.8501,0.87012,0.88477,0.89502,0.8999,0.86475,0.8501,0.81006,0.77002,0.73975,0.7749,0.78516,0.79492,0.7998,0.81006,0.81494,0.80469,0.81494,0.7998,0.7998,0.85498,1.1099,1.3896,1.5,1.5,1.4248,1.0249,0.8501,0.75488,0.74512,0.72998,0.73975,0.7251,0.73486,0.72998,0.74512,0.75,0.74512,0.75488,0.76514,0.75977,0.77002,0.77979,0.77002,0.77979,0.7749,0.79492,0.79004,0.7998,0.80469,0.81494,0.81006,0.82471,0.81982,0.83008,0.81982,0.83008,0.82471,0.83496,0.83008,0.8501,0.83496,0.84473,0.83984,0.83496,0.84473,0.83496,0.84473,0.83008,0.84473,0.83496,0.8501,0.83984,0.8501,0.83496,0.84473,0.83008,0.83496,0.82471,0.83008,0.82471,0.83008,0.82471,0.83008,0.82471,0.83496,0.82471,0.83008,0.82471,0.83008,0.82471,0.83008,0.82471,0.82471,0.81982,0.81494,0.82471,0.82471,0.83008,0.82471,0.82471,0.81982,0.83008,0.81006,0.83496,0.85498,0.88477,0.87988,0.89502,0.87988,0.86475,0.83008,0.79004,0.73975,0.75,0.77979,0.79004,0.77979,0.80469,0.81494,0.81006,0.83984,0.7998,0.77979,0.80469,0.9751,1.29,1.5,1.5,1.5,1.1797,0.9248,0.77002,0.73975,0.7251,0.72998,0.72998,0.73486,0.73486,0.75488,0.73486,0.75488,0.75977,0.79492,0.80469,0.77979,0.81494,0.77002,0.81006,0.75,0.74512,0.81982,0.85498,0.77979,0.81006,0.81982,0.79492,0.78516,0.87012,0.90479,0.83984,0.81982,0.81006,0.7998,0.80469,0.79492,0.81494,0.82471,0.81006,0.8501,0.82471,0.86475,0.80469,0.81006,0.83984,0.8501,0.87988,0.89014,0.7998,0.81006,0.80469,0.85986,0.77979,0.79492,0.7998,0.81494,0.80469,0.81982,0.83984,0.82471,0.81982,0.89502,0.81006,0.79492,0.75488,0.78516,0.81982,0.7998,0.80469,0.80469,0.82471,0.80469,0.83008,0.82471,0.8501,0.83008,0.8501,0.79004,0.81006,0.7998,0.8501,0.87012,0.89014,0.85498,0.8999,0.90479,0.78516,0.73486,0.7251,0.73486,0.77979,0.77002,0.75977,0.83008,0.76514,0.7998,0.79004,0.7749,0.81494,0.91504,1.21,1.4448,1.5,1.5,1.25,0.9751,0.78516,0.72998,0.71973,0.7998,0.7002,0.75488,0.70508,0.68018,0.71973,0.70508,0.74512,0.77002,0.81006,0.70996,0.72998,0.7998,0.83008,0.74512,0.79492,0.77979,0.80469,0.84473,0.85498,0.81982,0.79004,0.77979,0.75977,0.78516,0.83008,0.7998,0.81494,0.87012,0.8501,0.81982,0.79492,0.83984,0.84473,0.82471,0.8501,0.81982,0.88477,0.9248,0.83496,0.7749,0.79492,0.83496,0.78516,0.83496,0.8501,0.82471,0.85498,0.77979,0.79492,0.8501,0.80469,0.78516,0.83984,0.81494,0.80469,0.91992,0.73975,0.7251,0.7998,0.82471,0.8501,0.79492,0.78516,0.7998,0.81494,0.81006,0.85986,0.7749,0.79492,0.85986,0.87012,0.77979,0.83496,0.81494,0.875,0.83984,0.8501,0.83496,0.86475,0.87012,0.83008,0.74512,0.71484,0.75977,0.75,0.84473,0.77979,0.75977,0.80469,0.78516,0.7998,0.79004,0.81006,0.79004,1.0098,1.3096,1.5,1.5,1.5,1.0698,0.86475,0.77002,0.74512,0.78516,0.72998,0.73975,0.68994,0.75977,0.77979,0.71484,0.73486,0.70996,0.78516,0.7749,0.79492,0.72998,0.81982,0.7749,0.75488,0.81982,0.80469,0.81982,0.78516,0.7998,0.7749,0.83496,0.82471,0.91992,0.83496,0.79004,0.8501,0.83008,0.83496,0.82471,0.82471,0.90967,0.83008,0.81006,0.8501,0.83008,0.83984,0.82471,0.84473,0.85986,0.82471,0.90479,0.82471,0.79492,0.87012,0.89014,0.80469,0.89502,0.91504,0.78516,0.85498,0.78516,0.81982,0.8501,0.81982,0.83984,0.87988,0.83496,0.81006,0.85498,0.89014,0.79492,0.89502,0.93506,0.74512,0.77979,0.80469,0.86475,0.83496,0.80469,0.89014,0.83008,0.80469,0.85986,0.79492,0.85986,0.84473,0.89014,0.90479,0.88477,0.8501,0.89014,0.82471,0.80469,0.76514,0.79492,0.73486,0.83008,0.73975,0.81006,0.77979,0.82471,0.84473,0.82471,0.8501,0.81982,1.1748,1.3848,1.5,1.5,1.3398,0.98975,0.76514,0.74512,0.77002,0.71973,0.78516,0.79492,0.70508,0.74512,0.73975,0.79004,0.75,0.74512,0.7998,0.75488,0.85498,0.68506,0.76514,0.78516,0.79492,0.72998,0.83984,0.81006,0.79492,0.77979,0.83008,0.7998,0.875,0.78516,0.77979,0.7998,0.82471,0.86475,0.87988,0.83496,0.85986,0.81494,0.77979,0.82471,0.83496,0.83008,0.875,0.81982,0.91504,0.81006,0.7998,0.85986,0.81494,0.87012,0.79492,0.84473,0.79492,0.83008,0.84473,0.83496,0.83984,0.82471,0.83008,0.82471,0.83984,0.81494,0.8501,0.81982,0.81494,0.88477,0.84473,0.7998,0.8501,0.87988,0.82471,0.75488,0.81006,0.86475,0.875,0.75977,0.83496,0.85498,0.88477,0.83984,0.8501,0.81982,0.89014,0.90479,0.875,0.85498,0.81494,0.81982,0.75488,0.81006,0.82471,0.75488,0.7998,0.8501,0.75488,0.78516,0.82471,0.87988,0.75488,0.8501,0.94971,1.2148,1.4346,1.5,1.5,1.1797,0.93506,0.81494,0.77002,0.73486,0.7251,0.77979,0.70508,0.66992,0.7749,0.7251,0.75,0.78516,0.73486,0.77979,0.75,0.74512,0.83496,0.75,0.77979,0.75,0.79004,0.87012,0.77002,0.80469,0.83496,0.83984,0.78516,0.875,0.79492,0.85986,0.89014,0.79492,0.87988,0.81982,0.77979,0.85986,0.83008,0.85498,0.875,0.82471,0.89502,0.86475,0.7749,0.85498,0.87988,0.82471,0.7998,0.87988,0.82471,0.82471,0.84473,0.82471,0.87012,0.85498,0.81494,0.77979,0.85986,0.7749,0.87012,0.83008,0.81982,0.7998,0.86475,0.89014,0.78516,0.82471,0.85498,0.81006,0.83496,0.88477,0.81006,0.75488,0.84473,0.81494,0.79004,0.86475,0.875,0.8501,0.80469,0.79492,0.875,0.8999,0.93506,0.94482,0.8501,0.84473,0.80469,0.76514,0.70508,0.7749,0.7998,0.79004,0.82471,0.7998,0.81006,0.83984,0.85986,0.73975,0.80469,0.91992,1.2246,1.4746,1.5,1.5,1.2046,0.96484,0.82471,0.71973,0.72998,0.71484,0.75,0.72998,0.70996,0.7251,0.81006,0.75977,0.72998,0.73486,0.7998,0.83008,0.7251,0.70996,0.77002,0.80469,0.81494,0.77002,0.83496,0.79492,0.83008,0.81006,0.77979,0.83008,0.81494,0.8501,0.78516,0.81494,0.8501,0.91992,0.81982,0.78516,0.8501,0.875,0.83984,0.83008,0.86475,0.83496,0.90967,0.79492,0.85986,0.88477,0.7998,0.85498,0.85986,0.83008,0.87012,0.84473,0.86475,0.81494,0.875,0.78516,0.83496,0.85498,0.875,0.84473,0.88477,0.78516,0.77979,0.83496,0.82471,0.87012,0.81006,0.83008,0.80469,0.86475,0.81982,0.85986,0.7998,0.85986,0.81982,0.81006,0.85498,0.86475,0.83008,0.82471,0.85986,0.87988,0.88477,0.90967,0.9248,0.89014,0.84473,0.81982,0.7749,0.71973,0.75488,0.81006,0.80469,0.83984,0.79004,0.77979,0.85498,0.82471,0.83984,0.79492,0.89014,1.1851,1.4746,1.5,1.5,1.2246,1.04,0.82471,0.75488,0.71973,0.75,0.73975,0.77979,0.73975,0.72998,0.73486,0.72998,0.79004,0.75,0.75488,0.7749,0.80469,0.75,0.79004,0.7998,0.7998,0.81006,0.81982,0.81982,0.78516,0.82471,0.79492,0.79004,0.81006,0.85498,0.87988,0.81006,0.84473,0.8501,0.8501,0.83008,0.81982,0.84473,0.83496,0.83008,0.8999,0.83496,0.81006,0.88477,0.83496,0.82471,0.82471,0.87012,0.875,0.81006,0.87012,0.83984,0.82471,0.88477,0.91504,0.77979,0.81006,0.83496,0.83496,0.8501,0.86475,0.84473,0.82471,0.8501,0.87988,0.83984,0.7998,0.8501,0.81982,0.80469,0.85986,0.87012,0.83496,0.86475,0.79492,0.7998,0.83008,0.86475,0.8501,0.82471,0.89014,0.87012,0.93994,0.87012,0.88477,0.875,0.875,0.83496,0.79004,0.7749,0.80469,0.81982,0.83496,0.81006,0.84473,0.79492,0.79004,0.875,0.77979,0.81982,0.8501,0.97998,1.3296,1.46,1.5,1.5,1.1396,0.9248,0.7749,0.76514,0.73486,0.72998,0.74512,0.79492,0.73975,0.72998,0.74512,0.77002,0.81006,0.77979,0.74512,0.7998,0.81006,0.72998,0.79004,0.78516,0.81006,0.7998,0.85498,0.7998,0.8501,0.85498,0.7998,0.84473,0.7998,0.81006,0.83984,0.85498,0.83984,0.89502,0.8501,0.83496,0.8501,0.8999,0.83984,0.89014,0.85498,0.83008,0.8501,0.82471,0.89014,0.82471,0.81982,0.85986,0.84473,0.81494,0.82471,0.8501,0.85986,0.81006,0.83984,0.86475,0.875,0.7998,0.81006,0.85986,0.7998,0.79004,0.83984,0.84473,0.82471,0.87988,0.79004,0.78516,0.85986,0.83496,0.7998,0.81494,0.83984,0.83008,0.82471,0.875,0.90479,0.7749,0.81982,0.87012,0.8501,0.875,0.8999,0.89014,0.87988,0.93994,0.82471,0.77002,0.74512,0.79004,0.82471,0.79492,0.81982,0.7998,0.83984,0.875,0.80469,0.7998,0.81494,0.81982,0.92969,1.27,1.4849,1.5,1.5,1.2446,0.91992,0.7998,0.77979,0.75488,0.75488,0.77002,0.77979,0.73975,0.77979,0.77002,0.77979,0.75,0.77979,0.75977,0.7998,0.79004,0.81494,0.80469,0.81006,0.77002,0.81494,0.82471,0.80469,0.81006,0.80469,0.85498,0.79492,0.71484,0.74512,0.77979,0.79492,0.80469,0.86475,0.79492,0.81982,0.83496,0.80469,0.83984,0.79004,0.91504,1.2148,1.3848,1.5,1.5,1.4897,1.02,0.77002,0.75,0.75488,0.7749,0.71484,0.75,0.71973,0.77979,0.74512,0.81006,0.74512,0.72998,0.73975,0.79004,0.75977,0.76514,0.77979,0.7998,0.80469,0.85986,0.81006,0.75,0.7998,0.81494,0.86475,0.91504,0.79492,0.88477,0.87012,0.79004,0.7749,0.81494,0.84473,0.8501,0.87012,0.875,0.89014,0.83496,0.81006,0.85986,0.87012,0.80469,0.88477,0.90479,0.79492,0.83496,0.84473,0.82471,0.83984,0.8501,0.87012,0.93994,0.78516,0.77979,0.81494,0.85986,0.81982,0.83496,0.81982,0.875,0.8501,0.81494,0.79492,0.81982,0.83984,0.82471,0.83984,0.82471,0.83008,0.8501,0.91504,0.86475,0.80469,0.79004,0.83008,0.79492,0.83496,0.90479,0.91992,0.8501,0.95996,0.875,0.83984,0.81006,0.81494,0.77979,0.81982,0.81006,0.83008,0.77979,0.80469,0.81982,0.7998,0.83008,0.81494,0.85498,0.79492,0.86475,1.1748,1.4546,1.5,1.5,1.375,1.04,0.86475,0.75977,0.71484,0.7251,0.75488,0.78516,0.71973,0.68506,0.7998,0.75,0.72998,0.7749,0.73486,0.83984,0.85986,0.71973,0.76514,0.77979,0.7998,0.83008,0.7998,0.8501,0.78516,0.77002,0.81982,0.83984,0.87988,0.81006,0.7998,0.79492,0.82471,0.83984,0.85498,0.83496,0.88477,0.84473,0.82471,0.84473,0.86475,0.85498,0.82471,0.81006,0.83984,0.87012,0.88477,0.83496,0.79492,0.82471,0.81982,0.84473,0.875,0.8999,0.7998,0.83496,0.89014,0.93506,0.75977,0.80469,0.82471,0.85498,0.875,0.83496,0.82471,0.8501,0.81006,0.84473,0.89014,0.80469,0.79492,0.81494,0.81982,0.81006,0.8501,0.97998,0.875,0.73486,0.79004,0.83984,0.87988,0.89502,0.91992,0.89014,0.875,0.8501,0.875,0.79492,0.85986,0.80469,0.7749,0.73975,0.77979,0.81982,0.83984,0.84473,0.78516,0.7998,0.83496,1,1.3149,1.5,1.5,1.5,1.165,0.93506,0.77002,0.75,0.77002,0.71484,0.69482,0.73975,0.7251,0.75,0.75,0.87012,0.72998,0.68506,0.75977,0.81494,0.82471,0.77979,0.77979,0.79004,0.81006,0.84473,0.8501,0.77979,0.79492,0.79492,0.81006,0.79492,0.83984,0.85986,0.87012,0.81982,0.81006,0.83496,0.7998,0.82471,0.83984,0.86475,0.8501,0.84473,0.85498,0.83496,0.90479,0.85498,0.875,0.75977,0.83008,0.84473,0.81494,0.85498,0.89014,0.80469,0.83984,0.85498,0.83496,0.82471,0.83984,0.78516,0.77002,0.83496,0.87012,0.92969,0.78516,0.75,0.7998,0.81982,0.82471,0.89502,0.93994,0.77002,0.75488,0.80469,0.83008,0.82471,0.83984,0.9248,0.94971,0.74512,0.81494,0.8501,0.87988,0.96484,0.88477,0.82471,0.8501,0.7998,0.75977,0.73486,0.78516,0.7998,0.81006,0.8501,0.81006,0.83008,0.77979,0.86475,0.7749,0.75977,0.93994,1.125,1.4048,1.5,1.5,1.48,1.0698,0.81982,0.76514,0.7998,0.77979,0.69482,0.68506,0.71973,0.75488,0.77002,0.73486,0.76514,0.77002,0.75488,0.81006,0.79492,0.7749,0.73975,0.81494,0.78516,0.75488,0.78516,0.82471,0.86475,0.81494,0.77979,0.83496,0.8501,0.82471,0.84473,0.81982,0.875,0.84473,0.82471,0.88477,0.81494,0.79492,0.8501,0.84473,0.8999,0.79492,0.81982,0.86475,0.83496,0.7998,0.83008,0.82471,0.85498,0.84473,0.87988,0.85986,0.78516,0.79004,0.83496,0.87012,0.83008,0.81982,0.875,0.81982,0.80469,0.81494,0.7998,0.87988,0.83496,0.79004,0.80469,0.85498,0.81494,0.83008,0.81982,0.82471,0.83008,0.83984,0.83008,0.89502,0.81494,0.7749,0.80469,0.8501,0.83984,0.8501,0.87012,0.89014,0.875,0.86475,0.875,0.82471,0.78516,0.79004,0.78516,0.84473,0.7749,0.72998,0.79004,0.81494,0.84473,0.7998,0.79004,0.81982,0.98975,1.1597,1.4297,1.5,1.5,1.2998,1.02,0.81494,0.74512,0.73975,0.80469,0.70996,0.68506,0.81494,0.69482,0.71973,0.73486,0.72998,0.77002,0.75488,0.77002,0.7998,0.7749,0.76514,0.75977,0.82471,0.79492,0.81982,0.79004,0.84473,0.82471,0.78516,0.7749,0.81982,0.7998,0.82471,0.87012,0.79492,0.81494,0.86475,0.87988,0.81982,0.8501,0.84473,0.82471,0.8999,0.82471,0.84473,0.7998,0.81494,0.8501,0.87988,0.85986,0.81006,0.81982,0.83984,0.82471,0.87012,0.84473,0.87988,0.80469,0.82471,0.85498,0.7998,0.77979,0.82471,0.81982,0.84473,0.83496,0.84473,0.85986,0.84473,0.81494,0.83984,0.85986,0.82471,0.83008,0.7998,0.81494,0.83984,0.7998,0.81982,0.8501,0.84473,0.8501,0.84473,0.9248,0.86475,0.875,0.82471,0.7998,0.77979,0.76514,0.77002,0.80469,0.82471,0.75488,0.76514,0.83984,0.85986,0.79492,0.7749,0.90479,0.81006,0.95508,1.2847,1.5,1.5,1.5,1.1196,0.97998,0.7998,0.68506,0.71484,0.71973,0.75488,0.81982,0.72998,0.68506,0.77002,0.7251,0.77002,0.7998,0.81982,0.73975,0.77002,0.81494,0.7251,0.76514,0.75977,0.79492,0.81006,0.81982,0.81006,0.88477,0.7998,0.83496,0.8501,0.7749,0.81494,0.89014,0.83496,0.80469,0.82471,0.8501,0.81982,0.86475,0.83984,0.8999,0.81982,0.85986,0.81982,0.81494,0.89014,0.82471,0.7998,0.85986,0.90967,0.7749,0.82471,0.83984,0.81006,0.87988,0.90967,0.875,0.90479,0.81982,0.85986,0.89014,0.85498,0.875,0.79004,0.73975,0.75977,0.78516,0.81982,0.79492,0.78516,0.83008,0.80469,0.91504,1.1997,1.4399,1.5,1.5,1.3296,0.94971,0.80469,0.7749,0.7251,0.74512,0.79004,0.81006,0.68506,0.75488,0.77979,0.72998,0.71973,0.72998,0.74512,0.75977,0.81006,0.77979,0.80469,0.77002,0.75,0.83496,0.87012,0.7749,0.75977,0.79004,0.80469,0.7998,0.86475,0.93994,0.7749,0.76514,0.82471,0.83496,0.8501,0.8501,0.8501,0.875,0.96484,0.85986,0.80469,0.81982,0.83008,0.83984,0.89502,0.86475,0.82471,0.85986,0.83008,0.83496,0.83984,0.875,0.89502,0.83496,0.81006,0.81982,0.7998,0.83984,0.83984,0.84473,0.82471,0.90479,0.86475,0.81006,0.79492,0.83008,0.875,0.83008,0.84473,0.83008,0.84473,0.8501,0.85498,0.8501,0.83984,0.87988,0.7998,0.83008,0.87988,0.91504,0.94482,0.91504,0.95508,0.83496,0.87988,0.8501,0.82471,0.81982,0.8501,0.8999,0.90479,0.79492,0.79004,0.79004,0.81006,0.81982,0.80469,0.83008,0.93994,1.1548,1.3647,1.5,1.5,1.4448,1.0146,0.875,0.75977,0.73486,0.7251,0.75488,0.73486,0.75488,0.79004,0.76514,0.75488,0.73975,0.73486,0.79492,0.75977,0.79004,0.75488,0.73975,0.77979,0.83496,0.80469,0.7998,0.80469,0.84473,0.81006,0.79492,0.83496,0.80469,0.82471,0.7998,0.79004,0.89014,0.83008,0.7998,0.83496,0.85498,0.87988,0.8501,0.9248,0.94482,0.80469,0.81494,0.83496,0.96973,0.98486,0.76514,0.75977,0.875,0.81006,0.82471,0.84473,0.8501,0.83984,0.86475,0.8501,0.85986,0.83008,0.82471,0.8501,0.84473,0.82471,0.86475,0.81006,0.82471,0.87988,0.91504,0.83496,0.8501,0.875,0.79492,0.74512,0.78516,0.80469,0.77979,0.81982,0.83008,0.81982,0.79004,0.80469,0.77979,0.8501,0.76514,0.75977,0.90479,1.1851,1.4248,1.5,1.5,1.3149,0.95996,0.81494,0.86475,0.78516,0.65479,0.68506,0.70996,0.73486,0.74512,0.73486,0.7749,0.72998,0.75,0.75488,0.81982,0.75977,0.73486,0.75,0.7749,0.77002,0.79492,0.79492,0.81494,0.81494,0.82471,0.85986,0.87988,0.77979,0.76514,0.79492,0.8501,0.82471,0.7998,0.8501,0.82471,0.90479,0.79004,0.81494,0.83496,0.8501,0.81494,0.85498,0.87012,0.8501,0.81494,0.81006,0.82471,0.81982,0.83984,0.81494,0.83008,0.82471,0.81982,0.875,0.82471,0.77979,0.7998,0.83008,0.88477,0.89502,0.78516,0.77979,0.82471,0.80469,0.82471,0.80469,0.86475,0.87988,0.79492,0.78516,0.81982,0.82471,0.83984,0.86475,0.91992,0.93994,0.85498,0.9248,0.80469,0.79492,0.79492,0.77002,0.75488,0.82471,0.79492,0.79492,0.81982,0.8501,0.78516,0.83984,0.7998,0.80469,0.79492,0.83008,0.87988,1.125,1.4097,1.5,1.5,1.4097,0.99512,0.83984,0.74512,0.76514,0.71484,0.68018,0.76514,0.7251,0.75,0.75488,0.73975,0.75488,0.7749,0.77979,0.79492,0.76514,0.81494,0.82471,0.7749,0.79004,0.76514,0.76514,0.79492,0.79004,0.81494,0.86475,0.78516,0.7998,0.79004,0.7998,0.79492,0.83008,0.82471,0.93506,0.96484,0.77979,0.81982,0.81982,0.84473,0.85986,0.83008,0.82471,0.83496,0.83008,0.84473,0.8501,0.84473,0.8501,0.91992,1,0.77002,0.83496,0.8501,0.7998,0.85498,0.8501,0.81982,0.83008,0.83984,0.83008,0.86475,0.83496,0.83984,0.83496,0.87988,0.83008,0.83984,0.81006,0.83984,0.88477,0.87012,0.85986,0.875,0.8501,0.86475,0.875,0.87988,0.76514,0.77002,0.76514,0.7998,0.83984,0.7749,0.77002,0.78516,0.84473,0.85498,0.82471,0.83496,0.75,0.77979,0.91504,1.1748,1.4497,1.5,1.5,1.3198,1.0146,0.875,0.76514,0.7251,0.70996,0.71484,0.72998,0.7749,0.77979,0.71484,0.75488,0.7998,0.71973,0.7749,0.79004,0.75488,0.76514,0.79492,0.75977,0.81494,0.85986,0.7749,0.76514,0.85986,0.79004,0.77002,0.7998,0.81006,0.7998,0.86475,0.81494,0.83984,0.85498,0.85986,0.83008,0.81494,0.8501,0.8501,0.85498,0.84473,0.83984,0.85498,0.875,0.83984,0.83984,0.875,0.93506,0.75488,0.79492,0.82471,0.81982,0.83984,0.82471,0.84473,0.81982,0.85498,0.82471,0.81006,0.89014,0.79492,0.83008,0.80469,0.79004,0.84473,0.87012,0.89502,0.81982,0.83008,0.81006,0.7998,0.82471,0.83984,0.8501,0.81982,0.83496,0.82471,0.84473,0.83008,0.89502,0.87012,0.85498,0.89502,0.8999,0.83496,0.81494,0.81006,0.89014,0.78516,0.75977,0.76514,0.77002,0.76514,0.82471,0.7998,0.83496,0.81982,0.83984,0.84473,0.81006,0.9248,1.2646,1.5,1.5,1.5,1.2446,0.91504,0.79004,0.73975,0.77002,0.74512,0.7251,0.71973,0.73486,0.7749,0.7998,0.7251,0.75977,0.77979,0.7749,0.75,0.74512,0.78516,0.77002,0.7749,0.79004,0.89502,0.81494,0.7749,0.82471,0.7998,0.79004,0.83496,0.83008,0.81982,0.82471,0.83008,0.85986,0.82471,0.8501,0.85498,0.90967,0.81494,0.82471,0.87988,0.89014,0.84473,0.81494,0.81494,0.85498,0.875,0.87988,0.81982,0.80469,0.83984,0.82471,0.87012,0.90967,0.93994,0.87012,0.83984,0.83496,0.8999,0.85498,0.8501,0.88477,0.91504,0.7749,0.79004,0.7998,0.81982,0.8501,0.82471,0.7749,0.75488,0.9751,1.2847,1.5,1.5,1.5,1.27,0.98486,0.77002,0.72998,0.7251,0.74512,0.70508,0.7002,0.7002,0.7251,0.73486,0.72998,0.71484,0.75488,0.75977,0.79492,0.72998,0.75,0.74512,0.7998,0.82471,0.75488,0.77002,0.80469,0.82471,0.77002,0.78516,0.81982,0.82471,0.78516,0.8501,0.83008,0.82471,0.8501,0.85986,0.84473,0.83496,0.82471,0.88477,0.84473,0.8501,0.83496,0.82471,0.83984,0.83008,0.86475,0.86475,0.82471,0.875,0.83008,0.81006,0.82471,0.8501,0.81494,0.80469,0.83496,0.87012,0.875,0.80469,0.85986,0.83496,0.80469,0.79492,0.81982,0.81006,0.82471,0.8501,0.89502,0.8501,0.79492,0.79492,0.85498,0.87012,0.84473,0.7998,0.81494,0.83008,0.875,0.83496,0.85986,0.80469,0.83984,0.82471,0.83984,0.85498,0.83008,0.85498,0.8501,0.80469,0.82471,0.82471,0.81494,0.84473,0.90479,0.83008,0.81982,0.875,0.93994,1,0.83008,0.81982,0.8501,0.82471,0.81006,0.83496,0.79492,0.77979,0.83984,0.82471,0.83008,0.80469,0.82471,0.79492,0.7998,0.83008,0.98486,1.2798,1.5,1.5,1.5,1.1748,0.96484,0.78516,0.73975,0.69482,0.76514,0.79004,0.7251,0.71484,0.74512,0.73486,0.75977,0.76514,0.83008,0.85986,0.75488,0.77002,0.75488,0.79492,0.73486,0.78516,0.81006,0.81982,0.78516,0.81982,0.83008,0.79492,0.77979,0.8501,0.85498,0.81006,0.86475,0.88477,0.81006,0.82471,0.81982,0.86475,0.92969,0.83008,0.81982,0.86475,0.82471,0.87988,0.83984,0.82471,0.83008,0.84473,0.85986,0.81982,0.89014,0.8501,0.83008,0.8501,0.82471,0.87012,0.83496,0.79004,0.8501,0.82471,0.81982,0.83984,0.81982,0.90967,0.77979,0.81006,0.82471,0.81982,0.81494,0.87988,0.89502,0.81494,0.78516,0.81982,0.83008,0.83496,0.82471,0.85498,0.7998,0.81982,0.83008,0.90479,0.95996,0.79004,0.81494,0.85986,0.8999,0.91992,0.9248,0.81006,0.79004,0.75488,0.79004,0.77979,0.81494,0.7998,0.81494,0.81494,0.83008,0.81006,0.89014,0.87012,0.79004,0.89502,1.2349,1.4448,1.5,1.5,1.27,0.93994,0.78516,0.7749,0.7251,0.71973,0.72998,0.70508,0.7251,0.72998,0.72998,0.7749,0.81494,0.71973,0.74512,0.76514,0.75488,0.83008,0.7251,0.77002,0.77979,0.79492,0.77979,0.82471,0.85498,0.80469,0.7998,0.79004,0.80469,0.8501,0.83496,0.83984,0.83496,0.8501,0.875,0.88477,0.79004,0.83984,0.86475,0.80469,0.83496,0.8501,0.86475,0.84473,0.83008,0.875,0.83008,0.83984,0.83008,0.81006,0.82471,0.83984,0.82471,0.82471,0.83496,0.85498,0.82471,0.81006,0.83984,0.8501,0.82471,0.82471,0.83496,0.875,0.89014,0.94482,0.87988,0.83496,0.82471,0.83496,0.79492,0.80469,0.68994,0.76514,0.81982,0.83496,0.77002,0.81982,0.7749,0.75488,0.7998,0.77979,0.79492,0.7749,0.875,1.105,1.4097,1.5,1.5,1.4399,1.0649,0.85498,0.75488,0.72998,0.75,0.76514,0.73975,0.7251,0.75488,0.73486,0.7998,0.7251,0.74512,0.70996,0.70508,0.75977,0.72998,0.79004,0.76514,0.75977,0.82471,0.79492,0.75,0.78516,0.83984,0.81006,0.80469,0.77979,0.81982,0.79492,0.77002,0.80469,0.8501,0.8999,0.7998,0.78516,0.80469,0.7998,0.86475,0.88477,0.80469,0.78516,0.82471,0.83984,0.8501,0.84473,0.81982,0.79004,0.81982,0.88477,0.89014,0.79004,0.82471,0.7998,0.81494,0.81006,0.87988,0.83984,0.80469,0.7998,0.82471,0.83008,0.81006,0.8501,0.81494,0.8501,0.86475,0.81982,0.7998,0.78516,0.79492,0.83496,0.82471,0.87012,0.87012,0.875,0.83496,0.8999,0.8501,0.82471,0.82471,0.80469,0.73486,0.7251,0.77979,0.79492,0.77979,0.83008,0.8501,0.7998,0.78516,0.83008,0.81006,0.82471,0.79492,0.93506,1.2749,1.48,1.5,1.5,1.2046,0.91504,0.75977,0.75,0.79492,0.7251,0.75,0.70996,0.72998,0.83008,0.75977,0.7002,0.72998,0.7749,0.75488,0.75,0.79004,0.77979,0.77979,0.77979,0.83008,0.83984,0.75488,0.77979,0.81006,0.85986,0.78516,0.77979,0.81494,0.875,0.78516,0.77979,0.83496,0.82471,0.83008,0.87012,0.875,0.83984,0.81982,0.85498,0.875,0.8501,0.85986,0.87988,0.8501,0.81006,0.82471,0.83984,0.8501,0.85498,0.83496,0.82471,0.84473,0.81982,0.8501,0.81982,0.8501,0.86475,0.80469,0.83984,0.7998,0.77979,0.83984,0.83008,0.83496,0.81982,0.85986,0.81982,0.79004,0.82471,0.81494,0.77979,0.81494,0.86475,0.81982,0.875,0.85498,0.90479,0.84473,0.87012,0.80469,0.79004,0.76514,0.79004,0.83984,0.82471,0.77979,0.81494,0.8501,0.81494,0.81006,0.85498,0.83008,0.79004,0.84473,0.83496,1.1348,1.395,1.5,1.5,1.4546,1.0298,0.87012,0.79004,0.75,0.72998,0.81006,0.69482,0.68506,0.74512,0.81494,0.75,0.73486,0.72998,0.75977,0.77979,0.78516,0.77002,0.75488,0.79004,0.77979,0.83984,0.79004,0.81006,0.77979,0.80469,0.79004,0.81494,0.82471,0.81494,0.85498,0.83496,0.81982,0.87012,0.80469,0.86475,0.90479,0.84473,0.81494,0.82471,0.82471,0.82471,0.84473,0.86475,0.85498,0.8501,0.88477,0.83496,0.87012,0.81006,0.81982,0.82471,0.84473,0.83008,0.8501,0.87012,0.90479,0.85498,0.81494,0.80469,0.83008,0.81982,0.84473,0.89014,0.875,0.81494,0.79492,0.87012,0.8501,0.81494,0.81006,0.8501,0.90479,0.90967,0.875,0.87988,0.87012,0.90967,0.79492,0.77979,0.75488,0.77979,0.79004,0.87988,0.80469,0.78516,0.7998,0.79004,0.81494,0.87988,0.83984,0.75488,0.73975,0.74512,0.74512,1.4048,1.5,1.5,1.1851,0.96973,0.81494,0.79004,0.80469,0.83008,0.7749,0.73486,0.7749,0.77979,0.79492,0.77979,0.79492,0.7998,0.77979,0.79492,0.78516,0.85498,0.74512,0.75977,0.80469,0.81494,0.80469,0.84473,0.80469,0.82471,0.83984,0.82471,0.85498,0.80469,0.81982,0.83008,0.80469,0.79004,0.81982,0.80469,0.82471,0.84473,0.83008,0.82471,0.83984,0.83008,0.8501,0.83496,0.85498,0.83008,0.8501,0.85986,0.875,0.8501,0.81006,0.80469,0.83008,0.84473,0.81982,0.84473,0.88477,0.89502,0.91504,0.88477,0.83008,0.82471,0.81006,0.78516,0.77979,0.8501,0.80469,0.83984,0.82471,0.87012,0.81006,0.80469,0.8501,0.80469,0.85986,1.1597,1.4346,1.5,1.5,1.4097,1.0498,0.85986,0.76514,0.75488,0.75,0.73975,0.75977,0.7998,0.75977,0.74512,0.77979,0.76514,0.79492,0.75,0.81982,0.75488,0.79004,0.83008,0.7749,0.75488,0.77979,0.7998,0.82471,0.83496,0.83984,0.81494,0.81982,0.83496,0.875,0.7998,0.79004,0.81982,0.87988,0.85498,0.84473,0.85498,0.82471,0.85498,0.87988,0.88477,0.83008,0.85498,0.81982,0.8501,0.875,0.86475,0.83008,0.81982,0.87012,0.82471,0.86475,0.83008,0.81982,0.80469,0.83008,0.90967,0.92969,0.84473,0.8501,0.87012,0.875,0.8999,0.90479,0.83008,0.83496,0.78516,0.81982,0.78516,0.7749,0.80469,0.81982,0.7998,0.83008,0.82471,1.2197,1.4946,1.5,1.5,1.2998,0.96484,0.77979,0.72998,0.79004,0.73975,0.69482,0.70996,0.7002,0.73975,0.70508,0.75,0.71973,0.70996,0.7251,0.75977,0.77002,0.78516,0.77979,0.79004,0.77002,0.77979,0.75977,0.81006,0.7998,0.79492,0.81006,0.7998,0.80469,0.7998,0.83984,0.81982,0.80469,0.86475,0.83984,0.81982,0.83496,0.83008,0.85498,0.875,0.83496,0.81982,0.83496,0.81006,0.7998,0.81982,0.81006,0.79492,0.78516,0.84473,1.0698,1.3599,1.5,1.5,1.4297,1.0449,0.85986,0.77002,0.74512,0.75,0.73486,0.74512,0.75,0.74512,0.75488,0.75,0.78516,0.77979,0.7998,0.78516,0.79004,0.77979,0.7998,0.79004,0.79492,0.7998,0.81006,0.80469,0.81494,0.81494,0.81982,0.80469,0.82471,0.81006,0.82471,0.82471,0.82471,0.83984,0.83008,0.82471,0.84473,0.8501,0.83008,0.83984,0.83496,0.8501,0.83008,0.85498,0.82471,0.83984,0.8501,0.83008,0.81982,0.83496,0.83008,0.8501,0.84473,0.84473,0.82471,0.83984,0.82471,0.83496,0.81982,0.82471,0.81494,0.83984,0.81494,0.7998,0.83008,0.81494,0.83496,0.83984,0.82471,0.83008,0.83984,0.81982,0.83008,0.82471,0.84473,0.82471,0.85986,0.86475,0.89014,0.8999,0.89502,0.8501,0.83496,0.80469,0.75977,0.75488,0.80469,0.81494,0.80469,0.81494,0.80469,0.82471,0.81982,0.83008,0.7998,0.81006,0.89502,1.1851,1.4448,1.5,1.5,1.355,0.95508,0.80469,0.75488,0.75,0.73486,0.75,0.73975,0.75,0.75488,0.74512,0.75977,0.76514,0.7749,0.76514,0.7749,0.7749,0.77979,0.78516,0.7998,0.79004,0.7998,0.7998,0.81982,0.81982,0.83008,0.82471,0.84473,0.83496,0.84473,0.83984,0.8501,0.8501,0.8501,0.84473,0.8501,0.84473,0.8501,0.8501,0.84473,0.8501,0.83984,0.8501,0.83984,0.8501,0.83496,0.8501,0.83496,0.8501,0.83008,0.84473,0.83008,0.84473,0.83496,0.84473,0.83496,0.84473,0.83008,0.83984,0.83008,0.83496,0.83008,0.83496,0.83984,0.82471,0.83496,0.83008,0.83984,0.83008,0.83984,0.82471,0.83496,0.82471,0.83496,0.82471,0.83496,0.83984,0.86475,0.875,0.89014,0.89502,0.90967,0.88477,0.87012,0.83008,0.79492,0.7749,0.79492,0.81006,0.80469,0.81006,0.81006,0.82471,0.81982,0.82471,0.7998,0.80469,0.83496,1.0547,1.3447,1.5,1.5,1.5,1.0747,0.89502,0.75977,0.75,0.73486,0.74512,0.73486,0.74512,0.75488,0.74512,0.75977,0.75488,0.77002,0.77002,0.77979,0.7749,0.77979,0.77979,0.79492,0.78516,0.7998,0.79492,0.81006,0.80469,0.81494,0.81006,0.82471,0.81494,0.82471,0.81494,0.82471,0.82471,0.83496,0.83984,0.83496,0.8501,0.84473,0.8501,0.84473,0.8501,0.84473,0.8501,0.8501,0.85498,0.84473,0.8501,0.84473,0.8501,0.84473,0.8501,0.83496,0.8501,0.83984,0.8501,0.85498,0.87012,0.85498,0.85498,0.84473,0.8501,0.83008,0.82471,0.81982,0.81494,0.82471,0.83496,0.83984,0.81494,0.83984,0.83496,0.83008,0.82471,0.84473,0.83496,0.8501,0.85986,0.88477,0.89014,0.89502,0.8999,0.875,0.85498,0.81982,0.75488,0.74512,0.79492,0.7998,0.80469,0.81982,0.82471,0.7998,0.82471,0.81494,0.7998,0.81982,0.90479,1.1548,1.4146,1.5,1.5,1.3198,1.0098,0.82471,0.75488,0.74512,0.75977,0.72998,0.72998,0.74512,0.73975,0.75488,0.75,0.7749,0.75977,0.7749,0.77002,0.7749,0.78516,0.79492,0.77979,0.79004,0.7998,0.7998,0.80469,0.81982,0.81494,0.83008,0.82471,0.83984,0.83008,0.83496,0.83008,0.83496,0.83984,0.83496,0.8501,0.84473,0.85498,0.84473,0.85986,0.8501,0.85498,0.84473,0.8501,0.8501,0.85986,0.8501,0.85498,0.8501,0.85986,0.8501,0.85986,0.85498,0.85986,0.8501,0.85498,0.8501,0.85498,0.8501,0.85498,0.86475,0.8501,0.85498,0.8501,0.85498,0.84473,0.8501,0.84473,0.8501,0.83496,0.84473,0.83984,0.84473,0.83496,0.8501,0.8501,0.875,0.88477,0.8999,0.90967,0.8999,0.875,0.8501,0.80469,0.79004,0.78516,0.7998,0.81494,0.7998,0.81982,0.81006,0.82471,0.81494,0.82471,0.79492,0.81982,0.93994,1.2349,1.4497,1.5,1.5,1.2148,0.93994,0.81006,0.75488,0.75,0.75488,0.74512,0.75488,0.75,0.76514,0.75488,0.76514,0.77002,0.77979,0.7749,0.78516,0.77979,0.79492,0.78516,0.7998,0.79492,0.81006,0.80469,0.81982,0.81006,0.82471,0.81982,0.83008,0.82471,0.83008,0.83496,0.83008,0.83984,0.83496,0.84473,0.83984,0.8501,0.84473,0.8501,0.84473,0.85498,0.8501,0.8501,0.8501,0.85498,0.8501,0.86475,0.8501,0.86475,0.8501,0.85498,0.84473,0.85498,0.84473,0.8501,0.84473,0.8501,0.84473,0.8501,0.83984,0.83984,0.84473,0.83008,0.83496,0.82471,0.8501,0.84473,0.85498,0.83984,0.83008,0.82471,0.83496,0.82471,0.83984,0.81982,0.83008,0.8501,0.875,0.875,0.8999,0.87012,0.85986,0.82471,0.78516,0.75,0.77002,0.79004,0.7998,0.81006,0.7998,0.81006,0.7998,0.81982,0.79004,0.78516,0.81494,0.96973,1.23,1.4697,1.5,1.5,1.1597,0.93506,0.79004,0.75488,0.73975,0.74512,0.72998,0.73975,0.74512,0.73975,0.75488,0.75488,0.76514,0.75488,0.7749,0.77002,0.78516,0.77979,0.79492,0.77979,0.81494,0.81006,0.81982,0.81494,0.82471,0.81982,0.82471,0.83008,0.83008,0.83496,0.82471,0.8501,0.8501,0.8501,0.8501,0.85986,0.86475,0.87012,0.85498,0.85986,0.85498,0.85986,0.8501,0.8501,0.84473,0.8501,0.8501,0.85986,0.8501,0.85498,0.8501,0.85498,0.83984,0.8501,0.83984,0.8501,0.84473,0.84473,0.83984,0.83496,0.84473,0.83008,0.84473,0.83984,0.84473,0.83496,0.83984,0.83496,0.8501,0.83984,0.8501,0.83496,0.8501,0.84473,0.85498,0.85986,0.89014,0.89014,0.90967,0.91992,0.89502,0.87012,0.83984,0.79004,0.76514,0.77979,0.80469,0.81494,0.80469,0.82471,0.82471,0.83496,0.81982,0.82471,0.7998,0.84473,1.0449,1.3447,1.5,1.5,1.5,1.0747,0.85986,0.7749,0.73975,0.75,0.75488,0.74512,0.75,0.73975,0.75,0.75488,0.75977,0.76514,0.77002,0.77979,0.78516,0.77979,0.79004,0.78516,0.7998,0.79492,0.80469,0.7998,0.81494,0.81494,0.82471,0.81982,0.83496,0.83984,0.83008,0.83496,0.83008,0.83984,0.83496,0.8501,0.84473,0.8501,0.83496,0.8501,0.84473,0.83984,0.83984,0.84473,0.82471,0.83984,0.82471,0.83984,0.82471,0.84473,0.83008,0.84473,0.82471,0.83496,0.81982,0.82471,0.82471,0.82471,0.81494,0.81006,0.81982,0.81006,0.81982,0.81006,0.83008,0.81494,0.81982,0.81494,0.82471,0.81494,0.81982,0.81006,0.82471,0.81494,0.81982,0.81006,0.83008,0.8501,0.875,0.875,0.89502,0.88477,0.875,0.83496,0.77979,0.75977,0.7749,0.78516,0.7998,0.78516,0.77979,0.7998,0.7998,0.81494,0.7998,0.78516,0.81982,0.9751,1.2598,1.48,1.5,1.5,1.125,0.9248,0.77002,0.73486,0.74512,0.73975,0.74512,0.72998,0.75,0.72998,0.74512,0.75488,0.75977,0.75,0.77979,0.77979,0.78516,0.76514,0.7998,0.77979,0.7998,0.81006,0.81494,0.79492,0.82471,0.83008,0.81982,0.82471,0.83008,0.82471,0.83496,0.83008,0.83496,0.83984,0.83984,0.84473,0.83496,0.8501,0.84473,0.8501,0.83008,0.8501,0.83008,0.83984,0.83496,0.84473,0.83984,0.83496,0.81982,0.83496,0.83008,0.84473,0.8501,0.83496,0.81982,0.83008,0.83496,0.83008,0.83984,0.83496,0.83984,0.81982,0.82471,0.82471,0.83496,0.82471,0.83008,0.81982,0.83008,0.82471,0.83984,0.83008,0.83984,0.83008,0.83984,0.83984,0.87012,0.875,0.8999,0.90479,0.88477,0.85986,0.83496,0.79004,0.77002,0.77979,0.80469,0.81494,0.81006,0.82471,0.81982,0.83008,0.81494,0.81982,0.80469,0.83496,1.0049,1.3149,1.48,1.5,1.5,1.1099,0.87012,0.78516,0.75977,0.75488,0.75,0.73975,0.75488,0.75,0.75977,0.75488,0.76514,0.76514,0.7749,0.7749,0.77979,0.7749,0.79004,0.78516,0.7998,0.79004,0.80469,0.7998,0.81494,0.81006,0.82471,0.82471,0.83008,0.82471,0.83496,0.83984,0.83496,0.84473,0.83496,0.8501,0.84473,0.8501,0.83984,0.8501,0.83984,0.84473,0.83984,0.8501,0.84473,0.8501,0.83984,0.8501,0.83984,0.8501,0.83984,0.84473,0.83496,0.83984,0.82471,0.83496,0.83008,0.83496,0.83984,0.82471,0.83496,0.82471,0.83496,0.82471,0.83496,0.82471,0.83496,0.82471,0.83496,0.82471,0.83496,0.82471,0.83008,0.82471,0.83496,0.82471,0.83496,0.84473,0.87012,0.87988,0.89014,0.89502,0.875,0.85986,0.81982,0.77979,0.76514,0.78516,0.79492,0.80469,0.79492,0.81006,0.80469,0.81006,0.81006,0.80469,0.7998,0.83984,1.0547,1.3496,1.5,1.5,1.4697,1.0747,0.89014,0.77979,0.75488,0.75488,0.73486,0.72998,0.75,0.73975,0.75488,0.74512,0.76514,0.75488,0.77002,0.76514,0.79004,0.78516,0.79492,0.77979,0.80469,0.79492,0.7998,0.81006,0.83496,0.83496,0.85986,0.84473,0.83984,0.8501,0.8501,0.83496,0.83008,0.8501,0.83008,0.83496,0.83008,0.85498,0.83984,0.8501,0.84473,0.83984,0.84473,0.83496,0.83008,0.83496,0.82471,0.83008,0.81494,0.83496,0.83984,0.84473,0.8501,0.875,0.87012,0.89014,0.8999,0.875,0.85498,0.81494,0.77002,0.75488,0.79492,0.80469,0.81006,0.80469,0.81982,0.81494,0.83984,0.82471,0.81982,0.81494,0.875,1.105,1.395,1.5,1.5,1.4897,1.0449,0.83496,0.77979,0.75977,0.75488,0.75,0.74512,0.75488,0.74512,0.75977,0.75488,0.7749,0.77002,0.77979,0.77979,0.78516,0.77979,0.7998,0.7998,0.80469,0.80469,0.81982,0.81006,0.81982,0.82471,0.81982,0.83496,0.82471,0.84473,0.83008,0.84473,0.83984,0.8501,0.84473,0.85498,0.8501,0.85498,0.8501,0.85498,0.84473,0.85498,0.8501,0.8501,0.84473,0.8501,0.84473,0.8501,0.83008,0.83984,0.83008,0.83496,0.83008,0.83496,0.83008,0.83496,0.83984,0.82471,0.83496,0.82471,0.83008,0.81982,0.82471,0.82471,0.83496,0.82471,0.83496,0.83008,0.83984,0.83008,0.83984,0.83008,0.83984,0.83008,0.83496,0.83984,0.82471,0.83496,0.83008,0.87012,0.875,0.89014,0.89502,0.88477,0.85986,0.83496,0.79492,0.7749,0.77979,0.7998,0.7998,0.81006,0.80469,0.82471,0.82471,0.83496,0.81494,0.7998,0.81494,0.94971,1.2349,1.46,1.5,1.5,1.1851,0.94971,0.79004,0.75488,0.75977,0.73975,0.74512,0.73975,0.75,0.74512,0.75977,0.75488,0.77979,0.77002,0.77979,0.7749,0.78516,0.77979,0.79004,0.7998,0.79492,0.7998,0.81494,0.81006,0.81494,0.82471,0.81494,0.83008,0.83984,0.8501,0.8501,0.85498,0.83008,0.83496,0.83496,0.8501,0.83496,0.83984,0.82471,0.83496,0.83008,0.8501,0.84473,0.83984,0.8501,0.83984,0.84473,0.83008,0.8501,0.83984,0.84473,0.83984,0.8501,0.83496,0.8501,0.84473,0.83496,0.83008,0.84473,0.82471,0.83496,0.83008,0.83496,0.81006,0.83984,0.83008,0.83984,0.81982,0.81006,0.83496,0.83008,0.83496,0.82471,0.83008,0.82471,0.83984,0.81982,0.84473,0.87012,0.87988,0.86475,0.89502,0.87988,0.85498,0.82471,0.79492,0.75488,0.77979,0.79492,0.81006,0.7998,0.81982,0.80469,0.81982,0.81006,0.80469,0.81006,0.83984,0.98975,1.29,1.4946,1.5,1.5,1.1499,0.8999,0.78516,0.75977,0.74512,0.75488,0.73975,0.75488,0.75488,0.76514,0.75488,0.7749,0.76514,0.77979,0.77979,0.78516,0.77979,0.79492,0.78516,0.79492,0.7998,0.7998,0.81006,0.80469,0.82471,0.82471,0.83008,0.83496,0.83984,0.83008,0.83496,0.82471,0.83496,0.82471,0.82471,0.81982,0.82471,0.81982,0.83008,0.81982,0.83496,0.82471,0.83008,0.82471,0.81982,0.82471,0.81982,0.82471,0.81982,0.83008,0.81982,0.83008,0.81982,0.83496,0.8501,0.875,0.875,0.8999,0.87988,0.87012,0.83984,0.80469,0.77002,0.77979,0.79004,0.7998,0.79492,0.7998,0.81006,0.80469,0.81494,0.80469,0.78516,0.7998,0.8999,1.1948,1.4248,1.5,1.5,1.2397,0.96484,0.79004,0.74512,0.72998,0.72998,0.7251,0.73486,0.72998,0.74512,0.73486,0.75488,0.75977,0.75488,0.77002,0.76514,0.77979,0.7749,0.78516,0.77979,0.79492,0.78516,0.7998,0.7998,0.81494,0.81006,0.82471,0.81494,0.82471,0.81982,0.82471,0.82471,0.83496,0.82471,0.83496,0.82471,0.83984,0.83496,0.8501,0.8501,0.85498,0.8501,0.8501,0.83008,0.82471,0.83008,0.83008,0.81982,0.82471,0.82471,0.82471,0.83496,0.83008,0.83496,0.81982,0.83984,0.82471,0.83008,0.82471,0.83008,0.81982,0.83008,0.82471,0.83008,0.81494,0.82471,0.82471,0.82471,0.81982,0.81494,0.83008,0.81006,0.81494,0.82471,0.81982,0.80469,0.82471,0.81982,0.83496,0.8501,0.86475,0.87012,0.89014,0.86475,0.8501,0.81006,0.79492,0.74512,0.77002,0.79492,0.80469,0.81006,0.7998,0.81006,0.82471,0.83984,0.80469,0.7998,0.81494,0.9751,1.2349,1.4497,1.5,1.5,1.1948,0.9248,0.79004,0.77002,0.75488,0.75977,0.73486,0.75488,0.75977,0.77002,0.75977,0.7749,0.75977,0.7749,0.78516,0.80469,0.78516,0.7998,0.7998,0.81006,0.82471,0.80469,0.81982,0.81494,0.83008,0.81494,0.83984,0.83496,0.8501,0.84473,0.8501,0.8501,0.85498,0.8501,0.86475,0.87012,0.85986,0.87012,0.85986,0.87012,0.85498,0.86475,0.85498,0.86475,0.8501,0.85498,0.8501,0.85498,0.8501,0.85498,0.8501,0.8501,0.84473,0.8501,0.84473,0.8501,0.84473,0.8501,0.84473,0.8501,0.83008,0.83984,0.83008,0.82471,0.83496,0.82471,0.83984,0.82471,0.83008,0.82471,0.83008,0.82471,0.83008,0.81982,0.83496,0.82471,0.83496,0.82471,0.83008,0.83984,0.87012,0.86475,0.89502,0.87988,0.87012,0.83984,0.81494,0.76514,0.75977,0.77979,0.79492,0.7998,0.78516,0.7998,0.79492,0.80469,0.7998,0.79004,0.77979,0.8501,1.0898,1.3799,1.5,1.5,1.3599,1.0098,0.83008,0.75488,0.72998,0.7251,0.71484,0.7251,0.72998,0.71973,0.73486,0.72998,0.73486,0.75,0.75488,0.76514,0.77002,0.75977,0.7749,0.77979,0.78516,0.77979,0.7998,0.79492,0.81006,0.7998,0.81006,0.80469,0.81006,0.80469,0.82471,0.81494,0.82471,0.82471,0.83496,0.83984,0.82471,0.84473,0.82471,0.83008,0.82471,0.79004,0.75977,0.77979,0.79492,0.7998,0.81982,0.83984,0.82471,0.83496,0.82471,0.82471,0.83008,0.84473,0.83496,0.83008,0.83496,0.83008,0.83496,0.81982,0.82471,0.82471,0.83008,0.82471,0.81982,0.82471,0.81982,0.81494,0.82471,0.81982,0.83984,0.82471,0.83008,0.82471,0.81982,0.82471,0.8501,0.83496,0.83008,0.84473,0.87012,0.87012,0.89502,0.88477,0.875,0.85498,0.81494,0.7749,0.76514,0.78516,0.7998,0.79004,0.78516,0.80469,0.82471,0.83008,0.81494,0.81982,0.7998,0.84473,1.085,1.3647,1.5,1.5,1.3599,1.0146,0.83984,0.7749,0.73486,0.73486,0.72998,0.73975,0.72998,0.73975,0.75977,0.75488,0.75,0.77979,0.77002,0.77002,0.79004,0.78516,0.79492,0.77979,0.79492,0.79004,0.80469,0.7998,0.81982,0.81494,0.83984,0.83008,0.84473,0.85498,0.82471,0.83496,0.85498,0.87012,0.85498,0.87012,0.85498,0.86475,0.8501,0.83984,0.85986,0.87012,0.83496,0.8501,0.83496,0.84473,0.83496,0.85498,0.83496,0.84473,0.83008,0.82471,0.8501,0.82471,0.85986,0.84473,0.83984,0.8501,0.83984,0.83008,0.84473,0.83984,0.84473,0.84473,0.83496,0.82471,0.84473,0.83496,0.84473,0.83008,0.84473,0.83008,0.8501,0.83008,0.83984,0.83496,0.86475,0.875,0.89014,0.89502,0.87988,0.8501,0.82471,0.81006,0.82471,0.81494,0.7998,0.83008,0.81006,0.82471,0.81982,0.82471,0.81982,0.82471,0.79492,0.81982,0.93506,1.23,1.4297,1.5,1.5,1.2446,0.93506,0.80469,0.77002,0.75488,0.76514,0.75,0.75488,0.75488,0.75977,0.75488,0.77002,0.77002,0.77979,0.76514,0.77979,0.77979,0.78516,0.77979,0.7998,0.79004,0.81006,0.7998,0.82471,0.7998,0.79492,0.81982,0.83008,0.81982,0.82471,0.83984,0.82471,0.8501,0.83008,0.8501,0.84473,0.8501,0.83984,0.84473,0.82471,0.84473,0.84473,0.8501,0.83008,0.84473,0.83984,0.8501,0.83496,0.8501,0.83496,0.8501,0.83984,0.83008,0.83496,0.82471,0.82471,0.83984,0.83008,0.83984,0.82471,0.82471,0.83496,0.83008,0.83496,0.83984,0.86475,0.85986,0.88477,0.875,0.88477,0.85986,0.8501,0.82471,0.80469,0.7749,0.76514,0.7998,0.81006,0.7998,0.80469,0.81982,0.82471,0.82471,0.81982,0.82471,0.79004,0.81006,0.875,1.145,1.3999,1.5,1.5,1.3296,1,0.83496,0.75977,0.75488,0.75488,0.75,0.74512,0.75488,0.74512,0.75977,0.76514,0.77002,0.75488,0.76514,0.7749,0.77979,0.77979,0.77979,0.78516,0.7749,0.7998,0.79492,0.7998,0.7998,0.81006,0.7998,0.81982,0.7998,0.82471,0.81494,0.83008,0.82471,0.83984,0.84473,0.83984,0.8501,0.85498,0.85986,0.83496,0.8501,0.84473,0.83496,0.85498,0.87012,0.85498,0.86475,0.83496,0.85498,0.8501,0.83496,0.81982,0.82471,0.82471,0.83984,0.81982,0.81494,0.82471,0.83008,0.82471,0.83496,0.82471,0.83496,0.83984,0.82471,0.81982,0.83984,0.8501,0.83008,0.85498,0.87012,0.875,0.86475,0.89014,0.84473,0.83984,0.80469,0.78516,0.75488,0.77979,0.80469,0.7998,0.7998,0.7998,0.7998,0.83984,0.8501,0.82471,0.7998,0.80469,0.82471,1.0449,1.3149,1.5,1.5,1.5,1.1147,0.89502,0.79492,0.74512,0.75977,0.75,0.75488,0.74512,0.75977,0.75488,0.7749,0.75977,0.77979,0.7749,0.77002,0.77979,0.77979,0.7749,0.77002,0.7998,0.79492,0.7998,0.81982,0.82471,0.81494,0.82471,0.81006,0.82471,0.83008,0.83984,0.83008,0.84473,0.83496,0.8501,0.8501,0.85498,0.8501,0.8501,0.84473,0.83984,0.8501,0.83496,0.8501,0.83984,0.84473,0.84473,0.8501,0.83984,0.8501,0.83984,0.8501,0.84473,0.8501,0.83984,0.8501,0.84473,0.8501,0.83496,0.84473,0.83984,0.8501,0.83984,0.83984,0.83008,0.84473,0.83008,0.8501,0.85986,0.875,0.875,0.87988,0.89014,0.85498,0.83984,0.81982,0.79492,0.75977,0.76514,0.77979,0.7998,0.78516,0.80469,0.7998,0.80469,0.7998,0.81494,0.79492,0.79004,0.78516,0.88477,1.1548,1.3999,1.5,1.5,1.2749,0.96484,0.80469,0.75,0.73975,0.73486,0.74512,0.73486,0.75,0.73975,0.75488,0.75488,0.76514,0.75977,0.77979,0.7749,0.77979,0.77979,0.78516,0.78516,0.79492,0.7998,0.7998,0.7998,0.81006,0.81494,0.80469,0.81494,0.80469,0.81982,0.81494,0.82471,0.82471,0.83984,0.83496,0.83984,0.83496,0.8501,0.83984,0.8501,0.83984,0.84473,0.83008,0.84473,0.83984,0.8501,0.83984,0.8501,0.8501,0.84473,0.8501,0.84473,0.8501,0.83008,0.83984,0.82471,0.83496,0.82471,0.83008,0.82471,0.83008,0.82471,0.83008,0.83984,0.8501,0.8501,0.8501,0.83496,0.82471,0.82471,0.83496,0.81982,0.82471,0.81982,0.83496,0.8501,0.875,0.87988,0.875,0.88477,0.8501,0.8501,0.83008,0.79492,0.75488,0.77002,0.7998,0.82471,0.81494,0.81982,0.82471,0.81982,0.81982,0.82471,0.83008,0.81494,0.83984,1.0146,1.29,1.5,1.5,1.5,1.1499,0.9248,0.79492,0.75488,0.76514,0.75488,0.74512,0.72998,0.76514,0.73486,0.75,0.76514,0.77002,0.75977,0.77002,0.76514,0.78516,0.7749,0.77979,0.78516,0.79004,0.79004,0.7998,0.81006,0.7998,0.80469,0.81494,0.81982,0.7998,0.82471,0.81006,0.82471,0.82471,0.83008,0.82471,0.83008,0.82471,0.8501,0.83496,0.83984,0.82471,0.83008,0.82471,0.83008,0.81982,0.82471,0.81982,0.83008,0.83496,0.82471,0.83496,0.83008,0.83496,0.82471,0.83496,0.82471,0.83496,0.82471,0.82471,0.82471,0.82471,0.81494,0.82471,0.81982,0.82471,0.81982,0.82471,0.81494,0.82471,0.83008,0.85498,0.86475,0.85986,0.87012,0.85498,0.83008,0.81982,0.79492,0.75488,0.73486,0.75488,0.78516,0.77979,0.7998,0.79004,0.7998,0.79492,0.7998,0.79004,0.79492,0.77979,0.81982,1.02,1.3198,1.4849,1.5,1.5,1.0601,0.84473,0.75488,0.73975,0.72998,0.73486,0.72998,0.73486,0.73975,0.75488,0.75488,0.75977,0.75488,0.77002,0.75977,0.7749,0.77002,0.79004,0.77979,0.79492,0.78516,0.7998,0.7998,0.80469,0.81494,0.81006,0.81982,0.81494,0.82471,0.82471,0.83496,0.83008,0.84473,0.83984,0.8501,0.84473,0.85498,0.8501,0.85498,0.8501,0.85986,0.8501,0.85498,0.8501,0.85498,0.8501,0.85498,0.8501,0.85498,0.8501,0.84473,0.8501,0.83984,0.8501,0.83984,0.84473,0.83496,0.8501,0.83984,0.84473,0.83496,0.8501,0.84473,0.8501,0.84473,0.85498,0.85986,0.875,0.85498,0.8501,0.83984,0.8501,0.83984,0.8501,0.83496,0.82471,0.83984,0.85498,0.86475,0.89014,0.89502,0.89502,0.88477,0.86475,0.87012,0.83008,0.79492,0.7749,0.79492,0.81982,0.82471,0.81982,0.83496,0.82471,0.84473,0.8501,0.83984,0.81982,0.81494,0.87988,1.0947,1.3848,1.5,1.5,1.4897,1.0747,0.8999,0.77979,0.75977,0.79004,0.75488,0.73486,0.75488,0.76514,0.75977,0.78516,0.77002,0.76514,0.7749,0.79492,0.7749,0.79492,0.7998,0.78516,0.81006,0.82471,0.80469,0.82471,0.83008,0.81982,0.83008,0.82471,0.84473,0.82471,0.83496,0.83008,0.8501,0.84473,0.8501,0.84473,0.85498,0.8501,0.85498,0.8501,0.8501,0.84473,0.85498,0.8501,0.85986,0.8501,0.8501,0.85498,0.8501,0.84473,0.8501,0.85498,0.8501,0.85986,0.8501,0.85986,0.8501,0.86475,0.85986,0.86475,0.85498,0.86475,0.8501,0.86475,0.85498,0.87012,0.86475,0.88477,0.89014,0.8999,0.89502,0.8999,0.87988,0.85986,0.84473,0.81982,0.77979,0.76514,0.80469,0.82471,0.81494,0.81982,0.82471,0.81982,0.83008,0.82471,0.83496,0.80469,0.82471,0.85986,1.1147,1.3848,1.5,1.5,1.4346,1.0249,0.84473,0.76514,0.75488,0.74512,0.74512,0.75488,0.74512,0.75488,0.75977,0.77002,0.76514,0.78516,0.7749,0.78516,0.77979,0.79492,0.78516,0.7998,0.7998,0.81006,0.80469,0.81494,0.81982,0.83008,0.82471,0.83008,0.83496,0.82471,0.83984,0.83496,0.84473,0.83984,0.85498,0.8501,0.86475,0.85498,0.86475,0.85498,0.85986,0.8501,0.85986,0.8501,0.85986,0.8501,0.85986,0.8501,0.85498,0.84473,0.8501,0.84473,0.83984,0.84473,0.83496,0.84473,0.83496,0.84473,0.83496,0.84473,0.82471,0.83984,0.83496,0.85986,0.87012,0.875,0.8501,0.85986,0.84473,0.83984,0.83008,0.83008,0.81982,0.83496,0.82471,0.83496,0.83008,0.85498,0.87012,0.89014,0.89502,0.875,0.90967,0.86475,0.84473,0.83984,0.84473,0.77002,0.78516,0.82471,0.83008,0.81006,0.83496,0.80469,0.82471,0.83496,0.84473,0.81982,0.81006,0.83008,1.0146,1.2998,1.5,1.5,1.5,1.1699,0.93506,0.79004,0.75488,0.76514,0.74512,0.75488,0.73975,0.76514,0.74512,0.75977,0.76514,0.7749,0.75977,0.79004,0.77002,0.79004,0.78516,0.79004,0.77979,0.7998,0.79004,0.78516,0.82471,0.83984,0.84473,0.83008,0.84473,0.84473,0.8501,0.8501,0.8501,0.83984,0.8501,0.83984,0.84473,0.83496,0.84473,0.83496,0.83984,0.83984,0.85986,0.85986,0.88477,0.875,0.88477,0.85986,0.84473,0.82471,0.81494,0.7749,0.75488,0.78516,0.80469,0.7998,0.81006,0.81982,0.81006,0.81982,0.81006,0.82471,0.7998,0.81494,0.83496,1.0449,1.3296,1.5,1.5,1.5,1.085,0.87012,0.76514,0.75488,0.73975,0.73486,0.74512,0.73486,0.75488,0.75,0.76514,0.75488,0.77979,0.77002,0.77979,0.7749,0.78516,0.77979,0.79004,0.78516,0.7998,0.79004,0.7998,0.79492,0.81006,0.80469,0.81494,0.81006,0.81494,0.82471,0.83496,0.84473,0.83984,0.84473,0.83984,0.8501,0.84473,0.85498,0.84473,0.8501,0.83984,0.8501,0.83008,0.84473,0.83496,0.84473,0.83008,0.84473,0.83496,0.83984,0.83008,0.83496,0.83008,0.83496,0.82471,0.83008,0.82471,0.82471,0.83008,0.81982,0.83008,0.81982,0.82471,0.81982,0.83496,0.82471,0.83496,0.82471,0.83496,0.82471,0.83008,0.81982,0.82471,0.81982,0.82471,0.81494,0.82471,0.81494,0.81006,0.81982,0.81494,0.82471,0.83984,0.8501,0.875,0.88477,0.875,0.89502,0.875,0.85498,0.82471,0.78516,0.75488,0.77979,0.79004,0.7998,0.79004,0.82471,0.80469,0.82471,0.82471,0.81982,0.79004,0.81494,0.91992,1.21,1.4546,1.5,1.5,1.2046,0.96484,0.79492,0.73975,0.7251,0.72998,0.71484,0.73975,0.73486,0.74512,0.73975,0.77002,0.75488,0.77002,0.75,0.77002,0.77002,0.79004,0.79492,0.77979,0.77979,0.7998,0.80469,0.78516,0.80469,0.7998,0.81494,0.7998,0.80469,0.7998,0.81494,0.81494,0.81982,0.81494,0.81982,0.82471,0.81982,0.81494,0.83984,0.82471,0.81982,0.81006,0.84473,0.8501,0.82471,0.83496,0.81982,0.83008,0.81982,0.82471,0.84473,0.82471,0.81982,0.82471,0.81982,0.83008,0.82471,0.83008,0.81494,0.81494,0.81006,0.81982,0.80469,0.81982,0.81006,0.81982,0.81494,0.82471,0.81982,0.82471,0.81494,0.82471,0.81982,0.81494,0.82471,0.81982,0.83008,0.81982,0.82471,0.82471,0.83984,0.8501,0.87012,0.87988,0.8999,0.875,0.87012,0.83008,0.7998,0.75488,0.77002,0.78516,0.7998,0.7998,0.81006,0.81494,0.80469,0.81982,0.81494,0.7998,0.81006,0.8999,1.1699,1.4248,1.5,1.5,1.3149,0.96484,0.7998,0.75977,0.73486,0.75,0.73486,0.75,0.73975,0.75488,0.74512,0.75488,0.75977,0.75488,0.77002,0.76514,0.77979,0.7749,0.78516,0.77979,0.79004,0.79004,0.7998,0.7998,0.81006,0.80469,0.81982,0.81494,0.82471,0.81982,0.83496,0.83008,0.8501,0.83984,0.8501,0.84473,0.85498,0.84473,0.8501,0.84473,0.83984,0.8501,0.83984,0.8501,0.84473,0.8501,0.83984,0.8501,0.83984,0.8501,0.83496,0.84473,0.83496,0.83984,0.82471,0.83984,0.82471,0.83008,0.81982,0.83496,0.82471,0.83008,0.82471,0.83008,0.82471,0.83008,0.82471,0.82471,0.83008,0.82471,0.83496,0.82471,0.83496,0.82471,0.83496,0.82471,0.83496,0.82471,0.84473,0.83496,0.85986,0.875,0.89502,0.90479,0.92969,0.89502,0.89014,0.83984,0.80469,0.77979,0.79492,0.7998,0.81006,0.7998,0.79492,0.81006,0.80469,0.82471,0.82471,0.79492,0.78516,0.90479,1.1851,1.4346,1.5,1.5,1.27,0.98486,0.83496,0.7749,0.72998,0.74512,0.75488,0.74512,0.75,0.73486,0.75977,0.7749,0.75977,0.75488,0.76514,0.77979,0.79004,0.77979,0.79492,0.78516,0.7998,0.78516,0.81006,0.7998,0.83008,0.81982,0.81006,0.81982,0.83496,0.7998,0.82471,0.83984,0.82471,0.83008,0.8501,0.83984,0.8501,0.84473,0.8501,0.84473,0.83984,0.84473,0.83008,0.83496,0.82471,0.84473,0.83496,0.84473,0.83496,0.84473,0.83008,0.8501,0.83984,0.84473,0.83496,0.83008,0.82471,0.83008,0.83008,0.83984,0.83496,0.84473,0.85498,0.8501,0.875,0.87988,0.88477,0.85498,0.81982,0.7998,0.81982,0.7998,0.7998,0.80469,0.81494,0.80469,0.81982,0.81006,0.82471,0.81494,0.82471,0.7998,0.81494,0.89502,1.1699,1.4248,1.5,1.5,1.3296,0.97998,0.81006,0.77002,0.75488,0.75488,0.75488,0.75488,0.75488,0.76514,0.75977,0.76514,0.75488,0.77002,0.76514,0.77979,0.7749,0.77979,0.78516,0.77979,0.79004,0.7998,0.80469,0.80469,0.81006,0.80469,0.82471,0.81982,0.83008,0.82471,0.83984,0.82471,0.84473,0.83984,0.8501,0.8501,0.85498,0.84473,0.8501,0.83984,0.8501,0.84473,0.8501,0.84473,0.85498,0.8501,0.85498,0.8501,0.8501,0.85498,0.84473,0.8501,0.83496,0.8501,0.83008,0.83984,0.83008,0.83984,0.82471,0.83984,0.82471,0.83496,0.82471,0.83496,0.82471,0.83496,0.82471,0.83984,0.82471,0.83984,0.83496,0.83008,0.84473,0.83984,0.84473,0.83008,0.83984,0.83008,0.84473,0.83008,0.85986,0.87012,0.89014,0.88477,0.89014,0.85986,0.83496,0.81006,0.82471,0.7998,0.81982,0.82471,0.81494,0.81982,0.82471,0.82471,0.83008,0.81982,0.80469,0.82471,0.95508,1.2598,1.48,1.5,1.5,1.21,0.95508,0.81006,0.75977,0.75488,0.75,0.75488,0.75488,0.75977,0.75488,0.7749,0.77002,0.77979,0.77979,0.78516,0.79004,0.79492,0.79492,0.80469,0.81494,0.80469,0.81006,0.80469,0.81982,0.81006,0.82471,0.81982,0.82471,0.81494,0.82471,0.81982,0.83496,0.83008,0.84473,0.84473,0.86475,0.85986,0.87012,0.85498,0.85498,0.8501,0.85498,0.85986,0.8501,0.85498,0.8501,0.87012,0.8501,0.85986,0.8501,0.85498,0.84473,0.85986,0.8501,0.8501,0.85498,0.86475,0.8501,0.84473,0.8501,0.8501,0.8501,0.85498,0.8501,0.85498,0.86475,0.88477,0.875,0.87988,0.87012,0.8501,0.83496,0.81006,0.78516,0.75488,0.76514,0.77979,0.79492,0.77979,0.7998,0.7998,0.81006,0.80469,0.81494,0.7998,0.79492,0.79004,0.875,1.145,1.395,1.5,1.5,1.27,0.95508,0.79492,0.73975,0.73486,0.72998,0.73486,0.72998,0.73975,0.72998,0.74512,0.73975,0.75488,0.74512,0.75977,0.75488,0.77002,0.75977,0.77002,0.77002,0.77979,0.77979,0.77979,0.78516,0.79492,0.7998,0.79492,0.82471,0.82471,0.80469,0.7998,0.82471,0.80469,0.82471,0.81006,0.80469,0.7998,0.81982,0.81494,0.83008,0.81494,0.83496,0.82471,0.83984,0.81982,0.82471,0.82471,0.8501,0.83008,0.82471,0.83496,0.82471,0.83008,0.82471,0.81982,0.81006,0.83984,0.81006,0.82471,0.81494,0.82471,0.81006,0.81982,0.81494,0.84473,0.81982,0.81006,0.82471,0.83496,0.82471,0.81982,0.82471,0.83008,0.83984,0.81982,0.83496,0.82471,0.85986,0.87012,0.87988,0.87012,0.87988,0.86475,0.81006,0.79492,0.83008,0.7998,0.81006,0.7998,0.81494,0.81982,0.83008,0.81982,0.83008,0.83984,0.80469,0.83008,0.96484,1.2197,1.4697,1.5,1.5,1.27,0.93506,0.79004,0.75488,0.74512,0.7251,0.72998,0.72998,0.73975,0.74512,0.75,0.75,0.75977,0.75,0.76514,0.77002,0.77002,0.77002,0.78516,0.7749,0.77979,0.77002,0.78516,0.7998,0.79492,0.80469,0.7998,0.81494,0.81006,0.83008,0.82471,0.84473,0.83984,0.8501,0.8501,0.85498,0.8501,0.85986,0.8501,0.8501,0.84473,0.8501,0.84473,0.8501,0.83008,0.83984,0.83496,0.83008,0.83984,0.83008,0.84473,0.83496,0.84473,0.83984,0.8501,0.83984,0.84473,0.83496,0.85986,0.86475,0.89014,0.88477,0.89502,0.875,0.86475,0.83984,0.83496,0.7998,0.7749,0.76514,0.7998,0.80469,0.79492,0.81006,0.80469,0.81982,0.81006,0.81982,0.81006,0.7998,0.79004,0.8501,1.0601,1.3496,1.5,1.5,1.4697,1.0698,0.87012,0.76514,0.73975,0.74512,0.72998,0.73975,0.73486,0.74512,0.75,0.74512,0.76514,0.77002,0.7749,0.77002,0.78516,0.77979,0.79004,0.77979,0.79004,0.78516,0.79492,0.79004,0.7998,0.7998,0.80469,0.7998,0.81006,0.80469,0.82471,0.81494,0.83008,0.83496,0.83984,0.83496,0.84473,0.83496,0.84473,0.83496,0.83008,0.83984,0.83008,0.83984,0.83496,0.84473,0.83008,0.83984,0.83008,0.83496,0.82471,0.83496,0.82471,0.83008,0.82471,0.83008,0.81982,0.83008,0.81982,0.82471,0.82471,0.83008,0.82471,0.82471,0.83008,0.81982,0.83008,0.82471,0.83496,0.82471,0.83008,0.82471,0.83496,0.82471,0.83496,0.82471,0.83008,0.82471,0.83008,0.82471,0.83496,0.82471,0.83984,0.8501,0.87012,0.875,0.89502,0.89014,0.875,0.85498,0.81982,0.7749,0.77979,0.7998,0.81494,0.81982,0.81494,0.82471,0.82471,0.83008,0.82471,0.81006,0.7998,0.875,1.1147,1.3896,1.5,1.5,1.3848,1.0249,0.84473,0.77002,0.75,0.74512,0.75488,0.75,0.75488,0.75,0.75488,0.75488,0.76514,0.75488,0.7749,0.77002,0.78516,0.77979,0.79004,0.78516,0.7998,0.79492,0.81006,0.7998,0.81006,0.7998,0.81494,0.81982,0.81494,0.82471,0.81494,0.83008,0.83496,0.84473,0.83984,0.85498,0.8501,0.85986,0.8501,0.85986,0.8501,0.85986,0.8501,0.85498,0.8501,0.85986,0.8501,0.85986,0.8501,0.85986,0.8501,0.85986,0.8501,0.85986,0.86475,0.8501,0.84473,0.83984,0.8501,0.83984,0.8501,0.8501,0.85498,0.83984,0.84473,0.83496,0.84473,0.83008,0.84473,0.83496,0.84473,0.83008,0.83984,0.83008,0.83496,0.83008,0.83984,0.82471,0.83496,0.82471,0.84473,0.86475,0.87988,0.89502,0.89502,0.88477,0.85498,0.82471,0.7749,0.77979,0.77979,0.80469,0.7998,0.81494,0.80469,0.81494,0.81006,0.82471,0.81006,0.7998,0.81982,0.98486,1.2847,1.4897,1.5,1.5,1.145,0.9248,0.79492,0.76514,0.77002,0.75488,0.77002,0.75488,0.75977,0.75488,0.76514,0.75977,0.7749,0.76514,0.77979,0.7749,0.78516,0.77979,0.79492,0.7998,0.79492,0.81006,0.83008,0.84473,0.83984,0.8501,0.83984,0.84473,0.83496,0.84473,0.83008,0.83496,0.83496,0.85498,0.8501,0.86475,0.8501,0.87012,0.85986,0.875,0.8501,0.8501,0.8501,0.87012,0.8501,0.85498,0.84473,0.8501,0.82471,0.83496,0.84473,0.83496,0.84473,0.83496,0.83984,0.81982,0.83496,0.82471,0.8501,0.83008,0.84473,0.82471,0.83496,0.82471,0.8501,0.82471,0.83984,0.8501,0.83984,0.83008,0.84473,0.83496,0.84473,0.85498,0.87012,0.88477,0.89014,0.86475,0.83984,0.83008,0.82471,0.81494,0.7998,0.82471,0.81494,0.81982,0.81494,0.81982,0.81494,0.83008,0.81006,0.81982,0.82471,1,1.2847,1.4849,1.5,1.5,1.21,0.91992,0.78516,0.75977,0.77979,0.74512,0.73975,0.75,0.75977,0.75,0.75977,0.75977,0.75488,0.75488,0.77002,0.75977,0.7749,0.7749,0.79004,0.7749,0.78516,0.79492,0.79004,0.79004,0.80469,0.81494,0.82471,0.83008,0.81982,0.83496,0.82471,0.83984,0.83496,0.84473,0.83008,0.83984,0.83496,0.8501,0.83984,0.8501,0.83984,0.84473,0.83496,0.84473,0.83496,0.84473,0.83496,0.84473,0.83496,0.83984,0.84473,0.83008,0.83984,0.83008,0.84473,0.85986,0.875,0.875,0.88477,0.875,0.85498,0.81982,0.80469,0.81006,0.80469,0.79492,0.81982,0.7998,0.81494,0.80469,0.81006,0.7998,0.81006,0.7998,0.79004,0.78516,0.83984,1.0747,1.355,1.5,1.5,1.4399,1.0347,0.83984,0.74512,0.73486,0.72998,0.7251,0.71973,0.72998,0.71973,0.72998,0.7251,0.73486,0.72998,0.74512,0.73486,0.73975,0.74512,0.75488,0.75488,0.76514,0.77002,0.75977,0.7749,0.77002,0.78516,0.77979,0.78516,0.77979,0.79492,0.79004,0.80469,0.80469,0.82471,0.81494,0.83008,0.82471,0.83496,0.82471,0.83008,0.82471,0.83008,0.82471,0.82471,0.83008,0.82471,0.83008,0.81982,0.82471,0.81006,0.81982,0.81006,0.81982,0.80469,0.81006,0.80469,0.81494,0.81006,0.81494,0.80469,0.81982,0.81494,0.81982,0.81006,0.81982,0.81006,0.81982,0.83008,0.8501,0.83984,0.83496,0.81494,0.82471,0.83984,0.82471,0.83984,0.81006,0.82471,0.81982,0.84473,0.82471,0.8501,0.875,0.88477,0.89014,0.89502,0.88477,0.83984,0.80469,0.81982,0.82471,0.81982,0.81494,0.81982,0.81006,0.81494,0.82471,0.81006,0.83008,0.80469,0.81006,0.83984,1.0649,1.335,1.5,1.5,1.5,1.0801,0.87012,0.77979,0.76514,0.72998,0.74512,0.73975,0.74512,0.73486,0.75,0.75488,0.75488,0.75977,0.77002,0.7749,0.75977,0.77979,0.77002,0.77979,0.77979,0.79004,0.7998,0.81006,0.7998,0.82471,0.83496,0.8501,0.82471,0.83984,0.82471,0.86475,0.8501,0.8501,0.84473,0.85498,0.84473,0.87012,0.875,0.84473,0.875,0.8501,0.85498,0.8501,0.8501,0.84473,0.8501,0.83984,0.83984,0.82471,0.82471,0.82471,0.8501,0.85498,0.86475,0.87988,0.88477,0.85986,0.8501,0.82471,0.84473,0.81494,0.80469,0.82471,0.81494,0.7998,0.7998,0.7998,0.81006,0.7998,0.7998,0.80469,0.7749,0.7998,0.94971,1.2749,1.4849,1.5,1.5,1.1396,0.87012,0.76514,0.72998,0.72998,0.7251,0.72998,0.72998,0.73486,0.72998,0.74512,0.73486,0.74512,0.73975,0.75,0.75488,0.74512,0.76514,0.76514,0.77002,0.76514,0.77979,0.77979,0.78516,0.7749,0.79492,0.77979,0.79492,0.7998,0.81006,0.81494,0.82471,0.81006,0.81982,0.82471,0.81006,0.82471,0.83008,0.83008,0.82471,0.83496,0.81494,0.83008,0.81982,0.82471,0.81494,0.82471,0.81982,0.82471,0.81006,0.81006,0.7998,0.81006,0.7998,0.81494,0.7998,0.80469,0.79492,0.7998,0.81006,0.7998,0.81006,0.82471,0.81006,0.80469,0.81982,0.81006,0.81982,0.81006,0.81494,0.80469,0.81982,0.82471,0.83008,0.81982,0.83496,0.81982,0.83496,0.81982,0.83008,0.83496,0.82471,0.83496,0.85986,0.875,0.89014,0.89502,0.88477,0.87012,0.83496,0.79492,0.76514,0.7749,0.79004,0.7998,0.79004,0.81006,0.80469,0.83008,0.83496,0.84473,0.81494,0.81006,0.91504,1.2349,1.4546,1.5,1.5,1.1899,0.95508,0.7998,0.74512,0.72998,0.73486,0.75,0.74512,0.72998,0.75,0.74512,0.76514,0.75488,0.77979,0.77002,0.77002,0.77979,0.7998,0.77979,0.79004,0.7998,0.81494,0.82471,0.81006,0.82471,0.81006,0.8501,0.84473,0.81982,0.83984,0.8501,0.83008,0.8501,0.8501,0.85986,0.83984,0.87012,0.88477,0.87012,0.85498,0.875,0.8501,0.85986,0.875,0.86475,0.86475,0.875,0.86475,0.87012,0.85986,0.87012,0.8501,0.85498,0.8501,0.87012,0.875,0.84473,0.85986,0.8501,0.85498,0.8501,0.8501,0.83008,0.83984,0.83496,0.8501,0.84473,0.8501,0.83984,0.8501,0.8501,0.8501,0.83984,0.84473,0.83008,0.83984,0.8501,0.83496,0.85498,0.8501,0.875,0.87012,0.89502,0.875,0.85498,0.83496,0.81006,0.77002,0.78516,0.77979,0.7998,0.79492,0.82471,0.7998,0.81982,0.82471,0.81982,0.7998,0.82471,0.89502,1.1748,1.4146,1.5,1.5,1.3398,0.9751,0.79492,0.77002,0.74512,0.75,0.72998,0.75,0.73975,0.75488,0.75,0.75977,0.75977,0.7749,0.76514,0.78516,0.77979,0.7998,0.78516,0.79492,0.80469,0.81494,0.81006,0.7998,0.81006,0.82471,0.82471,0.83008,0.83984,0.81982,0.83496,0.85498,0.86475,0.85986,0.86475,0.87988,0.87012,0.85986,0.87988,0.86475,0.875,0.87012,0.85986,0.86475,0.83984,0.87012,0.8501,0.86475,0.87012,0.85986,0.86475,0.85498,0.8501,0.85498,0.875,0.8501,0.8501,0.85986,0.85498,0.8501,0.86475,0.90479,0.91992,0.89502,0.875,0.89502,0.87012,0.89014,0.87012,0.8501,0.82471,0.82471,0.83008,0.82471,0.82471,0.81006,0.82471,0.81006,0.83984,1.0698,1.3599,1.5,1.5,1.5,1.1196,0.91992,0.78516,0.75,0.77002,0.75488,0.7749,0.73486,0.72998,0.76514,0.73975,0.75488,0.77979,0.79004,0.77002,0.79492,0.77002,0.77979,0.79492,0.77979,0.79004,0.7998,0.79004,0.81006,0.81982,0.83008,0.7998,0.81006,0.80469,0.83496,0.82471,0.85498,0.8501,0.8501,0.85986,0.85498,0.85986,0.8501,0.86475,0.85498,0.84473,0.85498,0.85986,0.8501,0.87012,0.8501,0.8501,0.8501,0.86475,0.8501,0.86475,0.8501,0.85986,0.8501,0.85498,0.85498,0.8501,0.83984,0.85498,0.86475,0.8501,0.85986,0.8501,0.85986,0.86475,0.82471,0.83008,0.81982,0.82471,0.83008,0.82471,0.83496,0.83008,0.85986,0.83984,0.83496,0.83496,0.8501,0.84473,0.85986,0.85986,0.87012,0.85498,0.8501,0.84473,0.8501,0.87012,0.875,0.83008,0.81982,0.85498,0.8501,0.88477,0.89014,0.89502,0.875,0.88477,0.78516,0.7749,0.79492,0.81494,0.82471,0.8501,0.83984,0.83496,0.82471,0.83008,0.82471,0.87012,0.86475,1.0947,1.4248,1.5,1.5,1.5,1.0947,0.89014,0.81494,0.77979,0.7749,0.73486,0.75,0.73486,0.7998,0.77002,0.77979,0.77979,0.77002,0.78516,0.83984,0.79492,0.7998,0.7998,0.82471,0.81494,0.81006,0.79492,0.83008,0.83496,0.82471,0.81982,0.85498,0.82471,0.85498,0.875,0.88477,0.8501,0.86475,0.87988,0.89502,0.83984,0.85986,0.89014,0.87988,0.86475,0.87012,0.8501,0.87012,0.85498,0.87012,0.8501,0.84473,0.86475,0.83496,0.81982,0.875,0.89014,0.85986,0.82471,0.8501,0.88477,0.875,0.875,0.8501,0.87012,0.90479,0.8501,0.87012,0.875,0.83984,0.86475,0.87012,0.84473,0.90479,0.90967,0.83496,0.875,0.82471,0.83496,0.8501,0.84473,0.87988,0.92969,0.89502,0.85986,0.89014,0.8999,0.85498,0.8999,0.84473,0.79492,0.78516,0.83008,0.84473,0.81982,0.81494,0.86475,0.81494,0.83984,0.84473,0.81982,0.84473,1.0449,1.355,1.5,1.5,1.5,1.0801,0.87988,0.75488,0.76514,0.73975,0.72998,0.73975,0.72998,0.74512,0.71973,0.75977,0.75488,0.74512,0.75488,0.78516,0.77979,0.75977,0.77002,0.77002,0.7749,0.75,0.77979,0.7998,0.81006,0.79492,0.7998,0.81982,0.8501,0.77979,0.81982,0.83496,0.80469,0.7998,0.83984,0.81494,0.83984,0.83008,0.83984,0.83984,0.86475,0.82471,0.79004,0.82471,0.83984,0.80469,0.85498,0.84473,0.87012,0.81982,0.79004,0.81494,0.83008,0.83496,0.87988,0.80469,0.75977,0.82471,0.83008,0.82471,0.81006,0.8501,0.82471,0.86475,0.78516,0.8501,0.82471,0.87012,0.875,0.87988,0.875,0.86475,0.875,0.81006,0.75977,0.75488,0.79492,0.81494,0.78516,0.81982,0.82471,0.79004,0.84473,0.81982,0.83496,0.74512,0.77979,0.84473,1.0498,1.3696,1.5,1.5,1.4497,1.02,0.8501,0.75,0.74512,0.75977,0.75488,0.71973,0.70996,0.75488,0.75977,0.76514,0.7251,0.76514,0.75488,0.77002,0.79004,0.76514,0.77979,0.75,0.79004,0.7998,0.76514,0.87012,0.75488,0.77979,0.82471,0.83008,0.77979,0.80469,0.78516,0.8501,0.875,0.77979,0.78516,0.83008,0.87012,0.84473,0.82471,0.85498,0.89014,0.84473,0.85498,0.83496,0.84473,0.8501,0.82471,0.82471,0.8501,0.83984,0.85498,0.82471,0.83984,0.82471,0.86475,0.83008,0.8501,0.82471,0.82471,0.7998,0.86475,0.87012,0.81982,0.8501,0.87988,0.90967,0.83984,0.83008,0.83984,0.80469,0.7998,0.8501,0.78516,0.77979,0.81006,0.83008,0.83496,0.80469,0.83008,0.87012,0.81006,0.79004,0.83008,1.0947,1.3848,1.5,1.5,1.5,1.0098,0.81006,0.79492,0.74512,0.72998,0.74512,0.72998,0.75977,0.70996,0.75488,0.73486,0.75977,0.75,0.72998,0.75488,0.74512,0.7998,0.77979,0.81494,0.7749,0.76514,0.81494,0.76514,0.7749,0.83008,0.83496,0.81006,0.81006,0.7998,0.81494,0.83984,0.8501,0.82471,0.84473,0.87012,0.81006,0.79004,0.81494,0.82471,0.83984,0.79492,0.82471,0.83008,0.82471,0.8501,0.81006,0.80469,0.83496,0.80469,0.82471,0.83008,0.80469,0.82471,0.7998,0.7998,0.79492,0.7998,0.7998,0.8501,0.85498,0.77979,0.7749,0.79492,0.7998,0.80469,0.81494,0.80469,0.79492,0.81982,0.83008,0.81006,0.81982,0.77979,0.77979,0.7998,0.81494,0.83984,0.87012,0.8501,0.85986,0.91992,0.86475,0.7998,0.81494,0.79004,0.76514,0.75488,0.80469,0.7998,0.77979,0.78516,0.82471,0.7998,0.81494,0.7998,0.83008,0.77002,0.76514,0.91992,1.1899,1.4248,1.5,1.5,1.23,0.97998,0.78516,0.75488,0.72998,0.77979,0.71973,0.7002,0.71973,0.74512,0.75488,0.71973,0.70996,0.75977,0.72998,0.73975,0.75488,0.73486,0.75488,0.77979,0.7998,0.78516,0.81982,0.82471,0.81006,0.82471,0.7998,0.79492,0.82471,0.81494,0.84473,0.83984,0.85986,0.82471,0.87012,0.89014,0.85986,0.7998,0.85498,0.81494,0.7998,0.83008,0.81982,0.8501,0.84473,0.8501,0.81982,0.83008,0.82471,0.85498,0.83496,0.8501,0.80469,0.82471,0.7998,0.82471,0.81982,0.83984,0.83496,0.8501,0.82471,0.83984,0.83496,0.83008,0.81982,0.81494,0.85498,0.87988,0.85986,0.87988,0.84473,0.83008,0.85498,0.81494,0.81982,0.80469,0.81982,0.80469,0.83984,0.79004,0.80469,0.7998,0.84473,0.81006,0.7998,0.81006,0.80469,0.83008,0.98975,1.2847,1.5,1.5,1.5,1.1948,0.89014,0.78516,0.73975,0.73486,0.74512,0.77002,0.73975,0.72998,0.74512,0.76514,0.75488,0.77979,0.77979,0.81494,0.75488,0.74512,0.7749,0.77979,0.79004,0.7998,0.81494,0.7998,0.81006,0.83984,0.81006,0.7998,0.83008,0.82471,0.82471,0.86475,0.875,0.81982,0.83496,0.83008,0.84473,0.87012,0.83496,0.82471,0.84473,0.87988,0.88477,0.83984,0.86475,0.87012,0.875,0.8501,0.83008,0.81982,0.8501,0.85986,0.83496,0.83984,0.82471,0.84473,0.85986,0.86475,0.84473,0.82471,0.83984,0.8501,0.81006,0.82471,0.8501,0.84473,0.83984,0.85986,0.81494,0.82471,0.81494,0.83984,0.83008,0.82471,0.83984,0.82471,0.86475,0.8501,0.8501,0.87012,0.89502,0.8999,0.875,0.89502,0.87988,0.8501,0.83496,0.81006,0.83008,0.81982,0.89014,0.82471,0.80469,0.82471,0.8501,0.7998,0.83984,0.85986,0.79492,0.81006,0.87988,1.1147,1.375,1.5,1.5,1.4746,1.1001,0.90967,0.77979,0.80469,0.73486,0.72998,0.77979,0.75488,0.76514,0.77979,0.76514,0.79492,0.78516,0.80469,0.81006,0.77979,0.79492,0.8501,0.81494,0.7998,0.83496,0.82471,0.85498,0.81494,0.85498,0.8501,0.90967,0.82471,0.85498,0.86475,0.875,0.81494,0.8501,0.8999,0.9248,0.85986,0.89502,0.87012,0.8999,0.85986,0.88477,0.85986,0.89014,0.88477,0.8999,0.875,0.83496,0.87012,0.93506,0.87988,0.875,0.87012,0.92969,0.83496,0.82471,0.875,0.87988,0.875,0.87012,0.9248,0.89014,0.92969,0.89014,0.87988,0.875,0.86475,0.8501,0.86475,0.82471,0.80469,0.83496,0.7998,0.82471,0.81982,0.84473,0.79004,0.83496,0.8501,0.78516,0.81006,0.8999,1.1997,1.4399,1.5,1.5,0.77002,0.82471,0.7998,0.81494,0.83008,0.85498,0.84473,0.84473,0.81982,0.84473,0.83984,0.87988,0.8999,0.93994,0.85986,0.7998,0.79004,0.75977,0.72998,0.7749,0.75488,0.79004,0.84473,0.8501,0.82471,0.81494,0.83984,0.7251,0.70508,0.79492,1,1.3047,1.5,1.5,1.5,1.0898,0.8999,0.79492,0.75,0.77002,0.73486,0.66992,0.69482,0.7251,0.70508,0.77002,0.77979,0.75488,0.78516,0.71973,0.71484,0.75488,0.73975,0.80469,0.79492,0.83496,0.85498,0.75488,0.77979,0.83008,0.75488,0.83984,0.78516,0.77979,0.82471,0.86475,0.75977,0.80469,0.89014,0.91504,0.80469,0.77979,0.86475,0.82471,0.82471,0.85498,0.78516,0.7749,0.87012,0.81982,0.875,0.90479,0.78516,0.76514,0.85986,0.77002,0.76514,0.85986,0.87988,0.84473,0.83496,0.75488,0.79004,0.86475,0.87988,0.7749,0.85986,0.86475,0.83008,0.81006,0.8501,0.81006,0.82471,0.77979,0.79004,0.89014,0.78516,0.7998,0.75488,0.875,0.7749,0.76514,0.83496,0.7998,0.8501,0.78516,0.77002,0.8501,0.86475,0.89502,0.89502,0.93506,0.77979,0.75,0.78516,0.75,0.74512,0.75977,0.7998,0.81494,0.77979,0.79004,0.80469,0.82471,0.75488,0.73975,0.8501,0.76514,0.97998,1.3999,1.4746,1.5,1.5,1.0601,0.8999,0.74512,0.71973,0.78516,0.79492,0.71484,0.69482,0.73975,0.69482,0.79004,0.80469,0.7251,0.76514,0.75,0.77979,0.73975,0.75977,0.77002,0.74512,0.82471,0.7998,0.83008,0.75977,0.83496,0.83984,0.76514,0.85498,0.78516,0.87012,0.87988,0.80469,0.77002,0.85986,0.83008,0.8501,0.83496,0.8501,0.78516,0.85498,0.875,0.80469,0.85986,0.82471,0.83984,0.875,0.76514,0.85498,0.81494,0.76514,0.875,0.81006,0.78516,0.82471,0.79492,0.8501,0.79004,0.81006,0.89014,0.93506,0.7749,0.84473,0.94482,0.72998,0.81494,0.8501,0.75977,0.85498,0.87988,0.82471,0.7749,0.80469,0.82471,0.85986,0.89014,0.77979,0.83496,0.85498,0.81494,0.81982,0.83984,0.89014,0.81006,0.83984,0.82471,0.875,0.87012,0.90479,0.91992,0.88477,0.7749,0.79492,0.75,0.77002,0.79492,0.81006,0.7749,0.83008,0.81494,0.81982,0.8501,0.77979,0.81006,0.80469,1.0698,1.3447,1.4946,1.5,1.5,1.0449,0.85986,0.83008,0.75488,0.73975,0.70996,0.78516,0.6748,0.75,0.70996,0.75977,0.78516,0.75488,0.82471,0.83008,0.7749,0.75488,0.7749,0.7998,0.77979,0.7998,0.77979,0.81494,0.80469,0.81982,0.83984,0.81982,0.86475,0.7998,0.83496,0.8501,0.83496,0.89502,0.90967,0.79492,0.79004,0.87988,0.79492,0.83008,0.8501,0.86475,0.82471,0.86475,0.87988,0.83984,0.82471,0.85986,0.8999,0.81494,0.7998,0.85986,0.90479,0.84473,0.81006,0.80469,0.84473,0.85986,0.80469,0.7998,0.83984,0.87988,0.83496,0.80469,0.83984,0.79492,0.82471,0.84473,0.81494,0.86475,0.83496,0.84473,0.81494,0.80469,0.81494,0.86475,0.81982,0.86475,0.7998,0.78516,0.86475,0.82471,0.83008,0.875,0.92969,0.95508,0.83008,0.87012,0.83984,0.86475,0.73486,0.78516,0.81494,0.80469,0.82471,0.81494,0.79492,0.87988,0.7749,0.75488,0.8501,0.82471,0.81494,1.0049,1.29,1.5,1.5,1.5,1.125,0.91992,0.79492,0.75,0.75977,0.81006,0.70508,0.70996,0.74512,0.75,0.75977,0.77979,0.75977,0.82471,0.79004,0.79492,0.7002,0.80469,0.81494,0.78516,0.84473,0.8501,0.75488,0.81006,0.7998,0.8501,0.85498,0.83008,0.85986,0.83496,0.83008,0.91992,0.79492,0.83984,0.83496,0.90479,0.85498,0.87012,0.78516,0.8501,0.81982,0.85986,0.83008,0.90479,0.83496,0.79004,0.80469,0.82471,0.85986,0.875,0.83008,0.82471,0.84473,0.81006,0.81494,0.8501,0.89014,0.81006,0.7998,0.84473,0.7998,0.81982,0.83984,0.81982,0.81494,0.85498,0.81982,0.82471,0.79492,0.79492,0.81494,0.83496,0.85498,0.83496,0.90479,0.79004,0.76514,0.82471,0.79492,0.83496,0.81494,0.875,0.83496,0.89014,0.8999,0.85498,0.8501,0.875,0.81006,0.7998,0.77002,0.73486,0.79004,0.87988,0.88477,0.72998,0.79004,0.83496,0.77979,0.83496,0.83984,0.77979,0.89014,1.1797,1.4697,1.5,1.5,1.3999,1.0249,0.81006,0.74512,0.77002,0.71484,0.78516,0.74512,0.68506,0.73975,0.7998,0.73486,0.71484,0.76514,0.83984,0.75,0.75977,0.75488,0.81494,0.83008,0.78516,0.7749,0.81006,0.86475,0.77979,0.77002,0.83984,0.86475,0.89014,0.7749,0.83496,0.89014,0.81006,0.82471,0.89502,0.8999,0.82471,0.875,0.83984,0.81982,0.83984,0.9248,0.81494,0.81006,0.85498,0.80469,0.85498,0.86475,0.83984,0.87988,0.86475,0.82471,0.8501,0.77979,0.84473,0.87012,0.82471,0.7998,0.83984,0.89502,0.8501,0.7998,0.83984,0.78516,0.82471,0.83496,0.81494,0.875,0.84473,0.82471,0.8501,0.7998,0.83008,0.7998,0.79004,0.8501,0.81006,0.83984,0.79492,0.82471,0.85498,0.8501,0.87012,0.7998,0.79492,0.87988,0.89502,0.875,0.87012,0.97998,0.81494,0.75977,0.73486,0.79492,0.75,0.77979,0.7998,0.82471,0.81006,0.87988,0.75977,0.78516,0.84473,0.81982,0.7998,1.085,1.3896,1.5,1.5,1.4849,1.105,0.87988,0.75488,0.72998,0.70508,0.72998,0.80469,0.83984,0.71484,0.73486,0.75488,0.73975,0.75488,0.75,0.77979,0.84473,0.75977,0.74512,0.81982,0.77002,0.81006,0.79492,0.78516,0.81006,0.7998,0.90967,0.79492,0.8501,0.81494,0.7998,0.8501,0.82471,0.81982,0.8999,0.86475,0.82471,0.86475,0.90479,0.80469,0.79492,0.83008,0.87988,0.88477,0.83984,0.83008,0.85498,0.89502,0.81494,0.79004,0.87988,0.87012,0.81006,0.8501,0.8999,0.85986,0.81982,0.89502,0.8501,0.82471,0.7998,0.85986,0.83008,0.81006,0.8501,0.95996,0.75488,0.7251,0.82471,0.85986,0.8501,0.83008,0.81494,0.92969,0.93506,0.75,0.8501,0.89014,0.83496,0.78516,0.83984,0.8501,0.83984,0.87988,0.89502,0.83496,0.88477,0.90479,0.93994,0.81982,0.75,0.7998,0.75,0.81006,0.79492,0.7998,0.84473,0.81494,0.86475,0.7998,0.79004,0.90479,0.90967,0.77002,1.0649,1.3696,1.5,1.5,1.5,1.1299,0.93994,0.75488,0.75977,0.74512,0.73486,0.7749,0.7251,0.71973,0.75,0.78516,0.73486,0.83008,0.78516,0.73975,0.7998,0.81494,0.83984,0.74512,0.77979,0.80469,0.85986,0.83496,0.85498,0.7998,0.83008,0.86475,0.81494,0.87988,0.79004,0.87012,0.90967,0.81494,0.89014,0.91992,0.77002,0.85986,0.84473,0.85498,0.87012,0.82471,0.87012,0.94971,0.89502,0.80469,0.77979,0.83496,0.87988,0.83008,0.81982,0.875,0.8501,0.89014,0.7998,0.87988,0.93506,0.79004,0.7749,0.86475,0.89502,0.84473,0.89014,0.86475,0.82471,0.87012,0.81006,0.83984,0.9248,0.80469,0.82471,0.81494,0.81006,0.8999,0.8501,0.83496,0.85498,0.7998,0.8501,0.86475,0.83984,0.86475,0.88477,0.83008,0.91504,0.83008,0.87988,0.91992,0.96484,0.81006,0.80469,0.88477,0.75488,0.81494,0.79492,0.82471,0.88477,0.94482,0.7749,0.73486,0.82471,0.85986,0.81494,0.7998,0.89014,0.86475,1.1748,1.4497,1.5,1.5,1.4097,0.98486,0.81494,0.75488,0.75977,0.77979,0.73486,0.75,0.76514,0.84473,0.89014,0.70508,0.6748,0.73975,0.81006,0.77979,0.7749,0.77002,0.81006,0.85498,0.875,0.83984,0.8501,0.78516,0.7998,0.75977,0.83984,0.81982,0.83984,0.86475,0.9248,0.86475,0.7998,0.8999,0.90479,0.79492,0.89014,0.95508,0.84473,0.77002,0.81982,0.7998,0.875,0.85498,0.89502,0.83496,0.85986,0.83984,0.87988,0.89502,0.80469,0.86475,0.81982,0.84473,0.8501,0.85986,0.81982,0.89502,0.80469,0.78516,0.875,0.8999,0.80469,0.82471,0.85986,0.875,0.83496,0.81494,0.875,0.82471,0.7998,0.81982,0.83984,0.84473,0.89014,0.80469,0.77002,0.85986,0.875,0.83008,0.80469,0.82471,0.94482,1,0.82471,0.89014,0.875,0.93506,0.81006,0.76514,0.75977,0.77979,0.81494,0.8501,0.81982,0.83008,0.79004,0.83496,0.81006,0.82471,0.79004,0.77979,0.87012,1.1147,1.375,1.5,1.5,1.4648,1.1001,0.89014,0.73975,0.71484,0.77979,0.71973,0.75,0.7251,0.74512,0.76514,0.75488,0.79492,0.7998,0.76514,0.79492,0.76514,0.7998,0.79492,0.80469,0.77979,0.7749,0.80469,0.83984,0.81006,0.8501,0.81982,0.79004,0.82471,0.81494,0.85986,0.83984,0.81982,0.8501,0.87988,0.7998,0.78516,0.83496,0.85498,0.84473,0.875,0.80469,0.83008,0.81006,0.87012,0.7998,0.79004,0.87012,0.81494,0.7998,0.8501,0.81006,0.83008,0.84473,0.81494,0.85498,0.82471,0.875,0.75488,0.79004,0.7998,0.81494,0.85986,0.89502,0.75,0.77979,0.82471,0.83984,0.78516,0.83008,0.875,0.7998,0.7749,0.83008,0.77979,0.77002,0.82471,0.84473,0.7998,0.81494,0.87012,0.82471,0.81982,0.8999,0.89502,0.91992,0.8501,0.81982,0.84473,0.80469,0.7749,0.79492,0.73486,0.77002,0.7998,0.79004,0.83984,0.83008,0.80469,0.81494,0.80469,0.83984,0.79492,0.89014,1.1748,1.4297,1.5,1.5,1.375,1.0098,0.81006,0.77002,0.84473,0.69482,0.68018,0.75488,0.73975,0.75,0.72998,0.75,0.75488,0.80469,0.78516,0.81494,0.77002,0.75488,0.81006,0.75488,0.79004,0.80469,0.81494,0.7998,0.81494,0.8501,0.87012,0.875,0.85986,0.84473,0.83984,0.85986,0.85498,0.82471,0.8501,0.84473,0.86475,0.8501,0.87012,0.875,0.85498,0.93506,0.82471,0.81982,0.88477,0.86475,0.8501,0.89014,0.83984,0.83496,0.875,0.89502,0.875,0.85986,0.90479,0.8501,0.82471,0.84473,0.89014,0.90479,0.81494,0.875,0.92969,0.83984,0.87012,0.84473,0.8501,0.84473,0.85986,0.83496,0.875,0.85498,0.84473,0.89502,0.83008,0.85986,0.90479,0.81006,0.86475,0.87012,0.83008,0.875,0.87988,0.8501,0.90967,0.93506,0.88477,0.94482,0.86475,0.81982,0.82471,0.79492,0.78516,0.83008,0.7998,0.81006,0.83984,0.84473,0.89014,0.81006,0.7998,0.83008,0.81006,0.87012,1,1.25,1.5,1.5,1.5,1.25,0.92969,0.7998,0.7749,0.75488,0.79492,0.81494,0.76514,0.71973,0.75488,0.75,0.79004,0.78516,0.81006,0.75977,0.83008,0.8501,0.73975,0.81006,0.79492,0.82471,0.77979,0.83496,0.88477,0.78516,0.85498,0.88477,0.82471,0.86475,0.81982,0.82471,0.7998,0.82471,0.90967,1.0249,0.79492,0.73486,0.7998,0.83008,0.84473,0.85986,0.8501,1,0.83008,0.83984,0.78516,0.83496,0.81982,0.84473,0.8501,0.91992,0.85986,0.82471,0.84473,0.89502,0.875,0.83496,0.78516,0.83008,0.8501,0.89502,0.8501,0.81006,0.84473,0.81006,0.7998,0.8501,0.86475,0.81006,0.83496,0.81982,0.83008,0.8501,0.85986,0.82471,0.87988,0.91504,0.7998,0.78516,0.7749,0.81982,0.87988,0.90479,0.89014,0.95996,0.89014,0.8501,0.83984,0.89014,0.7749,0.79004,0.77979,0.7749,0.77002,0.81006,0.82471,0.81982,0.91504,0.75977,0.79004,0.87988,0.77979,0.95996,1.27,1.4849,1.5,1.5,1.1899,0.93994,0.79492,0.73975,0.82471,0.66992,0.66016,0.7251,0.71484,0.79492,0.75,0.71484,0.72998,0.74512,0.76514,0.81494,0.75977,0.71484,0.75,0.79004,0.80469,0.77979,0.85986,0.77979,0.81982,0.79004,0.8501,0.875,0.7749,0.83496,0.90967,0.74512,0.81494,0.83984,0.7998,0.81982,0.875,0.89014,0.84473,0.78516,0.84473,0.85986,0.81494,0.83496,0.79492,0.8501,0.79004,0.82471,0.89502,0.82471,0.7749,0.76514,0.91992,0.75977,0.83496,0.83008,0.8501,0.85498,0.78516,0.77979,0.7998,0.81982,0.875,0.79492,0.83496,0.87012,0.7749,0.83496,0.85498,0.79492,0.81006,0.7998,0.85498,0.81982,0.83984,0.7749,0.81006,0.8501,0.81494,0.79004,0.83496,0.87012,0.81982,0.81494,0.87988,0.90479,0.87012,0.88477,0.7749,0.75488,0.7251,0.78516,0.7998,0.81982,0.83008,0.77979,0.81982,0.7998,0.79004,0.82471,0.7749,0.83984,0.95996,1.2949,1.5,1.5,1.5,1.25,0.8999,0.7749,0.71973,0.71484,0.75488,0.7251,0.73486,0.74512,0.70508,0.81494,0.70996,0.68506,0.74512,0.73486,0.7749,0.75488,0.75977,0.7749,0.75488,0.7749,0.83008,0.7749,0.75,0.80469,0.79492,0.81494,0.81006,0.83984,0.85498,0.7998,0.84473,0.86475,0.80469,0.8501,0.80469,0.8501,0.81982,0.8501,0.83984,0.85498,0.83496,0.81494,0.7998,0.82471,0.85986,0.87012,0.81494,0.81982,0.83496,0.83008,0.89014,0.7998,0.82471,0.83984,0.81006,0.84473,0.80469,0.81982,0.83984,0.82471,0.90967,0.83984,0.81006,0.8501,0.85986,0.77979,0.8501,0.7998,0.80469,0.81006,0.81982,0.8501,0.82471,0.87012,0.82471,0.80469,0.8501,0.90967,0.78516,0.83008,0.86475,0.83008,0.87012,0.87988,0.91504,0.87988,0.85986,0.89014,0.90967,0.75977,0.78516,0.79004,0.83496,0.8501,0.7998,0.83984,0.87012,0.80469,0.84473,0.7749,0.77002,0.85986,1.02,1.335,1.5,1.5,1.5,1.1548,0.95508,0.75488,0.72998,0.76514,0.75,0.75,0.77979,0.79004,0.76514,0.75488,0.7749,0.79492,0.81982,0.83008,0.81006,0.78516,0.7998,0.82471,0.7998,0.84473,0.82471,0.81006,0.8501,0.80469,0.7998,0.85986,0.83496,0.8501,0.83496,0.875,0.81494,0.86475,0.91992,0.84473,0.86475,0.87012,0.84473,0.83496,0.875,0.875,0.88477,0.83496,0.81494,0.875,0.94971,0.80469,0.84473,0.81982,0.8501,0.875,0.8501,0.83496,0.875,0.8501,0.875,0.87012,0.8501,0.83984,0.82471,0.83008,0.83984,0.83008,0.84473,0.8501,0.83496,0.8501,0.82471,0.8501,0.81494,0.85986,0.84473,0.8501,0.83496,0.80469,0.82471,0.84473,0.82471,0.8501,0.89014,0.8501,0.85986,0.875,0.87988,0.8999,0.875,0.87012,0.90479,0.81494,0.72998,0.78516,0.81494,0.81494,0.82471,0.8501,0.83984,0.86475,0.81982,0.80469,0.7998,0.83984,0.91992,1.165,1.4497,1.5,1.5,1.5,1.0547,0.81494,0.76514,0.76514,0.74512,0.75488,0.75977,0.7998,0.7749,0.75,0.76514,0.81982,0.77002,0.75488,0.7749,0.80469,0.82471,0.78516,0.78516,0.81006,0.7998,0.83496,0.84473,0.83496,0.82471,0.87012,0.85986,0.87012,0.83984,0.85986,0.87012,0.84473,0.85498,0.86475,0.87012,0.875,0.85986,0.84473,0.87988,0.875,0.8501,0.86475,0.89502,0.85498,0.84473,0.84473,0.85498,0.83984,0.8501,0.86475,0.85986,0.83984,0.85986,0.875,0.8501,0.8501,0.83984,0.86475,0.85986,0.84473,0.82471,0.83984,0.84473,0.83496,0.87012,0.875,0.83496,0.85986,0.80469,0.82471,0.82471,0.84473,0.83984,0.8501,0.83496,0.85498,0.875,0.81982,0.81494,0.86475,0.89502,0.83496,0.81494,0.85986,0.90967,0.91992,0.89014,0.83984,0.85498,0.79004,0.81494,0.80469,0.7749,0.76514,0.81494,0.83496,0.9248,0.82471,0.77002,0.77979,0.77002,0.7998,0.93506,1.2046,1.4697,1.5,1.5,1.2549,0.9751,0.79004,0.73975,0.72998,0.72998,0.73486,0.72998,0.74512,0.73486,0.75488,0.75488,0.76514,0.75977,0.77002,0.76514,0.7749,0.77002,0.79004,0.77979,0.79492,0.7998,0.80469,0.81006,0.81494,0.82471,0.83008,0.83496,0.83008,0.8501,0.83008,0.8501,0.84473,0.8501,0.83496,0.85498,0.83496,0.84473,0.83496,0.8501,0.83984,0.84473,0.83496,0.8501,0.83984,0.83496,0.85986,0.83984,0.8501,0.8501,0.84473,0.875,0.8501,0.83008,0.8501,0.83008,0.84473,0.83496,0.84473,0.83008,0.83984,0.82471,0.82471,0.83496,0.83984,0.83008,0.83984,0.84473,0.83008,0.81982,0.8501,0.83496,0.82471,0.83008,0.83496,0.83984,0.83008,0.8501,0.84473,0.85498,0.875,0.87988,0.85986,0.90967,0.89502,0.89014,0.86475,0.83008,0.79492,0.79004,0.81494,0.82471,0.81982,0.83008,0.81982,0.83008,0.81982,0.83496,0.81982,0.81006,0.81982,0.96973,1.25,1.4697,1.5,1.5,1.2046,0.94482,0.79492,0.75488,0.74512,0.73486,0.74512,0.73486,0.75488,0.75488,0.75977,0.75488,0.75977,0.77002,0.76514,0.7749,0.77002,0.77979,0.78516,0.79004,0.78516,0.7998,0.7998,0.81494,0.80469,0.81982,0.81982,0.83008,0.82471,0.83008,0.82471,0.83984,0.83496,0.83008,0.82471,0.84473,0.83984,0.84473,0.82471,0.83984,0.83008,0.82471,0.83496,0.82471,0.84473,0.81982,0.83008,0.85498,0.86475,0.82471,0.80469,0.7998,0.81494,0.81006,0.81982,0.80469,0.81494,0.7998,0.81006,0.80469,0.81494,0.7998,0.81006,0.80469,0.82471,0.82471,0.83008,0.81494,0.81982,0.82471,0.81006,0.83008,0.81982,0.80469,0.7998,0.7998,0.79492,0.81494,0.83496,0.875,0.88477,0.875,0.875,0.85986,0.82471,0.81982,0.77979,0.75,0.73486,0.7749,0.7998,0.7998,0.78516,0.77979,0.79004,0.78516,0.79492,0.79004,0.7998,0.81006,0.92969,1.2148,1.4546,1.5,1.5,1.2598,0.95508,0.79492,0.75488,0.73486,0.74512,0.72998,0.74512,0.73975,0.75488,0.75,0.75977,0.76514,0.75977,0.77979,0.77002,0.77979,0.78516,0.79492,0.78516,0.7998,0.7998,0.81006,0.80469,0.82471,0.82471,0.83984,0.83008,0.83984,0.82471,0.83984,0.82471,0.83984,0.83008,0.83984,0.83008,0.83984,0.83008,0.83496,0.82471,0.82471,0.83008,0.82471,0.83496,0.82471,0.82471,0.81982,0.82471,0.81006,0.82471,0.81494,0.82471,0.81494,0.82471,0.81006,0.82471,0.80469,0.81494,0.81006,0.81494,0.80469,0.81494,0.80469,0.81006,0.80469,0.81006,0.7998,0.80469,0.81494,0.80469,0.81494,0.80469,0.81494,0.7998,0.81006,0.80469,0.81494,0.80469,0.81982,0.80469,0.82471,0.83496,0.8501,0.85986,0.88477,0.85986,0.84473,0.81982,0.77979,0.75488,0.77002,0.78516,0.79492,0.77979,0.77979,0.79492,0.78516,0.7998,0.79492,0.77979,0.7749,0.82471,1.0498,1.3496,1.5,1.5,1.4546,1.0547,0.8501,0.75488,0.73975,0.73975,0.7251,0.72998,0.72998,0.74512,0.75,0.74512,0.75488,0.74512,0.75488,0.75977,0.77002,0.7749,0.77979,0.77979,0.7998,0.7998,0.81006,0.81982,0.83496,0.81494,0.83496,0.83008,0.83496,0.82471,0.84473,0.83496,0.83984,0.83008,0.83984,0.8501,0.83984,0.8501,0.83496,0.8501,0.84473,0.8501,0.83008,0.84473,0.83984,0.85498,0.8501,0.85498,0.83984,0.83496,0.84473,0.85986,0.8501,0.8501,0.83008,0.84473,0.83008,0.82471,0.83496,0.82471,0.82471,0.83984,0.8501,0.82471,0.83496,0.82471,0.83984,0.81982,0.83008,0.82471,0.82471,0.81982,0.82471,0.82471,0.82471,0.81494,0.82471,0.82471,0.84473,0.8501,0.87012,0.875,0.89502,0.89014,0.87988,0.85986,0.83008,0.79004,0.77002,0.78516,0.80469,0.81006,0.80469,0.82471,0.81494,0.82471,0.82471,0.83008,0.81006,0.83496,0.93506,1.23,1.4497,1.5,1.5,1.29,0.95508,0.80469,0.77002,0.75977,0.75,0.74512,0.75488,0.75488,0.75977,0.75488,0.77002,0.75977,0.7749,0.76514,0.77979,0.77979,0.79004,0.77979,0.7998,0.79492,0.80469,0.7998,0.82471,0.81982,0.82471,0.82471,0.83008,0.82471,0.83984,0.83008,0.83984,0.8501,0.83984,0.8501,0.84473,0.85498,0.8501,0.8501,0.84473,0.8501,0.83984,0.8501,0.83984,0.8501,0.84473,0.8501,0.83984,0.84473,0.83496,0.83984,0.83008,0.83984,0.84473,0.83008,0.83984,0.83008,0.83984,0.82471,0.83984,0.82471,0.83496,0.82471,0.83984,0.83008,0.83984,0.82471,0.83496,0.82471,0.83496,0.82471,0.83496,0.82471,0.83496,0.82471,0.83496,0.82471,0.83008,0.83496,0.85986,0.875,0.88477,0.89502,0.88477,0.87012,0.83984,0.80469,0.77002,0.77979,0.79004,0.7998,0.79004,0.80469,0.7998,0.81006,0.7998,0.81006,0.79004,0.78516,0.82471,1.0449,1.3198,1.5,1.5,1.5,1.0947,0.89502,0.76514,0.74512,0.75,0.73486,0.75,0.75,0.7749,0.77002,0.78516,0.77979,0.77979,0.7749,0.79004,0.75977,0.77979,0.77002,0.7749,0.77979,0.7998,0.77979,0.80469,0.81494,0.80469,0.82471,0.82471,0.81494,0.83008,0.81494,0.81006,0.84473,0.84473,0.8501,0.83496,0.8501,0.83984,0.83984,0.8501,0.85986,0.83008,0.83496,0.83984,0.83496,0.8501,0.84473,0.83008,0.81982,0.8501,0.84473,0.82471,0.81982,0.83496,0.83984,0.82471,0.81494,0.83496,0.81006,0.82471,0.81982,0.82471,0.80469,0.81982,0.80469,0.81982,0.81006,0.83496,0.81006,0.81982,0.80469,0.81494,0.81006,0.82471,0.80469,0.81494,0.81982,0.83008,0.84473,0.8501,0.875,0.88477,0.87012,0.85498,0.83496,0.7998,0.7749,0.75488,0.79004,0.79492,0.7998,0.7998,0.81494,0.81006,0.81494,0.80469,0.80469,0.7998,0.83496,1.0146,1.3149,1.4897,1.5,1.5,1.1299,0.87012,0.76514,0.74512,0.73975,0.73975,0.73486,0.73975,0.73486,0.74512,0.73975,0.75488,0.75488,0.77002,0.75977,0.7749,0.77002,0.79004,0.78516,0.79004,0.7998,0.79492,0.7998,0.81006,0.81494,0.81006,0.82471,0.81982,0.83496,0.83008,0.83984,0.83496,0.84473,0.83496,0.84473,0.83496,0.8501,0.84473,0.8501,0.84473,0.8501,0.83984,0.8501,0.83984,0.8501,0.83984,0.84473,0.83496,0.83496,0.83984,0.83008,0.83984,0.82471,0.83984,0.82471,0.83008,0.82471,0.82471,0.82471,0.83008,0.82471,0.83496,0.82471,0.83496,0.82471,0.83984,0.82471,0.83008,0.82471,0.83008,0.82471,0.83008,0.82471,0.82471,0.81982,0.81494,0.82471,0.84473,0.86475,0.87012,0.89502,0.89014,0.87012,0.84473,0.81982,0.77002,0.7749,0.77002,0.7998,0.79492,0.7998,0.7998,0.80469,0.81006,0.7998,0.81006,0.79004,0.7998,0.9248,1.21,1.4448,1.5,1.5,1.2397,0.96484,0.80469,0.74512,0.73486,0.72998,0.72998,0.72998,0.73975,0.73486,0.75,0.74512,0.75488,0.75488,0.76514,0.7749,0.79492,0.7998,0.7998,0.80469,0.79492,0.80469,0.81006,0.7998,0.80469,0.81982,0.7998,0.81006,0.7998,0.83008,0.81982,0.82471,0.81982,0.82471,0.82471,0.83008,0.84473,0.8501,0.82471,0.83984,0.82471,0.83008,0.83496,0.8501,0.82471,0.81982,0.83496,0.84473,0.8501,0.82471,0.83008,0.82471,0.8501,0.82471,0.81982,0.81006,0.83496,0.82471,0.83984,0.81982,0.81494,0.80469,0.81982,0.7998,0.82471,0.83008,0.81982,0.82471,0.80469,0.81982,0.81494,0.83496,0.80469,0.81982,0.82471,0.83008,0.82471,0.84473,0.8501,0.87012,0.88477,0.86475,0.8501,0.83008,0.78516,0.75488,0.75,0.78516,0.79004,0.7998,0.7998,0.80469,0.7998,0.81006,0.81982,0.80469,0.7998,0.83008,1.02,1.3198,1.5,1.5,1.5,1.1499,0.87988,0.77002,0.75488,0.73975,0.74512,0.73486,0.75,0.73975,0.75488,0.74512,0.75977,0.75488,0.76514,0.75977,0.7749,0.77002,0.77979,0.78516,0.79004,0.7998,0.79492,0.81006,0.7998,0.82471,0.81982,0.83496,0.82471,0.84473,0.83496,0.8501,0.83496,0.8501,0.84473,0.8501,0.83984,0.84473,0.83008,0.83984,0.83496,0.84473,0.8501,0.84473,0.85498,0.84473,0.8501,0.83984,0.8501,0.83984,0.85498,0.89014,0.98975,0.92969,0.87012,0.79004,0.75977,0.74512,0.83984,0.60498,0.54004,0.50488,0.55518,0.5752,0.62012,0.68994,0.80469,0.875,0.91504,0.91992,0.91992,0.91504,0.8999,0.875,0.89502,0.95508,0.9751,1,1.0146,1.0347,1.0547,1.085,1.1001,1.1299,1.1499,1.1748,1.1797,1.1851,1.1597,1.145,1.1099,1.0801,1.0298,1,0.95508,0.9248,0.89502,0.87012,0.8501,0.83496,0.82471,0.81982,0.82471,0.81006,0.81494,0.81006,0.81982,0.81494,0.83008,0.83496,0.86475,0.83008,0.82471,0.7998,0.81494,0.78516,0.77979,0.79492,0.7998,0.78516,0.76514,0.77979,0.75977,0.77979,0.7998,0.7749,0.77979,0.79492,0.75488,0.78516,0.7998,0.77979,0.79492,0.81494,0.78516,0.77979,0.79492,0.81006,0.77979,0.80469,0.7998,0.79492,0.79004,0.7998,0.81006,0.82471,0.77979,0.78516,0.82471,0.81494,0.80469,0.7998,0.83984,0.7998,0.83496,0.80469,0.83008,0.81006,0.81006,0.7998,0.82471,0.83496,0.82471,0.80469,0.81006,0.80469,0.81982,0.82471,0.79492,0.7749,0.7998,0.82471,0.7749,0.77002,0.80469,0.81982,0.77002,0.7998,0.79004,0.80469,0.7998,0.84473,0.79492,0.88477,0.89014,0.87012,0.81982,0.75977,0.72998,0.75977,0.76514,0.75488,0.77979,0.81982,0.82471,0.81494,0.79004,0.79492,0.7998,0.83984,1.0347,1.3296,1.4697,1.5,1.5,1.0298,0.83008,0.75488,0.75488,0.72998,0.73486,0.72998,0.73486,0.73486,0.75488,0.74512,0.75977,0.75488,0.75977,0.75977,0.7749,0.77979,0.7749,0.77979,0.78516,0.7998,0.7998,0.80469,0.7998,0.81494,0.81494,0.82471,0.82471,0.82471,0.81982,0.82471,0.81982,0.83008,0.82471,0.83496,0.83984,0.8501,0.84473,0.8501,0.8501,0.8501,0.85498,0.8501,0.85986,0.84473,0.85498,0.8501,0.84473,0.83984,0.84473,0.83496,0.83984,0.83008,0.84473,0.83496,0.84473,0.83984,0.84473,0.83984,0.8501,0.83496,0.83984,0.83496,0.83984,0.83496,0.83008,0.83984,0.82471,0.82471,0.83008,0.83496,0.82471,0.82471,0.81982,0.82471,0.80469,0.82471,0.83984,0.87012,0.86475,0.89014,0.875,0.86475,0.83496,0.80469,0.76514,0.75977,0.77979,0.7998,0.78516,0.79492,0.80469,0.7998,0.81006,0.7998,0.81006,0.78516,0.81006,0.93994,1.25,1.4746,1.5,1.5,1.23,0.95508,0.80469,0.75,0.72998,0.74512,0.71484,0.71973,0.72998,0.71973,0.75,0.75488,0.75488,0.75,0.7749,0.78516,0.77002,0.78516,0.7998,0.78516,0.77979,0.80469,0.81494,0.83008,0.81982,0.81494,0.82471,0.84473,0.8501,0.82471,0.83496,0.82471,0.84473,0.82471,0.85498,0.86475,0.83496,0.8501,0.85498,0.8501,0.8501,0.83984,0.83008,0.8501,0.82471,0.81006,0.8501,0.83496,0.83984,0.81982,0.83008,0.82471,0.83008,0.83008,0.83984,0.82471,0.83496,0.83008,0.83496,0.82471,0.83008,0.81494,0.7998,0.82471,0.83008,0.81494,0.7998,0.81006,0.83008,0.84473,0.83008,0.81982,0.7998,0.83008,0.82471,0.84473,0.83984,0.875,0.875,0.89014,0.89502,0.86475,0.83984,0.81982,0.76514,0.75488,0.7749,0.7998,0.80469,0.81494,0.81982,0.81006,0.82471,0.81982,0.83008,0.80469,0.83496,0.9751,1.2798,1.4849,1.5,1.5,1.1797,0.90967,0.79492,0.75488,0.75977,0.75488,0.75977,0.75488,0.76514,0.7749,0.75977,0.77979,0.7749,0.77979,0.78516,0.79004,0.78516,0.7998,0.7998,0.80469,0.7998,0.81494,0.81006,0.82471,0.82471,0.83008,0.82471,0.83984,0.83496,0.84473,0.83496,0.84473,0.83984,0.8501,0.84473,0.83984,0.85498,0.8501,0.84473,0.84473,0.8501,0.83496,0.8501,0.84473,0.8501,0.84473,0.8501,0.84473,0.85498,0.8501,0.875,0.85986,0.8501,0.84473,0.85498,0.83496,0.83984,0.82471,0.81982,0.82471,0.83008,0.81494,0.82471,0.84473,0.83008,0.83496,0.82471,0.83008,0.84473,0.83008,0.81982,0.84473,0.83496,0.82471,0.83984,0.8501,0.8501,0.85986,0.88477,0.90967,0.89014,0.875,0.83984,0.81982,0.77979,0.76514,0.77979,0.7998,0.80469,0.81006,0.81982,0.80469,0.83008,0.81982,0.82471,0.78516,0.84473,0.97998,1.2949,1.5,1.5,1.5,1.1948,0.91992,0.80469,0.75488,0.75488,0.75,0.73975,0.73486,0.75488,0.75977,0.75488,0.7749,0.77002,0.7749,0.75977,0.77979,0.78516,0.79004,0.78516,0.7998,0.7998,0.81006,0.81006,0.82471,0.81494,0.83008,0.82471,0.83496,0.82471,0.83008,0.82471,0.83984,0.83496,0.83008,0.84473,0.83496,0.8501,0.83984,0.8501,0.8501,0.8501,0.8501,0.8501,0.84473,0.8501,0.84473,0.8501,0.83984,0.8501,0.84473,0.85498,0.8501,0.8501,0.84473,0.8501,0.8501,0.85986,0.86475,0.8501,0.86475,0.8501,0.85986,0.8501,0.85498,0.84473,0.8501,0.84473,0.8501,0.84473,0.8501,0.84473,0.8501,0.83984,0.8501,0.83984,0.8501,0.84473,0.875,0.87988,0.8999,0.91504,0.91504,0.88477,0.87012,0.82471,0.77979,0.7749,0.79492,0.81982,0.81494,0.83008,0.82471,0.83984,0.83008,0.8501,0.82471,0.83496,0.85498,1.0698,1.3599,1.5,1.5,1.5,1.1196,0.91504,0.79004,0.77002,0.75488,0.75,0.75488,0.75,0.76514,0.77002,0.7749,0.77002,0.77979,0.77979,0.79492,0.78516,0.7998,0.79492,0.81006,0.80469,0.81494,0.81494,0.82471,0.81982,0.83008,0.83008,0.84473,0.83496,0.84473,0.8501,0.83984,0.8501,0.83984,0.85498,0.8501,0.86475,0.8501,0.86475,0.85498,0.86475,0.85498,0.86475,0.85986,0.86475,0.85498,0.85986,0.8501,0.85986,0.8501,0.85986,0.8501,0.85986,0.8501,0.8501,0.84473,0.8501,0.83984,0.84473,0.8501,0.83496,0.84473,0.83008,0.84473,0.83008,0.83984,0.83008,0.83984,0.83008,0.83984,0.83008,0.83496,0.82471,0.83496,0.82471,0.83984,0.8501,0.87988,0.87988,0.8999,0.90479,0.875,0.85498,0.81982,0.7749,0.76514,0.78516,0.79492,0.7998,0.7998,0.81006,0.80469,0.81006,0.80469,0.81494,0.79492,0.83008,0.96484,1.27,1.4849,1.5,1.5,1.1899,0.94971,0.79492,0.75,0.73486,0.72998,0.72998,0.73486,0.72998,0.74512,0.73486,0.75488,0.75,0.76514,0.75977,0.7749,0.76514,0.77979,0.7749,0.79004,0.78516,0.7998,0.7998,0.81494,0.81006,0.82471,0.82471,0.82471,0.83008,0.82471,0.82471,0.83496,0.84473,0.83496,0.8501,0.83984,0.8501,0.8501,0.85498,0.8501,0.85498,0.8501,0.85498,0.84473,0.8501,0.83984,0.8501,0.84473,0.85498,0.84473,0.8501,0.84473,0.8501,0.84473,0.8501,0.84473,0.8501,0.83496,0.83008,0.83984,0.83008,0.83496,0.83008,0.83496,0.82471,0.83984,0.83008,0.83984,0.82471,0.83984,0.83008,0.84473,0.82471,0.83984,0.83008,0.8501,0.85498,0.87988,0.88477,0.8999,0.90479,0.875,0.83984,0.80469,0.7749,0.76514,0.7998,0.80469,0.81006,0.80469,0.82471,0.81494,0.83008,0.82471,0.83008,0.7998,0.84473,1.0498,1.355,1.5,1.5,1.5,1.0947,0.89502,0.7749,0.75,0.73975,0.73486,0.73975,0.75,0.73975,0.75488,0.75488,0.76514,0.75977,0.77979,0.7749,0.77979,0.77979,0.79004,0.78516,0.7998,0.79492,0.80469,0.81006,0.81982,0.81494,0.82471,0.81982,0.82471,0.83008,0.83496,0.83984,0.83496,0.8501,0.84473,0.85498,0.8501,0.86475,0.85498,0.86475,0.85498,0.85986,0.85498,0.86475,0.85498,0.86475,0.85498,0.86475,0.8501,0.85986,0.8501,0.85498,0.8501,0.85498,0.84473,0.8501,0.84473,0.83984,0.8501,0.83984,0.84473,0.83496,0.84473,0.8501,0.85986,0.8501,0.8501,0.84473,0.85498,0.83984,0.83984,0.82471,0.83496,0.82471,0.83008,0.81982,0.84473,0.8501,0.87012,0.875,0.89014,0.89502,0.875,0.85986,0.83008,0.79004,0.73975,0.76514,0.79492,0.80469,0.7998,0.82471,0.83496,0.81982,0.81006,0.82471,0.79492,0.81982,0.90967,1.2246,1.4497,1.5,1.5,1.3149,0.96973,0.83008,0.76514,0.75488,0.73486,0.73975,0.75488,0.75,0.75488,0.73975,0.75977,0.77002,0.79004,0.76514,0.77979,0.79004,0.78516,0.77979,0.81006,0.81494,0.81006,0.79492,0.82471,0.83496,0.83984,0.81006,0.82471,0.83008,0.81982,0.84473,0.83496,0.8501,0.84473,0.8501,0.84473,0.85498,0.83984,0.8501,0.84473,0.85986,0.84473,0.8501,0.8501,0.85986,0.8501,0.85498,0.8501,0.85498,0.84473,0.8501,0.84473,0.8501,0.84473,0.8501,0.84473,0.84473,0.8501,0.84473,0.8501,0.83984,0.8501,0.84473,0.8501,0.83496,0.84473,0.83008,0.84473,0.83008,0.83984,0.82471,0.83984,0.82471,0.83496,0.83984,0.83008,0.83984,0.85498,0.86475,0.88477,0.89502,0.89502,0.87988,0.85986,0.83496,0.78516,0.75977,0.75488,0.7998,0.7998,0.81006,0.80469,0.82471,0.81006,0.82471,0.81494,0.80469,0.81494,0.9248,1.2046,1.4399,1.5,1.5,1.29,0.95996,0.79492,0.75488,0.74512,0.72998,0.73975,0.7251,0.75,0.73975,0.75488,0.74512,0.76514,0.75488,0.77002,0.76514,0.77979,0.77002,0.79492,0.78516,0.7998,0.79492,0.7998,0.79492,0.81982,0.82471,0.82471,0.83008,0.81494,0.83008,0.82471,0.84473,0.8501,0.8501,0.8501,0.85498,0.8501,0.85986,0.84473,0.87012,0.8501,0.86475,0.8501,0.86475,0.85498,0.85986,0.8501,0.85498,0.8501,0.8501,0.8501,0.8501,0.84473,0.8501,0.83984,0.84473,0.84473,0.83984,0.8501,0.83984,0.8501,0.83008,0.8501,0.83496,0.84473,0.83496,0.84473,0.83496,0.83984,0.83984,0.83984,0.83496,0.84473,0.83496,0.84473,0.8501,0.83008,0.86475,0.88477,0.89014,0.8999,0.90967,0.87988,0.85986,0.81982,0.77979,0.7749,0.80469,0.7998,0.81494,0.81006,0.82471,0.81982,0.82471,0.81982,0.82471,0.7998,0.83984,1.02,1.3296,1.5,1.5,1.5,1.1396,0.91992,0.79004,0.77002,0.75488,0.75,0.73975,0.75488,0.75,0.75977,0.75488,0.7749,0.76514,0.78516,0.79004,0.80469,0.79004,0.81494,0.7998,0.81006,0.80469,0.81494,0.80469,0.83496,0.84473,0.82471,0.83008,0.82471,0.83496,0.83008,0.8501,0.8501,0.85498,0.84473,0.86475,0.8501,0.87012,0.86475,0.875,0.86475,0.85986,0.86475,0.875,0.86475,0.875,0.87012,0.86475,0.8501,0.875,0.87988,0.85986,0.8501,0.85986,0.84473,0.8501,0.8501,0.84473,0.8501,0.83984,0.8501,0.84473,0.8501,0.84473,0.8501,0.83008,0.8501,0.83496,0.85498,0.8501,0.84473,0.84473,0.84473,0.83984,0.8501,0.85498,0.83008,0.84473,0.83984,0.87988,0.875,0.8999,0.89502,0.89014,0.86475,0.83008,0.79004,0.77002,0.79004,0.83008,0.81006,0.82471,0.81494,0.8501,0.83496,0.84473,0.81982,0.81494,0.83008,0.97998,1.2598,1.4897,1.5,1.5,1.27,0.93994,0.79004,0.75977,0.75,0.73975,0.74512,0.73486,0.74512,0.75,0.75488,0.75,0.75488,0.75488,0.7749,0.76514,0.7749,0.76514,0.7749,0.78516,0.77979,0.7998,0.79492,0.80469,0.81006,0.81494,0.81006,0.82471,0.83008,0.83496,0.83008,0.83984,0.82471,0.83984,0.83496,0.8501,0.84473,0.85498,0.83984,0.8501,0.83984,0.8501,0.83496,0.84473,0.8501,0.84473,0.8501,0.83496,0.84473,0.83496,0.83984,0.83496,0.83984,0.82471,0.83984,0.83008,0.83984,0.83008,0.83984,0.83496,0.84473,0.82471,0.83984,0.82471,0.83008,0.82471,0.82471,0.82471,0.82471,0.81982,0.82471,0.81006,0.82471,0.82471,0.81982,0.83008,0.81982,0.83008,0.83984,0.85986,0.86475,0.88477,0.87988,0.88477,0.8501,0.83008,0.78516,0.77002,0.7749,0.79492,0.78516,0.7998,0.80469,0.7998,0.81006,0.7998,0.81006,0.79004,0.7998,0.89502,1.165,1.4199,1.5,1.5,1.3198,1,0.83008,0.75,0.73975,0.72998,0.73975,0.72998,0.75,0.73975,0.75488,0.75,0.75977,0.76514,0.75977,0.77002,0.76514,0.7749,0.77979,0.78516,0.77979,0.7998,0.79492,0.7998,0.7998,0.81494,0.81006,0.81982,0.81006,0.81982,0.81982,0.83496,0.82471,0.84473,0.83984,0.84473,0.83984,0.8501,0.83496,0.8501,0.83496,0.83984,0.83008,0.83496,0.83008,0.83984,0.8501,0.83984,0.8501,0.83984,0.8501,0.83984,0.8501,0.83984,0.84473,0.83008,0.84473,0.84473,0.85498,0.84473,0.8501,0.82471,0.83496,0.82471,0.82471,0.83008,0.82471,0.81982,0.83496,0.83984,0.81494,0.82471,0.82471,0.83496,0.83008,0.82471,0.81982,0.84473,0.85498,0.875,0.87012,0.89502,0.87988,0.86475,0.84473,0.81494,0.75977,0.75488,0.77979,0.81006,0.79004,0.80469,0.81494,0.81006,0.81494,0.7998,0.81494,0.7998,0.82471,0.95508,1.2549,1.4849,1.5,1.5,1.1948,0.93994,0.7998,0.72998,0.74512,0.73975,0.73975,0.72998,0.75488,0.75488,0.75488,0.75,0.75977,0.76514,0.75977,0.79004,0.77979,0.77979,0.7749,0.7998,0.7998,0.80469,0.7998,0.80469,0.81494,0.82471,0.81494,0.8501,0.83008,0.82471,0.83496,0.84473,0.83008,0.84473,0.83008,0.84473,0.83984,0.8501,0.8501,0.8501,0.83984,0.84473,0.83496,0.83008,0.84473,0.83496,0.84473,0.83496,0.8501,0.83984,0.8501,0.83496,0.8501,0.83984,0.84473,0.83496,0.84473,0.83984,0.8501,0.83984,0.84473,0.83984,0.83984,0.82471,0.83496,0.82471,0.83008,0.83496,0.82471,0.83496,0.82471,0.83496,0.81982,0.82471,0.81982,0.82471,0.81982,0.83008,0.83008,0.85986,0.8501,0.875,0.87988,0.86475,0.83984,0.81982,0.77002,0.75,0.75488,0.79004,0.78516,0.7998,0.80469,0.7998,0.81006,0.80469,0.81494,0.78516,0.80469,0.90479,1.1948,1.4248,1.5,1.5,1.2646,0.93994,0.78516,0.72998,0.73486,0.7251,0.71973,0.7251,0.72998,0.72998,0.73975,0.73975,0.75,0.75488,0.74512,0.75488,0.75977,0.77002,0.75977,0.7749,0.77002,0.78516,0.77979,0.79492,0.78516,0.81006,0.80469,0.81494,0.80469,0.81982,0.81494,0.81982,0.82471,0.82471,0.82471,0.83008,0.82471,0.83008,0.82471,0.82471,0.83008,0.81982,0.83008,0.83008,0.83984,0.82471,0.83496,0.83008,0.83496,0.83008,0.83496,0.82471,0.83496,0.82471,0.83496,0.82471,0.83008,0.82471,0.81982,0.82471,0.81982,0.82471,0.81982,0.82471,0.81494,0.82471,0.81494,0.81982,0.81006,0.81982,0.81006,0.81494,0.81006,0.82471,0.81494,0.82471,0.81494,0.83008,0.8501,0.87988,0.88477,0.87988,0.89502,0.88477,0.85498,0.82471,0.78516,0.76514,0.7749,0.79492,0.7998,0.77979,0.7998,0.80469,0.81494,0.80469,0.81494,0.79004,0.81494,0.87012,1.1396,1.395,1.5,1.5,1.3896,1.0347,0.86475,0.75488,0.75488,0.75,0.73975,0.75,0.74512,0.73486,0.75488,0.75488,0.77002,0.75488,0.7749,0.76514,0.7749,0.7998,0.78516,0.78516,0.79004,0.80469,0.80469,0.81982,0.82471,0.83496,0.83008,0.83984,0.83496,0.84473,0.83008,0.83496,0.8501,0.84473,0.84473,0.8501,0.85498,0.8501,0.85986,0.85986,0.8501,0.8501,0.8501,0.8501,0.8501,0.84473,0.8501,0.83984,0.85498,0.84473,0.85986,0.84473,0.8501,0.83008,0.8501,0.83984,0.83984,0.83496,0.83984,0.84473,0.83496,0.84473,0.83008,0.84473,0.83496,0.83984,0.83496,0.83984,0.82471,0.83496,0.82471,0.83984,0.83008,0.83496,0.82471,0.83008,0.82471,0.83496,0.83008,0.8501,0.86475,0.875,0.88477,0.89502,0.87988,0.86475,0.83008,0.78516,0.75977,0.7749,0.7998,0.7998,0.81006,0.80469,0.81982,0.81494,0.82471,0.81006,0.80469,0.81006,0.91504,1.1948,1.4497,1.5,1.5,1.2749,0.96484,0.79004,0.75977,0.74512,0.73486,0.73975,0.72998,0.74512,0.73486,0.75488,0.75,0.75488,0.75977,0.77002,0.76514,0.7749,0.76514,0.77979,0.77979,0.79004,0.78516,0.7998,0.7998,0.81006,0.81006,0.82471,0.81494,0.82471,0.81982,0.82471,0.83008,0.82471,0.83496,0.82471,0.83984,0.82471,0.83496,0.82471,0.83496,0.82471,0.83984,0.83008,0.84473,0.83496,0.8501,0.83496,0.84473,0.83496,0.83984,0.82471,0.83008,0.82471,0.83008,0.83496,0.82471,0.81982,0.81982,0.82471,0.81494,0.82471,0.81494,0.82471,0.81494,0.82471,0.81494,0.81982,0.81006,0.82471,0.81982,0.82471,0.81982,0.82471,0.81006,0.82471,0.81982,0.82471,0.81982,0.81494,0.84473,0.86475,0.875,0.88477,0.89502,0.86475,0.84473,0.80469,0.7749,0.75977,0.78516,0.79004,0.7998,0.7998,0.81494,0.80469,0.81494,0.81006,0.81494,0.79004,0.81494,0.94482,1.2397,1.46,1.5,1.5,1.2046,0.95508,0.7998,0.75977,0.75488,0.74512,0.73975,0.75,0.73486,0.75488,0.75,0.77002,0.75488,0.77002,0.75488,0.77002,0.76514,0.77979,0.79004,0.80469,0.77979,0.79492,0.7998,0.81006,0.81494,0.83496,0.83984,0.82471,0.81982,0.81494,0.8501,0.8501,0.83496,0.84473,0.85498,0.84473,0.8501,0.8501,0.85986,0.8501,0.86475,0.8501,0.84473,0.8501,0.86475,0.8501,0.8501,0.83008,0.84473,0.8501,0.85498,0.84473,0.83984,0.84473,0.82471,0.85498,0.84473,0.82471,0.81982,0.84473,0.83008,0.83496,0.81494,0.82471,0.82471,0.83496,0.82471,0.82471,0.83008,0.84473,0.82471,0.83496,0.84473,0.83008,0.84473,0.83008,0.83984,0.82471,0.83496,0.8501,0.85986,0.87012,0.88477,0.89014,0.8999,0.87012,0.875,0.81982,0.79004,0.7749,0.7998,0.81006,0.81494,0.81982,0.81494,0.82471,0.82471,0.82471,0.81982,0.81006,0.83984,1.0049,1.2949,1.4946,1.5,1.5,1.1748,0.90479,0.77979,0.75488,0.75,0.74512,0.73975,0.75488,0.74512,0.75488,0.75488,0.75977,0.75977,0.7749,0.77002,0.77979,0.77002,0.77979,0.79004,0.78516,0.79004,0.7998,0.81006,0.80469,0.82471,0.81982,0.82471,0.83008,0.83984,0.83496,0.84473,0.83496,0.8501,0.84473,0.8501,0.84473,0.8501,0.84473,0.8501,0.83496,0.84473,0.83496,0.84473,0.8501,0.83984,0.8501,0.84473,0.8501,0.83496,0.84473,0.83984,0.8501,0.83496,0.83984,0.82471,0.83496,0.82471,0.83008,0.82471,0.83496,0.82471,0.83984,0.83496,0.83984,0.83008,0.83496,0.82471,0.83496,0.82471,0.83496,0.83984,0.82471,0.83984,0.82471,0.83008,0.81982,0.82471,0.81494,0.82471,0.82471,0.84473,0.85498,0.875,0.875,0.89502,0.87012,0.85986,0.81982,0.79492,0.77002,0.78516,0.79004,0.80469,0.7998,0.80469,0.7998,0.81494,0.82471,0.81494,0.7998,0.79492,0.87988,1.1348,1.4146,1.5,1.5,1.3496,1.0347,0.85986,0.77979,0.74512,0.74512,0.73975,0.74512,0.72998,0.75,0.75488,0.75977,0.75488,0.7749,0.77002,0.76514,0.79492,0.78516,0.77979,0.79004,0.7998,0.7998,0.81006,0.80469,0.81982,0.81982,0.83984,0.82471,0.83008,0.82471,0.8501,0.83496,0.8501,0.83008,0.8501,0.83984,0.86475,0.8501,0.8501,0.8501,0.85498,0.8501,0.84473,0.8501,0.83984,0.85986,0.84473,0.8501,0.84473,0.85986,0.83496,0.84473,0.8501,0.8501,0.83496,0.82471,0.7998,0.79492,0.7998,0.68506,0.56006,0.47998,0.33008,0.3252,0.47998,0.53516,0.61475,0.54004,0.43018,0.41016,0.52979,0.6001,0.66992,0.75977,0.875,0.94482,0.96484,1.0049,1.0801,1.0947,1.105,1.105,1.125,1.1499,1.1748,1.1797,1.2148,1.2397,1.27,1.29,1.3198,1.3398,1.3599,1.3647,1.3647,1.3599,1.3296,1.3096,1.2598,1.2148,1.1499,1.105,1.04,0.99512,0.93994,0.91504,0.87012,0.8501,0.81494,0.80469,0.77979,0.77979,0.76514,0.77002,0.75488,0.75488,0.75488,0.75488,0.75977,0.75488,0.76514,0.75488,0.75488,0.75,0.75488,0.75,0.75488,0.74512,0.75488,0.74512,0.75,0.74512,0.75488,0.73975,0.75488,0.75,0.75488,0.75,0.75488,0.75488,0.75488,0.75977,0.75488,0.76514,0.75488,0.76514,0.75488,0.7749,0.76514,0.7749,0.7749,0.77979,0.77979,0.78516,0.77979,0.79004,0.77979,0.79492,0.78516,0.7998,0.78516,0.79492,0.79004,0.79492,0.7998,0.79492,0.7998,0.79004,0.7998,0.79004,0.7998,0.79492,0.80469,0.7998,0.81006,0.7998,0.80469,0.7998,0.81982,0.80469,0.81494,0.80469,0.82471,0.80469,0.82471,0.82471,0.8501,0.85498,0.87988,0.89014,0.875,0.85498,0.82471,0.78516,0.76514,0.78516,0.79492,0.80469,0.79004,0.81006,0.80469,0.81494,0.7998,0.80469,0.78516,0.83496,1.0347,1.3447,1.5,1.5,1.4697,1.0747,0.78516,0.81006,0.81494,0.80469,0.7998,0.81982,0.82471,0.81982,0.82471,0.81006,0.81494,0.83008,0.83984,0.83496,0.8501,0.83984,0.8501,0.8501,0.8501,0.8501,0.85498,0.83984,0.85498,0.8501,0.8501,0.8501,0.87012,0.84473,0.83496,0.85986,0.83984,0.85498,0.84473,0.82471,0.84473,0.8501,0.82471,0.83008,0.82471,0.83984,0.83008,0.83008,0.82471,0.83008,0.81982,0.82471,0.81982,0.82471,0.82471,0.83008,0.81006,0.82471,0.81982,0.81494,0.81982,0.82471,0.81494,0.81006,0.82471,0.84473,0.85498,0.87988,0.89014,0.86475,0.84473,0.81006,0.7749,0.75488,0.77979,0.7998,0.80469,0.7998,0.81982,0.81006,0.82471,0.81494,0.81006,0.79492,0.81982,0.91992,1.2197,1.4497,1.5,1.5,1.3047,0.94971,0.79004,0.75488,0.74512,0.75,0.73486,0.74512,0.74512,0.75488,0.75,0.75977,0.75488,0.77002,0.75977,0.7749,0.76514,0.77979,0.77979,0.78516,0.79004,0.7998,0.7998,0.7998,0.80469,0.81982,0.82471,0.81006,0.83008,0.81982,0.82471,0.82471,0.83008,0.82471,0.83496,0.82471,0.83984,0.83496,0.84473,0.83496,0.83984,0.83008,0.84473,0.83008,0.83984,0.83984,0.84473,0.83008,0.83984,0.83008,0.83496,0.84473,0.83008,0.83984,0.83496,0.83984,0.82471,0.83984,0.82471,0.83008,0.82471,0.83984,0.83008,0.83984,0.83496,0.83984,0.83008,0.83496,0.82471,0.83496,0.82471,0.83496,0.82471,0.83496,0.83984,0.82471,0.83496,0.82471,0.83496,0.83008,0.85498,0.875,0.89502,0.8999,0.90967,0.875,0.85498,0.81006,0.78516,0.77002,0.79492,0.7998,0.80469,0.7998,0.81494,0.81006,0.81982,0.81006,0.80469,0.7998,0.83008,1.0146,1.3247,1.5,1.5,1.5,1.1348,0.92969,0.79004,0.7749,0.75488,0.75,0.73486,0.75488,0.75,0.75488,0.75,0.77002,0.75977,0.77979,0.7749,0.78516,0.78516,0.78516,0.77979,0.81006,0.81494,0.7998,0.81006,0.7998,0.82471,0.81006,0.83008,0.83008,0.82471,0.82471,0.84473,0.82471,0.8501,0.84473,0.8501,0.84473,0.86475,0.875,0.8501,0.8501,0.85498,0.8501,0.85986,0.75488,0.73486,0.75,0.84473,0.73486,0.75,0.74512,0.76514,0.75488,0.78516,0.81494,0.80469,0.83008,0.75,0.85986,0.7749,0.82471,0.76514,0.81982,0.81006,0.84473,0.875,0.85498,0.81006,0.85986,0.89014,0.83008,0.80469,0.84473,0.875,0.83984,0.87988,0.85498,0.875,0.80469,0.83496,0.8501,0.84473,0.88477,0.82471,0.81982,0.87988,0.7998,0.8501,0.81494,0.85986,0.81982,0.84473,0.8501,0.81982,0.81494,0.85498,0.81006,0.85498,0.80469,0.77979,0.81494,0.82471,0.80469,0.7998,0.87012,0.83984,0.81982,0.83008,0.81494,0.80469,0.81982,0.81006,0.82471,0.87012,0.81494,0.7998,0.81494,0.85498,0.86475,0.875,0.87012,0.91504,0.85498,0.8501,0.83008,0.8999,0.74512,0.72998,0.77002,0.81982,0.81006,0.75977,0.83496,0.87012,0.79492,0.83984,0.75488,0.80469,0.89502,1.105,1.4448,1.5,1.5,1.4897,1.0947,0.84473,0.78516,0.80469,0.70508,0.73486,0.77979,0.71484,0.70996,0.81982,0.72998,0.77979,0.7998,0.72998,0.75488,0.77002,0.7998,0.77002,0.91992,0.72998,0.79004,0.80469,0.7749,0.85986,0.80469,0.7998,0.88477,0.82471,0.78516,0.77002,0.86475,0.87012,0.83496,0.91504,0.79492,0.78516,0.83984,0.82471,0.84473,0.87988,0.8999,0.85498,0.9248,0.7998,0.81494,0.90967,0.80469,0.83008,0.87012,0.81982,0.83984,0.85498,0.7998,0.91992,0.80469,0.79004,0.88477,0.80469,0.7998,0.86475,0.875,0.81982,0.87012,0.82471,0.80469,0.85498,0.89502,0.82471,0.85498,0.87012,0.74512,0.7749,0.84473,0.83008,0.8501,0.7998,0.8999,0.83496,0.96484,0.99512,0.81494,0.80469,0.87012,0.82471,0.75977,0.73486,0.75488,0.83984,0.7749,0.81982,0.85498,0.81494,0.875,0.77002,0.81982,0.8501,0.75,0.95996,1.27,1.4448,1.5,1.5,1.2598,1.0098,0.87988,0.7251,0.68018,0.75488,0.78516,0.74512,0.78516,0.68994,0.7749,0.84473,0.72998,0.77979,0.75,0.83496,0.69482,0.77979,0.83984,0.74512,0.81006,0.83496,0.82471,0.85986,0.82471,0.77979,0.87012,0.94482,0.77002,0.81006,0.83496,0.82471,0.875,0.8501,0.82471,0.875,0.91992,0.77002,0.81494,0.8501,0.90967,0.91504,0.81006,0.83984,0.875,0.89014,0.83496,0.85986,0.8501,0.91992,0.78516,0.81494,0.7998,0.8501,0.87988,0.85498,0.96973,0.75977,0.7998,0.84473,0.78516,0.83008,0.85498,0.81006,0.85498,0.83496,0.90479,0.9248,0.7749,0.7998,0.80469,0.81982,0.88477,0.875,0.83984,0.83008,0.78516,0.83008,0.93994,0.95996,0.83984,0.85498,0.86475,0.81006,0.7998,0.79004,0.7998,0.78516,0.82471,0.77979,0.80469,0.76514,0.83984,0.76514,0.79492,0.83008,0.86475,0.84473,1.0098,1.355,1.5,1.5,1.5,1.105,0.83496,0.79004,0.73975,0.72998,0.73486,0.7002,0.72998,0.73975,0.75,0.76514,0.72998,0.76514,0.75488,0.78516,0.75977,0.7749,0.77979,0.75488,0.82471,0.75488,0.83008,0.79004,0.75977,0.81006,0.80469,0.82471,0.81006,0.81982,0.8501,0.80469,0.89014,0.81006,0.85498,0.83496,0.86475,0.81494,0.82471,0.81006,0.87012,0.89014,0.85986,0.80469,0.87012,0.83496,0.87012,0.82471,0.81494,0.87012,0.91504,0.79492,0.79004,0.89014,0.82471,0.76514,0.81494,0.8501,0.80469,0.81006,0.85498,0.89502,0.90479,0.87012,0.83496,0.87012,0.88477,0.84473,0.87988,0.79492,0.75,0.74512,0.81006,0.77979,0.85498,0.7749,0.7251,0.78516,0.7749,1.2349,1.4897,1.5,1.5,1.3198,1.02,0.79492,0.72998,0.71484,0.83496,0.71973,0.64014,0.66992,0.69482,0.73975,0.68018,0.76514,0.7749,0.74512,0.75977,0.71973,0.7749,0.84473,0.68018,0.75977,0.82471,0.81494,0.82471,0.8501,0.77979,0.7749,0.8501,0.85986,0.75488,0.82471,0.80469,0.90967,0.79004,0.85986,0.87012,0.81006,0.83984,0.81006,0.8501,0.81982,0.875,0.89014,0.84473,0.89014,0.7749,0.81982,0.875,0.84473,0.82471,0.87012,0.88477,0.78516,0.81494,0.94482,0.77979,0.7749,0.83496,0.85986,0.75488,0.82471,0.85986,0.82471,0.7998,0.8501,0.83008,0.81494,0.83984,0.80469,0.87012,0.91992,0.80469,0.77979,0.82471,0.81494,0.85986,0.79004,0.87012,0.8999,0.7998,0.87988,0.90967,0.75488,0.8501,0.92969,0.85498,0.79492,0.77979,0.89502,0.83984,0.875,0.93506,0.94971,0.90479,0.89014,0.77002,0.73975,0.77979,0.875,0.76514,0.85498,0.7998,0.81006,0.75977,0.83008,0.90479,0.80469,0.83984,0.88477,1.0898,1.395,1.5,1.5,1.5,1.1001,0.875,0.79004,0.71484,0.73975,0.73486,0.80469,0.68506,0.73975,0.79492,0.81494,0.75977,0.72998,0.7749,0.75977,0.73975,0.81006,0.74512,0.72998,0.7998,0.81494,0.84473,0.8501,0.73975,0.81006,0.87012,0.76514,0.83008,0.81006,0.90967,0.93994,0.75488,0.80469,0.82471,0.85498,0.82471,0.84473,0.81494,0.8501,0.86475,0.83984,0.91504,0.83984,0.83008,0.7998,0.79492,0.82471,0.83496,0.83008,0.83496,0.84473,0.8501,0.83984,0.91504,0.81006,0.7749,0.82471,0.84473,0.81982,0.82471,0.85498,0.82471,0.81006,0.85498,0.81982,0.82471,0.81982,0.8501,0.86475,0.7998,0.81006,0.82471,0.81494,0.83984,0.82471,0.84473,0.7998,0.83984,0.87012,0.8999,0.85498,0.87988,0.89502,0.83984,0.83496,0.78516,0.75488,0.77979,0.80469,0.79492,0.78516,0.81006,0.79004,0.81006,0.81494,0.7998,0.7998,0.81982,0.91992,1.1997,1.4448,1.5,1.5,1.2847,1.0249,0.81982,0.73975,0.72998,0.73975,0.73486,0.75,0.77002,0.74512,0.76514,0.75,0.76514,0.75488,0.76514,0.79004,0.79492,0.78516,0.76514,0.79492,0.7998,0.77979,0.80469,0.83496,0.875,0.80469,0.7998,0.83984,0.84473,0.85498,0.86475,0.85498,0.86475,0.82471,0.86475,0.89502,0.83984,0.84473,0.82471,0.83496,0.84473,0.8501,0.86475,0.8501,0.83984,0.84473,0.83984,0.85498,0.875,0.85498,0.85986,0.83008,0.80469,0.83984,0.84473,0.83496,0.82471,0.83984,0.83008,0.83984,0.8501,0.8501,0.85498,0.83984,0.7998,0.82471,0.83984,0.83008,0.85498,0.81006,0.83008,0.8501,0.85498,0.83008,0.83496,0.85986,0.875,0.83496,0.8999,0.875,0.89502,0.89014,0.89502,0.82471,0.79492,0.75977,0.77979,0.7998,0.79004,0.89014,0.81494,0.78516,0.81982,0.82471,0.81494,0.85498,0.83496,0.98486,1.2446,1.5,1.5,1.5,1.2397,1.0098,0.77002,0.73975,0.72998,0.77979,0.78516,0.75977,0.74512,0.78516,0.73975,0.7749,0.75977,0.78516,0.79004,0.75488,0.79004,0.80469,0.81006,0.79492,0.84473,0.79492,0.81006,0.81982,0.81006,0.8501,0.8501,0.82471,0.83984,0.87988,0.85498,0.83984,0.8501,0.84473,0.86475,0.875,0.87012,0.87012,0.89014,0.85498,0.83496,0.82471,0.84473,0.86475,0.83984,0.86475,0.84473,0.8501,0.8501,0.87012,0.85498,0.8501,0.83984,0.88477,0.91504,0.8501,0.81494,0.83984,0.83496,0.8501,0.85498,0.8501,0.84473,0.83984,0.86475,0.83008,0.83984,0.8501,0.80469,0.83008,0.84473,0.81494,0.8501,0.84473,0.84473,0.81006,0.83008,0.82471,0.87988,0.89014,0.87988,0.89502,0.87988,0.84473,0.79492,0.77979,0.77002,0.81494,0.80469,0.7998,0.80469,0.81006,0.80469,0.88477,0.79004,0.76514,0.78516,0.8501,1.0249,1.3296,1.5,1.5,1.5,1.1396,0.92969,0.76514,0.75,0.77002,0.75488,0.73975,0.74512,0.75,0.73975,0.72998,0.79004,0.76514,0.75,0.79492,0.81006,0.76514,0.81006,0.81982,0.76514,0.79004,0.81494,0.80469,0.79492,0.7998,0.83008,0.87988,0.89014,0.79492,0.77979,0.7998,0.82471,0.84473,0.83984,0.8501,0.85986,0.86475,0.8501,0.85498,0.83984,0.8501,0.83984,0.84473,0.83984,0.8501,0.83984,0.85498,0.86475,0.85986,0.8501,0.8501,0.86475,0.85498,0.81494,0.81006,0.82471,0.83984,0.83496,0.84473,0.8501,0.83984,0.83984,0.87012,0.83008,0.81006,0.85498,0.81982,0.81982,0.82471,0.83496,0.82471,0.8501,0.8501,0.8501,0.82471,0.87012,0.85986,0.89502,0.8999,0.9248,0.84473,0.81494,0.77979,0.75977,0.77979,0.81494,0.83984,0.79004,0.83496,0.82471,0.83496,0.81494,0.78516,0.7749,0.81006,0.89014,1.1548,1.4199,1.5,1.5,1.3599,1.02,0.83496,0.75977,0.74512,0.72998,0.75,0.75488,0.73975,0.75977,0.77002,0.77979,0.77002,0.78516,0.77002,0.77979,0.77979,0.79492,0.77979,0.81006,0.7998,0.81494,0.7998,0.83496,0.81982,0.82471,0.80469,0.8501,0.84473,0.87012,0.88477,0.83496,0.81982,0.81006,0.82471,0.8501,0.83984,0.86475,0.85498,0.91504,0.9248,0.83496,0.875,0.81006,0.80469,0.81494,0.7998,0.82471,0.82471,0.83496,0.83984,0.8501,0.8501,0.84473,0.83008,0.82471,0.83984,0.82471,0.83008,0.81006,0.82471,0.81494,0.80469,0.83008,0.82471,0.83496,0.83008,0.83984,0.82471,0.83008,0.81494,0.85498,0.85986,0.7998,0.7998,0.83008,0.84473,0.875,0.88477,0.89014,0.87012,0.83496,0.81494,0.77979,0.77002,0.78516,0.79492,0.79492,0.80469,0.77979,0.81494,0.80469,0.81006,0.83008,0.83008,0.84473,0.83496,0.83984,0.83008,0.83496,0.82471,0.83984,0.83008,0.83984,0.82471,0.83496,0.82471,0.83984,0.83008,0.82471,0.83496,0.82471,0.83496,0.82471,0.83496,0.82471,0.83008,0.81494,0.81494,0.81006,0.82471,0.81494,0.81982,0.81494,0.82471,0.81494,0.83008,0.83984,0.85498,0.83496,0.83984,0.81982,0.81006,0.82471,0.81006,0.81982,0.81006,0.81982,0.81494,0.82471,0.81982,0.84473,0.8501,0.87012,0.87988,0.89502,0.88477,0.875,0.83496,0.7998,0.75488,0.7749,0.79492,0.7998,0.82471,0.81494,0.80469,0.83008,0.81494,0.82471,0.83008,0.80469,0.8501,1.02,1.3149,1.5,1.5,1.5,1.1348,0.89502,0.78516,0.75488,0.75488,0.73975,0.75488,0.75,0.74512,0.73975,0.76514,0.75977,0.75977,0.77002,0.77979,0.77979,0.79492,0.77979,0.79492,0.7998,0.7749,0.80469,0.79492,0.81006,0.80469,0.82471,0.7998,0.82471,0.80469,0.82471,0.8501,0.85498,0.83496,0.85986,0.87012,0.8501,0.84473,0.85986,0.85498,0.85986,0.85498,0.85498,0.8501,0.83984,0.8501,0.84473,0.85498,0.83496,0.84473,0.83496,0.8501,0.83496,0.8501,0.84473,0.8501,0.8501,0.86475,0.85986,0.87012,0.85986,0.86475,0.85986,0.86475,0.8501,0.84473,0.8501,0.86475,0.875,0.89014,0.89502,0.88477,0.8999,0.875,0.86475,0.84473,0.82471,0.77979,0.79492,0.81494,0.82471,0.81006,0.83008,0.82471,0.83008,0.82471,0.83496,0.82471,0.81982,0.80469,0.83984,1.0146,1.3096,1.4897,1.5,1.5,1.1299,0.875,0.75977,0.73975,0.7251,0.72998,0.7251,0.73975,0.72998,0.73975,0.72998,0.74512,0.73486,0.74512,0.73975,0.75488,0.75488,0.75977,0.76514,0.75977,0.7749,0.77002,0.77979,0.79492,0.7998,0.7998,0.81006,0.80469,0.81982,0.81006,0.82471,0.82471,0.83008,0.82471,0.83496,0.82471,0.83496,0.83496,0.8501,0.83496,0.8501,0.83496,0.84473,0.8501,0.83984,0.8501,0.83984,0.84473,0.83496,0.84473,0.83496,0.84473,0.83008,0.82471,0.82471,0.82471,0.81494,0.81982,0.81494,0.82471,0.81982,0.82471,0.81982,0.81982,0.81006,0.81982,0.81006,0.81982,0.80469,0.81006,0.81982,0.83496,0.8501,0.86475,0.875,0.86475,0.875,0.8501,0.83496,0.82471,0.79492,0.75488,0.77002,0.78516,0.7998,0.78516,0.7998,0.7998,0.81006,0.80469,0.81982,0.80469,0.7998,0.79492,0.84473,1.0498,1.3496,1.5,1.5,1.5,1.0898,0.88477,0.75977,0.75488,0.75,0.75488,0.73975,0.75,0.74512,0.75488,0.75,0.75977,0.75488,0.7749,0.76514,0.77979,0.77002,0.77979,0.7749,0.78516,0.79004,0.78516,0.79492,0.79004,0.81006,0.82471,0.83496,0.83008,0.82471,0.81982,0.83008,0.82471,0.8501,0.83984,0.83984,0.82471,0.83984,0.82471,0.8501,0.83008,0.83984,0.84473,0.8501,0.83008,0.8501,0.84473,0.8501,0.84473,0.83984,0.83496,0.83984,0.8501,0.83496,0.83496,0.84473,0.8501,0.82471,0.83496,0.83496,0.83984,0.83008,0.83496,0.83496,0.83008,0.82471,0.83008,0.83008,0.83984,0.83984,0.83984,0.84473,0.8501,0.86475,0.875,0.875,0.88477,0.875,0.86475,0.8501,0.83008,0.81982,0.7749,0.77002,0.7998,0.83008,0.81982,0.83008,0.82471,0.83984,0.82471,0.83984,0.84473,0.82471,0.82471,0.875,1.0498,1.3647,1.5,1.5,1.5,1.1499,0.88477,0.7998,0.77002,0.75488,0.75977,0.75488,0.75,0.75977,0.77002,0.75488,0.76514,0.75977,0.77979,0.77002,0.77979,0.77979,0.79004,0.79492,0.79004,0.7998,0.80469,0.81006,0.81982,0.82471,0.83496,0.83984,0.82471,0.83984,0.83496,0.8501,0.83984,0.8501,0.84473,0.8501,0.8501,0.8501,0.84473,0.8501,0.83984,0.8501,0.83008,0.83984,0.82471,0.83496,0.82471,0.83496,0.82471,0.83008,0.82471,0.83008,0.83496,0.82471,0.83496,0.82471,0.83008,0.81982,0.82471,0.81982,0.82471,0.81982,0.83008,0.82471,0.83008,0.81982,0.82471,0.81982,0.82471,0.82471,0.83496,0.82471,0.84473,0.8501,0.87012,0.875,0.87988,0.88477,0.84473,0.83008,0.81982,0.78516,0.75977,0.78516,0.7998,0.81494,0.7998,0.82471,0.81982,0.82471,0.81982,0.82471,0.81006,0.81006,0.81494,0.89502,1.1348,1.4146,1.5,1.5,1.3496,1.0249,0.83984,0.75488,0.75,0.73486,0.75,0.73486,0.75,0.74512,0.75488,0.75,0.75977,0.75977,0.7749,0.77002,0.78516,0.77979,0.79492,0.78516,0.7998,0.7998,0.80469,0.7998,0.81006,0.80469,0.7998,0.81982,0.81006,0.82471,0.81494,0.83496,0.83008,0.86475,0.87012,0.85986,0.83984,0.84473,0.83496,0.83984,0.83008,0.83496,0.81494,0.83496,0.83496,0.84473,0.82471,0.83496,0.83008,0.83496,0.83008,0.83496,0.83496,0.83984,0.82471,0.81982,0.84473,0.81982,0.82471,0.81494,0.82471,0.81006,0.83008,0.81982,0.83496,0.81006,0.82471,0.81494,0.81982,0.82471,0.83008,0.80469,0.82471,0.83496,0.83008,0.83984,0.83008,0.83496,0.83008,0.83008,0.87012,0.89014,0.85986,0.88477,0.87012,0.83008,0.81006,0.81982,0.81494,0.7998,0.81006,0.81982,0.80469,0.83008,0.81982,0.82471,0.83008,0.82471,0.80469,0.81982,0.91992,1.1997,1.4399,1.5,1.5,1.395,0.99512,0.81006,0.77002,0.75488,0.75,0.74512,0.75488,0.75488,0.75488,0.75488,0.77002,0.76514,0.77979,0.77002,0.77979,0.78516,0.79004,0.77979,0.79492,0.7998,0.7998,0.80469,0.7998,0.81494,0.81982,0.82471,0.81982,0.83008,0.82471,0.83984,0.83496,0.8501,0.8501,0.85498,0.8501,0.85498,0.8501,0.85498,0.84473,0.8501,0.8501,0.85498,0.84473,0.8501,0.8501,0.85498,0.84473,0.84473,0.8501,0.83984,0.8501,0.83496,0.83984,0.82471,0.83008,0.83008,0.83984,0.83496,0.84473,0.8501,0.875,0.875,0.87988,0.875,0.87988,0.83984,0.83496,0.81006,0.78516,0.75488,0.77002,0.79004,0.7998,0.79492,0.7998,0.81006,0.80469,0.81494,0.80469,0.81494,0.80469,0.7998,0.81982,0.96484,1.2598,1.48,1.5,1.5,1.1997,0.96484,0.79492,0.76514,0.75488,0.75488,0.74512,0.75488,0.75,0.76514,0.77002,0.75977,0.77979,0.7749,0.78516,0.77979,0.79004,0.78516,0.7998,0.79492,0.80469,0.7998,0.81982,0.81006,0.82471,0.81006,0.81982,0.81982,0.83496,0.83496,0.8501,0.84473,0.8501,0.85498,0.8501,0.85986,0.8501,0.8501,0.8501,0.85986,0.84473,0.8501,0.84473,0.8501,0.83984,0.84473,0.83496,0.83984,0.83008,0.83984,0.83496,0.83984,0.83008,0.84473,0.83984,0.85498,0.83984,0.8501,0.83008,0.82471,0.83496,0.82471,0.82471,0.81494,0.82471,0.81982,0.82471,0.81982,0.82471,0.80469,0.83008,0.82471,0.82471,0.82471,0.83984,0.83496,0.84473,0.8501,0.84473,0.82471,0.83008,0.83496,0.82471,0.83496,0.83984,0.84473,0.87988,0.89014,0.88477,0.90967,0.87988,0.86475,0.82471,0.79492,0.76514,0.79004,0.7998,0.81494,0.81006,0.83008,0.81006,0.83496,0.82471,0.83496,0.7998,0.82471,0.86475,1.1147,1.3999,1.5,1.5,1.4497,1.0498,0.85498,0.7749,0.77002,0.76514,0.75488,0.75977,0.76514,0.77002,0.75488,0.77979,0.7749,0.77979,0.76514,0.79004,0.79492,0.79004,0.79492,0.81006,0.78516,0.7998,0.81006,0.82471,0.81982,0.81494,0.83008,0.81982,0.82471,0.81982,0.8501,0.84473,0.85498,0.8501,0.85986,0.84473,0.87012,0.84473,0.85986,0.85498,0.86475,0.85498,0.87012,0.8501,0.85498,0.8501,0.85498,0.8501,0.8501,0.84473,0.8501,0.83984,0.84473,0.8501,0.84473,0.8501,0.84473,0.85498,0.8501,0.85498,0.8501,0.85498,0.84473,0.85498,0.8501,0.85498,0.84473,0.8501,0.83984,0.84473,0.83008,0.83984,0.83008,0.83496,0.83984,0.82471,0.83984,0.83008,0.83984,0.83008,0.83984,0.83008,0.8501,0.87012,0.89014,0.89502,0.90479,0.87988,0.86475,0.83496,0.80469,0.78516,0.79492,0.7998,0.81006,0.7998,0.81006,0.80469,0.81494,0.81494,0.82471,0.80469,0.7998,0.83984,1.0649,1.3599,1.5,1.5,1.4897,1.0698,0.87012,0.77002,0.74512,0.75,0.73975,0.74512,0.73486,0.74512,0.73975,0.75488,0.75488,0.76514,0.75977,0.77002,0.77002,0.77002,0.7749,0.77979,0.78516,0.77979,0.79492,0.7998,0.80469,0.81494,0.82471,0.82471,0.83008,0.82471,0.83984,0.83008,0.83984,0.83496,0.8501,0.8501,0.8501,0.84473,0.8501,0.84473,0.8501,0.83984,0.83496,0.84473,0.83984,0.8501,0.83984,0.83496,0.83008,0.83984,0.84473,0.8501,0.85498,0.85986,0.83496,0.82471,0.81982,0.83496,0.81982,0.81006,0.81982,0.81982,0.80469,0.81494,0.82471,0.82471,0.82471,0.83496,0.82471,0.83496,0.83008,0.83008,0.82471,0.82471,0.83984,0.83496,0.83984,0.82471,0.81982,0.83496,0.83008,0.82471,0.84473,0.8501,0.85986,0.87012,0.89502,0.89502,0.89014,0.86475,0.84473,0.81494,0.77002,0.79004,0.81006,0.81494,0.82471,0.82471,0.83008,0.83496,0.82471,0.83984,0.82471,0.83008,0.87012,1.0449,1.3447,1.5,1.5,1.5,1.1499,0.90479,0.78516,0.7749,0.75488,0.76514,0.7998,0.80469,0.80469,0.81494,0.81006,0.82471,0.82471,0.83496,0.83008,0.83984,0.84473,0.83008,0.8501,0.83496,0.84473,0.83008,0.83984,0.83008,0.85986,0.90479,1.0146,1.0947,1.2646,1.4399,1.5,1.5,1.5,1.3848,1.2949,1.1851,1.1196,1.04,1.125,1.27,1.0547,0.79004,0.62012,0.53516,0.49512,0.47021,0.48486,0.51514,0.50488,0.53516,0.5249,0.52002,0.52002,0.51514,0.50488,0.50977,0.50488,0.52002,0.5249,0.5498,0.56494,0.60986,0.62988,0.6748,0.71484,0.74512,0.75488,0.78516,0.7998,0.81982,0.82471,0.81006,0.82471,0.81982,0.83496,0.83008,0.83496,0.82471,0.83984,0.83008,0.82471,0.83008,0.85498,0.83984,0.8501,0.84473,0.84473,0.83496,0.83984,0.84473,0.8501,0.85498,0.83496,0.85986,0.86475,0.85986,0.8501,0.85498,0.82471,0.84473,0.7998,0.84473,0.8501,0.83496,0.81982,0.82471,0.83008,0.82471,0.81494,0.82471,0.83008,0.82471,0.81494,0.83984,0.83984,0.82471,0.83008,0.83496,0.83984,0.82471,0.84473,0.82471,0.83984,0.81982,0.84473,0.83984,0.85498,0.84473,0.8501,0.8501,0.8501,0.83496,0.84473,0.83008,0.83984,0.83008,0.8501,0.83496,0.8501,0.83984,0.85498,0.84473,0.84473,0.85498,0.8501,0.86475,0.85986,0.89502,0.88477,0.89502,0.87988,0.86475,0.84473,0.83008,0.78516,0.77002,0.79004,0.83008,0.81494,0.83008,0.81982,0.83008,0.82471,0.83496,0.81494,0.82471,0.82471,0.95508,1.2349,1.4399,1.5,1.5,1.2349,0.91504,0.79004,0.75,0.75488,0.72998,0.75488,0.73486,0.75488,0.74512,0.75977,0.75,0.7749,0.76514,0.7749,0.75977,0.7749,0.77979,0.7749,0.78516,0.77002,0.79492,0.79004,0.79492,0.80469,0.81982,0.7998,0.82471,0.81006,0.81982,0.81494,0.82471,0.82471,0.83984,0.83008,0.84473,0.83984,0.8501,0.83008,0.84473,0.8501,0.85986,0.84473,0.8501,0.8501,0.8501,0.83984,0.83496,0.8501,0.83496,0.84473,0.82471,0.8501,0.84473,0.84473,0.83496,0.84473,0.83984,0.84473,0.82471,0.84473,0.83496,0.8501,0.83984,0.91504,0.875,0.86475,0.85498,0.8501,0.87988,0.84473,0.84473,0.80469,0.79492,0.80469,0.7998,0.79004,0.79492,0.78516,0.77002,0.78516,0.85986,1.1299,1.3999,1.5,1.5,1.2798,0.9751,0.7998,0.7251,0.70996,0.71973,0.70996,0.7251,0.70996,0.71484,0.70996,0.7002,0.73486,0.7251,0.71973,0.73975,0.75,0.74512,0.75488,0.75,0.7749,0.75977,0.78516,0.7749,0.77979,0.77979,0.79004,0.79492,0.7998,0.79492,0.81494,0.81982,0.81494,0.82471,0.83008,0.82471,0.83496,0.83984,0.83008,0.8501,0.81982,0.83008,0.82471,0.83496,0.82471,0.81982,0.82471,0.82471,0.81494,0.81006,0.81982,0.81982,0.78516,0.81982,0.82471,0.80469,0.79492,0.80469,0.81494,0.81982,0.80469,0.7998,0.81982,0.81006,0.82471,0.7998,0.83008,0.81494,0.81006,0.81982,0.82471,0.81494,0.83496,0.83008,0.83984,0.81982,0.84473,0.83008,0.82471,0.82471,0.83008,0.82471,0.8501,0.85986,0.8501,0.89014,0.875,0.89502,0.89014,0.85498,0.83984,0.8501,0.77979,0.81494,0.81006,0.8501,0.82471,0.81006,0.7998,0.83008,0.83496,0.83496,0.81982,0.81494,0.81006,0.8999,1.145,1.4097,1.5,1.5,1.335,0.98975,0.84473,0.76514,0.77002,0.75977,0.77002,0.73486,0.75488,0.75,0.77979,0.76514,0.77979,0.77979,0.77002,0.7749,0.79492,0.7998,0.79492,0.7998,0.77979,0.81982,0.81494,0.82471,0.80469,0.81982,0.81494,0.83008,0.81494,0.8501,0.84473,0.8501,0.83496,0.85986,0.8501,0.87012,0.875,0.86475,0.875,0.87012,0.8501,0.875,0.87012,0.85498,0.83984,0.85986,0.83984,0.87012,0.875,0.84473,0.85986,0.84473,0.8501,0.83984,0.8501,0.85986,0.84473,0.83984,0.85986,0.83008,0.8501,0.84473,0.83984,0.8501,0.85498,0.83984,0.8501,0.81982,0.8501,0.86475,0.875,0.87988,0.87012,0.89502,0.87012,0.84473,0.78516,0.77002,0.81006,0.83496,0.81982,0.82471,0.80469,0.82471,0.875,0.93506,0.81982,0.74512,0.73975,0.79004,0.9248,1.25,1.4097,1.5,1.5,1.145,0.875,0.7998,0.75488,0.72998,0.73975,0.71973,0.71484,0.75488,0.75488,0.74512,0.76514,0.75977,0.75488,0.75,0.77002,0.77979,0.76514,0.79004,0.79492,0.7998,0.80469,0.79004,0.81982,0.82471,0.82471,0.81006,0.84473,0.85498,0.8501,0.82471,0.81982,0.84473,0.83984,0.85986,0.85498,0.86475,0.84473,0.8501,0.84473,0.87012,0.8501,0.8501,0.83984,0.85498,0.8501,0.85498,0.83984,0.85498,0.81982,0.81006,0.85986,0.84473,0.82471,0.82471,0.83496,0.84473,0.82471,0.83008,0.84473,0.81982,0.81494,0.81006,0.83008,0.81006,0.81494,0.83008,0.83984,0.82471,0.83984,0.875,0.88477,0.7998,0.82471,0.86475,0.875,0.86475,0.89014,0.87988,0.89502,0.875,0.85498,0.80469,0.7749,0.77002,0.79492,0.79492,0.80469,0.82471,0.81006,0.80469,0.81982,0.83984,0.8501,0.81982,0.79492,0.82471,0.91504,1.2397,1.4297,1.5,1.5,1.2197,0.93994,0.79004,0.75977,0.76514,0.73486,0.7749,0.77979,0.72998,0.73975,0.76514,0.79004,0.75977,0.77979,0.75488,0.7998,0.7749,0.77979,0.77979,0.76514,0.77002,0.81006,0.82471,0.79492,0.7998,0.81982,0.81006,0.8501,0.81982,0.81006,0.85498,0.85986,0.83008,0.82471,0.86475,0.85498,0.87012,0.89014,0.875,0.8501,0.85498,0.87012,0.88477,0.8501,0.83984,0.82471,0.8501,0.85986,0.85498,0.87012,0.875,0.85498,0.85986,0.82471,0.84473,0.85498,0.86475,0.87012,0.81982,0.81006,0.82471,0.86475,0.8501,0.83984,0.82471,0.82471,0.83984,0.84473,0.83008,0.87012,0.875,0.8501,0.85498,0.875,0.8999,0.90479,0.84473,0.8501,0.7998,0.81006,0.83984,0.80469,0.79004,0.84473,0.81982,0.81494,0.80469,0.7998,0.81982,0.81494,0.83984,0.83008,0.94482,1.2246,1.4746,1.5,1.5,1.2749,0.94971,0.78516,0.77002,0.77979,0.79004,0.72998,0.71973,0.76514,0.74512,0.75977,0.76514,0.7749,0.77002,0.7998,0.77002,0.79004,0.75488,0.79004,0.79004,0.80469,0.80469,0.81006,0.81494,0.81494,0.81982,0.83008,0.82471,0.87988,0.89014,0.81006,0.81982,0.8501,0.85986,0.83008,0.8501,0.85498,0.875,0.86475,0.83008,0.83984,0.8501,0.84473,0.83496,0.83008,0.86475,0.83984,0.85986,0.87012,0.8501,0.82471,0.84473,0.8501,0.83984,0.81982,0.83984,0.8501,0.83008,0.83496,0.84473,0.8501,0.82471,0.83496,0.82471,0.8501,0.8501,0.84473,0.82471,0.85498,0.8501,0.875,0.875,0.875,0.88477,0.89014,0.875,0.8501,0.79004,0.76514,0.75488,0.78516,0.7998,0.79492,0.83008,0.82471,0.82471,0.83496,0.83984,0.83496,0.80469,0.79004,0.83984,1.0146,1.3247,1.5,1.5,1.5,1.1348,0.9248,0.7998,0.74512,0.75488,0.76514,0.75,0.75977,0.76514,0.73975,0.75488,0.76514,0.78516,0.7998,0.79492,0.7998,0.77979,0.78516,0.7749,0.80469,0.79492,0.7998,0.7998,0.81982,0.81006,0.82471,0.81982,0.83984,0.83496,0.875,0.8501,0.85986,0.84473,0.85498,0.85986,0.89014,0.875,0.875,0.85986,0.83984,0.85986,0.83008,0.85498,0.8501,0.85986,0.86475,0.875,0.87988,0.85498,0.85498,0.86475,0.83984,0.86475,0.85498,0.86475,0.8501,0.85986,0.84473,0.83984,0.8501,0.87988,0.89502,0.83008,0.83008,0.83984,0.84473,0.83984,0.8501,0.8501,0.85986,0.8501,0.85498,0.85986,0.86475,0.85498,0.84473,0.86475,0.85986,0.88477,0.89502,0.91504,0.92969,0.89502,0.84473,0.82471,0.80469,0.77979,0.80469,0.82471,0.83008,0.83984,0.83496,0.8501,0.84473,0.83496,0.87012,0.84473,0.81982,0.8501,0.98486,1.2798,1.4946,1.5,1.5,1.27,0.94971,0.80469,0.77979,0.77979,0.76514,0.79004,0.77979,0.75977,0.75488,0.76514,0.7749,0.77002,0.77979,0.77979,0.79004,0.77979,0.7998,0.78516,0.80469,0.81006,0.83984,0.83008,0.82471,0.81494,0.82471,0.82471,0.8501,0.83496,0.85498,0.87012,0.83984,0.8501,0.84473,0.85986,0.8501,0.87988,0.85986,0.8501,0.85498,0.8501,0.84473,0.85986,0.84473,0.88477,0.87012,0.8501,0.8501,0.85498,0.84473,0.8501,0.87012,0.88477,0.83008,0.81982,0.82471,0.84473,0.83008,0.84473,0.8501,0.83008,0.82471,0.83496,0.83984,0.83008,0.85986,0.87012,0.89014,0.88477,0.89014,0.875,0.875,0.84473,0.81982,0.7749,0.75977,0.75488,0.79492,0.80469,0.81494,0.81982,0.80469,0.81494,0.81006,0.81982,0.81494,0.81982,0.7998,0.85986,1.105,1.3848,1.5,1.5,1.4146,1.0449,0.8501,0.7749,0.75,0.73975,0.74512,0.75,0.73975,0.75977,0.75488,0.76514,0.76514,0.75977,0.77979,0.77979,0.77979,0.79492,0.7998,0.78516,0.7998,0.79492,0.7998,0.7998,0.81006,0.81006,0.82471,0.82471,0.83496,0.83008,0.83984,0.83008,0.8501,0.84473,0.8501,0.85986,0.86475,0.87012,0.875,0.875,0.875,0.8501,0.83984,0.85498,0.85986,0.83984,0.82471,0.83496,0.82471,0.83984,0.83496,0.8501,0.8501,0.8501,0.83008,0.83984,0.82471,0.83984,0.82471,0.83984,0.81494,0.83008,0.81982,0.82471,0.83008,0.82471,0.80469,0.81494,0.81982,0.83008,0.83496,0.83008,0.81494,0.82471,0.83984,0.82471,0.83496,0.81982,0.82471,0.81982,0.84473,0.8501,0.87012,0.86475,0.86475,0.85986,0.875,0.86475,0.8501,0.81006,0.7749,0.75488,0.7998,0.81006,0.7998,0.82471,0.7998,0.81982,0.81006,0.82471,0.81006,0.81494,0.80469,0.8501,1.0601,1.3496,1.5,1.5,1.5,1.0649,0.84473,0.7749,0.75,0.73975,0.73486,0.74512,0.75,0.75488,0.75488,0.75488,0.75977,0.75977,0.7749,0.77979,0.78516,0.77979,0.79492,0.79004,0.7998,0.79492,0.81006,0.81006,0.82471,0.82471,0.83008,0.82471,0.83496,0.83008,0.84473,0.8501,0.8501,0.8501,0.8501,0.85498,0.84473,0.8501,0.84473,0.85498,0.83984,0.8501,0.83984,0.8501,0.83496,0.84473,0.83496,0.84473,0.83496,0.83984,0.82471,0.83984,0.82471,0.83984,0.83496,0.84473,0.82471,0.83984,0.83008,0.83984,0.82471,0.83984,0.8501,0.84473,0.875,0.87988,0.89502,0.875,0.86475,0.83984,0.82471,0.7998,0.77002,0.75,0.78516,0.79492,0.7998,0.78516,0.7998,0.80469,0.81006,0.7998,0.7998,0.79492,0.77979,0.79492,0.90479,1.21,1.4297,1.5,1.5,1.2148,0.94482,0.7749,0.72998,0.73486,0.72998,0.73486,0.72998,0.74512,0.72998,0.74512,0.73486,0.75488,0.74512,0.75977,0.75488,0.77002,0.77979,0.7749,0.77979,0.79004,0.79492,0.78516,0.7998,0.79492,0.7998,0.79004,0.81494,0.81982,0.82471,0.82471,0.83496,0.82471,0.83984,0.83984,0.8501,0.83984,0.8501,0.83984,0.8501,0.8501,0.87012,0.875,0.86475,0.8501,0.83984,0.8501,0.83984,0.84473,0.82471,0.83008,0.81982,0.83008,0.82471,0.8501,0.83496,0.83496,0.82471,0.83496,0.83008,0.82471,0.83496,0.83008,0.82471,0.83984,0.82471,0.83984,0.8501,0.83984,0.83008,0.83984,0.82471,0.83984,0.8501,0.84473,0.8501,0.82471,0.84473,0.83984,0.8501,0.83008,0.84473,0.83984,0.86475,0.86475,0.89014,0.89502,0.90479,0.89014,0.86475,0.83008,0.82471,0.83008,0.81494,0.82471,0.81494,0.82471,0.82471,0.83008,0.81982,0.82471,0.81494,0.81006,0.83008,0.93994,1.23,1.4648,1.5,1.5,1.29,0.95996,0.7998,0.7749,0.75977,0.76514,0.74512,0.75977,0.75488,0.77002,0.77979,0.75977,0.77979,0.77979,0.78516,0.77979,0.79004,0.77979,0.7998,0.7998,0.81006,0.7998,0.82471,0.81982,0.83496,0.81982,0.83496,0.83008,0.83984,0.83496,0.8501,0.83984,0.84473,0.8501,0.8501,0.875,0.87988,0.875,0.87988,0.87012,0.8501,0.83008,0.80469,0.77002,0.75488,0.7749,0.79492,0.78516,0.80469,0.79492,0.81006,0.7998,0.81006,0.79004,0.81494,0.77979,0.7998,0.82471,1.0649,1.3447,1.5,1.5,1.4097,1.02,0.83984,0.73486,0.7251,0.73975,0.71973,0.73486,0.7251,0.73486,0.72998,0.73975,0.73975,0.75,0.74512,0.77002,0.75977,0.77002,0.76514,0.77979,0.77979,0.78516,0.7749,0.78516,0.7998,0.80469,0.81006,0.7998,0.81006,0.7998,0.82471,0.82471,0.83008,0.82471,0.83496,0.82471,0.84473,0.82471,0.83984,0.83984,0.84473,0.83496,0.84473,0.83496,0.83984,0.82471,0.83984,0.84473,0.8501,0.85498,0.84473,0.83496,0.82471,0.82471,0.83008,0.82471,0.81006,0.81982,0.79492,0.82471,0.82471,0.81494,0.82471,0.82471,0.80469,0.82471,0.82471,0.83496,0.81494,0.82471,0.81006,0.81494,0.82471,0.83496,0.83008,0.84473,0.8501,0.82471,0.83008,0.83496,0.82471,0.82471,0.83984,0.85498,0.875,0.85986,0.8999,0.90479,0.875,0.8501,0.84473,0.78516,0.77002,0.77979,0.81494,0.80469,0.83008,0.82471,0.83008,0.81982,0.83496,0.81982,0.80469,0.81982,0.90967,1.1851,1.4346,1.5,1.5,1.3398,0.97998,0.81006,0.75488,0.74512,0.73975,0.74512,0.73486,0.75488,0.73486,0.75977,0.75488,0.7749,0.77979,0.77979,0.77979,0.79004,0.78516,0.7998,0.79492,0.7998,0.7998,0.80469,0.81982,0.82471,0.83496,0.83496,0.84473,0.83008,0.83984,0.83496,0.8501,0.83984,0.85986,0.84473,0.8501,0.84473,0.8501,0.84473,0.8501,0.83984,0.8501,0.84473,0.84473,0.8501,0.84473,0.8501,0.83984,0.8501,0.83984,0.8501,0.83008,0.83984,0.83008,0.82471,0.83008,0.83984,0.83496,0.85498,0.86475,0.875,0.875,0.89014,0.89502,0.875,0.83496,0.82471,0.7998,0.75977,0.75,0.7749,0.7998,0.79004,0.79492,0.79004,0.80469,0.7998,0.81006,0.80469,0.81494,0.78516,0.7998,0.83984,1.0947,1.3599,1.5,1.5,1.3896,1.02,0.84473,0.75,0.73975,0.73486,0.72998,0.73975,0.72998,0.75488,0.73975,0.75488,0.75488,0.76514,0.75,0.75977,0.76514,0.77979,0.7749,0.78516,0.77979,0.79492,0.79004,0.7998,0.79492,0.81982,0.80469,0.81494,0.81006,0.81982,0.82471,0.83496,0.8501,0.8501,0.8501,0.8501,0.85986,0.8501,0.85498,0.8501,0.8501,0.84473,0.85498,0.83984,0.8501,0.83984,0.8501,0.83008,0.8501,0.83984,0.8501,0.83496,0.83008,0.83984,0.85498,0.85986,0.85498,0.83984,0.83008,0.81494,0.82471,0.83008,0.81006,0.81006,0.82471,0.83984,0.81006,0.82471,0.82471,0.82471,0.82471,0.83984,0.81982,0.84473,0.82471,0.83008,0.83984,0.8501,0.83984,0.8501,0.82471,0.83496,0.83984,0.82471,0.85986,0.875,0.875,0.90967,0.91992,0.89502,0.86475,0.83496,0.79004,0.7749,0.81006,0.81494,0.83008,0.82471,0.83984,0.83008,0.84473,0.83008,0.83008,0.82471,0.84473,0.91992,1.1997,1.4497,1.5,1.5,1.3296,0.9751,0.81006,0.7749,0.74512,0.74512,0.75,0.74512,0.74512,0.75,0.74512,0.75488,0.77002,0.77979,0.77979,0.77979,0.77979,0.79492,0.78516,0.79492,0.7998,0.78516,0.81006,0.81982,0.83008,0.82471,0.83984,0.82471,0.83984,0.83008,0.85498,0.8501,0.8501,0.8501,0.86475,0.85498,0.85986,0.84473,0.85986,0.85498,0.87012,0.8501,0.85986,0.8501,0.86475,0.8501,0.8501,0.84473,0.8501,0.84473,0.85498,0.85986,0.8501,0.85498,0.8501,0.8501,0.84473,0.875,0.89014,0.8999,0.89502,0.8999,0.87012,0.85498,0.81982,0.81006,0.7749,0.77002,0.77979,0.80469,0.7998,0.80469,0.81006,0.81494,0.81982,0.81006,0.81494,0.79492,0.81006,0.7998,0.86475,1.1001,1.375,1.5,1.5,1.375,1.02,0.83496,0.75,0.73975,0.73486,0.72998,0.73975,0.73486,0.73975,0.74512,0.72998,0.75,0.74512,0.76514,0.75488,0.76514,0.75488,0.77979,0.77979,0.79492,0.78516,0.79492,0.77979,0.79004,0.7998,0.79492,0.79004,0.80469,0.7998,0.81982,0.81494,0.81006,0.83496,0.86475,0.87012,0.85986,0.84473,0.83984,0.82471,0.84473,0.82471,0.82471,0.82471,0.83008,0.81982,0.81494,0.82471,0.81006,0.83008,0.81982,0.82471,0.81494,0.83008,0.81982,0.81494,0.81006,0.82471,0.81494,0.81494,0.80469,0.81982,0.82471,0.81006,0.82471,0.80469,0.81494,0.7998,0.81982,0.81982,0.80469,0.7998,0.83008,0.81006,0.83008,0.81494,0.83008,0.81494,0.81982,0.81982,0.83008,0.83008,0.85498,0.8501,0.875,0.86475,0.875,0.85498,0.82471,0.7998,0.81494,0.79004,0.78516,0.7998,0.7998,0.81006,0.79004,0.82471,0.80469,0.81006,0.7998,0.81006,0.83984,1.0698,1.3696,0.79492,0.7998,0.79492,0.7998,0.81494,0.80469,0.8501,0.81006,0.7998,0.80469,0.82471,0.83008,0.84473,0.8501,0.82471,0.79004,0.77979,0.82471,0.81006,0.8501,0.83008,0.75,0.81006,0.7749,0.82471,0.83496,0.75488,0.7998,0.83008,0.72998,0.81006,0.97998,1.25,1.5,1.5,1.5,1.2549,0.94971,0.7998,0.76514,0.70508,0.76514,0.75488,0.79004,0.79492,0.75488,0.78516,0.79004,0.75,0.77979,0.77979,0.80469,0.75977,0.7998,0.85498,0.83008,0.85498,0.83496,0.8501,0.82471,0.83984,0.81494,0.81006,0.83008,0.82471,0.86475,0.875,0.87012,0.85986,0.875,0.89502,0.88477,0.89014,0.875,0.89502,0.87012,0.86475,0.875,0.89014,0.875,0.875,0.85986,0.8501,0.87012,0.85986,0.86475,0.83496,0.85986,0.83984,0.86475,0.85498,0.87012,0.85986,0.8501,0.83496,0.84473,0.8501,0.83496,0.82471,0.81982,0.82471,0.81494,0.82471,0.83984,0.83496,0.83984,0.84473,0.83496,0.83984,0.83008,0.82471,0.81982,0.83008,0.84473,0.85986,0.8501,0.84473,0.85498,0.88477,0.87988,0.89502,0.90479,0.8999,0.87988,0.87012,0.82471,0.80469,0.80469,0.7998,0.81982,0.82471,0.82471,0.81982,0.81494,0.83984,0.83008,0.7998,0.83008,0.90967,1.1748,1.4346,1.5,1.5,0.8501,0.8501,0.83984,0.83496,0.8501,0.8501,0.875,0.85986,0.85498,0.87012,0.87988,0.85986,0.875,0.89014,0.87988,0.85498,0.85986,0.87012,0.85498,0.87012,0.8501,1.5,1.4849,1.0146,0.79004,0.7251,0.70508,0.7002,0.70996,0.69482,0.70996,0.70508,0.71484,0.70996,0.71973,0.71484,0.7251,0.71484,0.7251,0.71484,0.72998,0.73486,0.72998,0.75,0.74512,0.75488,0.75,0.77002,0.75977,0.7749,0.77002,0.77979,0.77979,0.78516,0.77979,0.79492,0.7998,0.79492,0.80469,0.7998,0.80469,0.7998,0.81494,0.81006,0.82471,0.82471,0.83496,0.83008,0.83984,0.83496,0.84473,0.83984,0.84473,0.83008,0.84473,0.83984,0.8501,0.83984,0.8501,0.84473,0.8501,0.83984,0.83496,0.84473,0.83496,0.84473,0.83008,0.83984,0.82471,0.83496,0.82471,0.83496,0.82471,0.83496,0.82471,0.83008,0.82471,0.83008,0.82471,0.82471,0.81982,0.82471,0.81982,0.82471,0.81494,0.81982,0.82471,0.81982,0.82471,0.81982,0.83008,0.84473,0.85986,0.87012,0.875,0.875,0.85986,0.83496,0.82471,0.79492,0.7749,0.76514,0.7998,0.7998,0.80469,0.7998,0.81006,0.80469,0.81982,0.81006,0.81982,0.79004,0.81006,0.875,1.145,1.395,1.5,1.5,1.3296,1,0.81982,0.75488,0.73975,0.74512,0.72998,0.74512,0.73975,0.76514,0.75977,0.77979,0.76514,0.75977,0.77002,0.7749,0.77002,0.77979,0.78516,0.77979,0.7749,0.77979,0.79004,0.7998,0.7998,0.80469,0.81494,0.7998,0.83008,0.81982,0.82471,0.83496,0.84473,0.83496,0.8501,0.83984,0.83496,0.83984,0.8501,0.8501,0.85498,0.83984,0.85986,0.83984,0.83496,0.85498,0.8501,0.83984,0.8501,0.86475,0.83008,0.82471,0.83496,0.85498,0.83496,0.82471,0.82471,0.83008,0.81494,0.8501,0.83984,0.82471,0.81982,0.83984,0.81006,0.82471,0.83008,0.81982,0.81494,0.83496,0.81006,0.83008,0.83496,0.8501,0.87012,0.875,0.875,0.875,0.84473,0.83008,0.83496,0.77979,0.76514,0.77979,0.81494,0.7998,0.81494,0.80469,0.81982,0.81494,0.82471,0.81982,0.82471,0.80469,0.83008,0.9248,1.21,1.4399,1.5,1.5,1.2847,0.94971,0.79492,0.76514,0.75,0.75488,0.74512,0.75488,0.75,0.76514,0.75488,0.76514,0.75977,0.77979,0.77002,0.77979,0.7749,0.77979,0.77979,0.78516,0.79004,0.7998,0.7998,0.80469,0.81006,0.80469,0.81494,0.81006,0.82471,0.81982,0.83984,0.83496,0.84473,0.83984,0.8501,0.84473,0.8501,0.83984,0.8501,0.83984,0.8501,0.83984,0.8501,0.84473,0.8501,0.83984,0.8501,0.83496,0.83008,0.85498,0.89502,0.87988,0.85498,0.86475,0.85498,0.875,0.85986,0.8501,0.81494,0.80469,0.7998,0.80469,0.7998,0.7998,0.7998,0.81006,0.79004,0.78516,0.81982,1.0298,1.3398,1.5,1.5,1.5,1.1147,0.89502,0.73486,0.71484,0.7251,0.70996,0.71484,0.70996,0.71973,0.71484,0.72998,0.7251,0.73486,0.72998,0.75,0.74512,0.75488,0.75488,0.77002,0.77002,0.77979,0.77979,0.78516,0.79004,0.78516,0.7998,0.79492,0.81006,0.81494,0.82471,0.82471,0.83496,0.82471,0.83984,0.83496,0.8501,0.83984,0.8501,0.83984,0.8501,0.83984,0.85498,0.83984,0.8501,0.83984,0.8501,0.83984,0.8501,0.83984,0.83496,0.84473,0.83984,0.84473,0.83008,0.83496,0.82471,0.83984,0.82471,0.83496,0.82471,0.83008,0.81982,0.82471,0.82471,0.83984,0.82471,0.83496,0.82471,0.83984,0.82471,0.83008,0.82471,0.83008,0.83984,0.83496,0.84473,0.83008,0.84473,0.83496,0.83984,0.83008,0.84473,0.83496,0.85986,0.86475,0.88477,0.87988,0.89502,0.875,0.85986,0.83496,0.81982,0.7749,0.77979,0.79492,0.81982,0.80469,0.82471,0.81494,0.83008,0.83496,0.82471,0.83984,0.83008,0.83984,0.89502,1.1396,1.3999,1.5,1.5,1.3647,1.02,0.8501,0.75488,0.75977,0.75,0.75488,0.73975,0.75488,0.77002,0.77979,0.76514,0.77002,0.77979,0.76514,0.79492,0.78516,0.77979,0.81006,0.79492,0.78516,0.81494,0.81006,0.81494,0.81006,0.82471,0.83008,0.84473,0.83496,0.8501,0.83496,0.8501,0.8501,0.86475,0.85986,0.875,0.87988,0.875,0.85986,0.87012,0.875,0.89014,0.85986,0.8501,0.87012,0.86475,0.87012,0.85498,0.875,0.85498,0.87012,0.8501,0.85498,0.8501,0.85986,0.8501,0.85498,0.83496,0.84473,0.83984,0.8501,0.83496,0.83984,0.83008,0.83984,0.84473,0.82471,0.83496,0.83984,0.83496,0.83008,0.83984,0.82471,0.83496,0.82471,0.83496,0.83008,0.85986,0.86475,0.88477,0.875,0.875,0.84473,0.82471,0.7998,0.82471,0.80469,0.7998,0.81982,0.81006,0.81982,0.81494,0.82471,0.82471,0.81982,0.80469,0.81494,0.86475,1.0947,1.3647,1.5,1.5,1.5,1.0498,0.84473,0.75977,0.75488,0.73975,0.75488,0.74512,0.75,0.75,0.75488,0.75488,0.75977,0.75977,0.76514,0.77002,0.75977,0.77979,0.77002,0.77979,0.77979,0.79004,0.78516,0.7998,0.7998,0.80469,0.80469,0.81982,0.81494,0.83008,0.82471,0.83496,0.83008,0.83984,0.83984,0.8501,0.83984,0.84473,0.83496,0.8501,0.84473,0.8501,0.84473,0.83984,0.8501,0.83496,0.8501,0.83496,0.84473,0.83496,0.83984,0.83008,0.83496,0.82471,0.83496,0.82471,0.82471,0.81494,0.82471,0.81494,0.82471,0.81982,0.82471,0.81982,0.83984,0.8501,0.86475,0.87012,0.85986,0.875,0.83984,0.81982,0.7998,0.7749,0.73975,0.75488,0.7749,0.79004,0.77979,0.7998,0.7998,0.80469,0.7998,0.80469,0.79492,0.78516,0.79004,0.83984,1.0698,1.3496,1.5,1.5,1.4199,1.0347,0.83984,0.73975,0.72998,0.7251,0.73486,0.7251,0.73975,0.72998,0.73975,0.73486,0.75488,0.75488,0.77979,0.77979,0.79004,0.7749,0.77979,0.78516,0.77979,0.78516,0.7998,0.78516,0.77979,0.78516,0.77979,0.80469,0.7998,0.81006,0.81006,0.81982,0.80469,0.82471,0.83008,0.84473,0.83008,0.83008,0.82471,0.84473,0.83496,0.83008,0.83496,0.82471,0.82471,0.83984,0.83008,0.83496,0.81982,0.82471,0.83008,0.81982,0.82471,0.80469,0.82471,0.83008,0.80469,0.7998,0.81982,0.81494,0.82471,0.7998,0.82471,0.7998,0.81494,0.81982,0.80469,0.7998,0.81494,0.81006,0.81006,0.81494,0.80469,0.7998,0.82471,0.80469,0.7998,0.81006,0.80469,0.82471,0.80469,0.81494,0.81006,0.81982,0.82471,0.84473,0.83984,0.875,0.87012,0.86475,0.83984,0.81494,0.77002,0.76514,0.77979,0.80469,0.79492,0.80469,0.81006,0.80469,0.81982,0.81006,0.81494,0.79492,0.81982,0.96484,1.2446,1.4546,1.5,1.5,1.1997,0.90479,0.78516,0.74512,0.75,0.72998,0.73975,0.73486,0.75488,0.74512,0.75488,0.75,0.75977,0.75977,0.77002,0.75977,0.77002,0.7749,0.76514,0.77979,0.7749,0.79004,0.77979,0.7998,0.79492,0.7998,0.80469,0.81982,0.81494,0.82471,0.81494,0.83496,0.82471,0.83496,0.83008,0.83984,0.83008,0.84473,0.83496,0.84473,0.83496,0.83984,0.84473,0.83984,0.8501,0.83984,0.84473,0.83008,0.84473,0.82471,0.83984,0.83008,0.83984,0.83008,0.83984,0.83008,0.84473,0.83008,0.83984,0.82471,0.83984,0.83496,0.86475,0.87012,0.89014,0.87988,0.89014,0.85986,0.83984,0.82471,0.7998,0.76514,0.75,0.7749,0.79492,0.7998,0.79004,0.81006,0.7998,0.81494,0.81006,0.81982,0.80469,0.7998,0.80469,0.93506,1.1997,1.4448,1.5,1.5,1.23,0.9751,0.79492,0.74512,0.73975,0.72998,0.73975,0.72998,0.75,0.74512,0.75488,0.75488,0.75977,0.75488,0.77002,0.76514,0.7749,0.77002,0.78516,0.7749,0.79004,0.79492,0.7998,0.7998,0.80469,0.7998,0.80469,0.80469,0.81982,0.82471,0.82471,0.83008,0.82471,0.83984,0.83496,0.8501,0.83984,0.84473,0.83008,0.83984,0.83496,0.83984,0.83008,0.83496,0.82471,0.83984,0.82471,0.83008,0.82471,0.83984,0.83008,0.83984,0.82471,0.83008,0.83496,0.82471,0.81982,0.82471,0.82471,0.81494,0.82471,0.81982,0.83984,0.83496,0.83984,0.82471,0.83984,0.82471,0.83496,0.82471,0.82471,0.81006,0.81982,0.81006,0.82471,0.82471,0.82471,0.82471,0.82471,0.81494,0.81006,0.82471,0.83008,0.83984,0.86475,0.875,0.86475,0.89014,0.88477,0.875,0.8501,0.81494,0.7749,0.79004,0.7998,0.82471,0.81006,0.81982,0.81494,0.82471,0.81494,0.83008,0.81006,0.7998,0.83008,0.96973,1.27,1.4648,1.5,1.5,1.1699,0.91992,0.79492,0.75977,0.73975,0.72998,0.77002,0.74512,0.75488,0.75977,0.75488,0.76514,0.75977,0.75977,0.78516,0.7749,0.77002,0.78516,0.79492,0.77979,0.79492,0.80469,0.79492,0.83496,0.82471,0.83496,0.81982,0.83008,0.82471,0.82471,0.83496,0.84473,0.83496,0.8501,0.84473,0.85498,0.8501,0.85986,0.8501,0.86475,0.85498,0.85986,0.85986,0.85498,0.85986,0.8501,0.85498,0.8501,0.85498,0.8501,0.85498,0.8501,0.85498,0.8501,0.875,0.87988,0.89502,0.89014,0.90479,0.8999,0.88477,0.85498,0.8501,0.81006,0.78516,0.77979,0.81006,0.82471,0.81006,0.81494,0.80469,0.81494,0.81006,0.81982,0.81006,0.81982,0.79492,0.80469,0.86475,1.1099,1.375,1.5,1.5,1.3799,1.0049,0.82471,0.74512,0.75,0.73975,0.74512,0.73975,0.75,0.75,0.75488,0.75977,0.75488,0.77002,0.76514,0.77979,0.77002,0.78516,0.77979,0.78516,0.77979,0.7998,0.79004,0.7998,0.7998,0.81006,0.80469,0.81982,0.81982,0.83008,0.82471,0.84473,0.8501,0.85986,0.8501,0.85498,0.85986,0.8501,0.85986,0.8501,0.85498,0.8501,0.85498,0.8501,0.85986,0.8501,0.85498,0.8501,0.85498,0.84473,0.8501,0.84473,0.8501,0.83984,0.8501,0.83984,0.8501,0.83496,0.84473,0.83008,0.83984,0.83496,0.8501,0.83984,0.84473,0.8501,0.83984,0.8501,0.83496,0.83984,0.83008,0.83984,0.83496,0.84473,0.83008,0.83984,0.83008,0.8501,0.84473,0.85498,0.84473,0.8501,0.8501,0.87988,0.89014,0.90967,0.91992,0.90967,0.88477,0.85986,0.81494,0.79492,0.7998,0.81982,0.83008,0.82471,0.83984,0.83496,0.84473,0.83984,0.8501,0.81982,0.83496,0.86475,1.105,1.375,1.5,1.5,1.4546,1.0547,0.88477,0.77002,0.76514,0.75488,0.75977,0.75488,0.76514,0.7749,0.75977,0.7749,0.77002,0.77979,0.77979,0.79492,0.78516,0.7998,0.79004,0.81982,0.81494,0.82471,0.82471,0.83496,0.82471,0.83008,0.82471,0.83008,0.83008,0.83984,0.84473,0.8501,0.85498,0.8501,0.85986,0.875,0.87988,0.86475,0.875,0.875,0.87012,0.86475,0.87012,0.86475,0.87012,0.86475,0.875,0.85498,0.87012,0.85498,0.86475,0.85498,0.85498,0.8501,0.85986,0.84473,0.83984,0.8501,0.84473,0.83008,0.82471,0.8501,0.83008,0.82471,0.82471,0.84473,0.83984,0.82471,0.81982,0.83984,0.81494,0.83008,0.83008,0.83496,0.83008,0.82471,0.82471,0.83984,0.83496,0.83496,0.83496,0.83008,0.83984,0.8501,0.875,0.89014,0.89502,0.89014,0.88477,0.87012,0.84473,0.79492,0.77002,0.78516,0.81982,0.7998,0.81982,0.82471,0.82471,0.81494,0.83496,0.82471,0.81494,0.80469,0.875,1.105,1.3896,1.5,1.5,1.4697,1.0347,0.83984,0.7749,0.75488,0.75,0.75488,0.75,0.75977,0.75488,0.77002,0.76514,0.77979,0.7749,0.79004,0.77979,0.79004,0.79004,0.7998,0.79492,0.80469,0.81006,0.82471,0.81982,0.83008,0.83496,0.83008,0.8501,0.83984,0.8501,0.85498,0.86475,0.85986,0.87012,0.86475,0.875,0.86475,0.87012,0.86475,0.87012,0.85986,0.87012,0.85986,0.875,0.85986,0.87012,0.86475,0.87012,0.85986,0.87012,0.85498,0.85986,0.85498,0.8501,0.85986,0.8501,0.85498,0.8501,0.85498,0.8501,0.8501,0.8501,0.85498,0.8501,0.8501,0.84473,0.85498,0.84473,0.8501,0.84473,0.85498,0.8501,0.85498,0.84473,0.8501,0.83984,0.84473,0.8501,0.84473,0.8501,0.84473,0.85498,0.8501,0.875,0.89014,0.90479,0.90967,0.91992,0.87988,0.87012,0.81982,0.79492,0.78516,0.81006,0.81006,0.81494,0.81982,0.83008,0.82471,0.83496,0.83008,0.82471,0.81494,0.83984,1.02,1.3096,1.5,1.5,1.5,1.125,0.9248,0.77979,0.75488,0.75,0.75488,0.74512,0.75488,0.75488,0.77002,0.76514,0.77979,0.7749,0.77979,0.77979,0.79004,0.78516,0.7998,0.80469,0.79492,0.80469,0.7998,0.81982,0.81006,0.82471,0.81494,0.82471,0.82471,0.83008,0.82471,0.83496,0.83008,0.83984,0.83496,0.8501,0.83984,0.84473,0.83496,0.83984,0.83008,0.83496,0.83008,0.83496,0.83984,0.83008,0.84473,0.83008,0.83496,0.82471,0.83984,0.84473,0.8501,0.8501,0.8501,0.83496,0.83008,0.81982,0.83496,0.81982,0.82471,0.81494,0.82471,0.81494,0.81982,0.7998,0.81494,0.81982,0.81006,0.81494,0.81982,0.80469,0.79492,0.81494,0.81006,0.82471,0.81006,0.7998,0.80469,0.81006,0.80469,0.81494,0.81006,0.85986,0.8501,0.87012,0.87012,0.85986,0.83008,0.81006,0.77002,0.74512,0.75488,0.79004,0.77979,0.79492,0.7998,0.79492,0.7998,0.79492,0.7998,0.79004,0.7998,0.83496,1.0649,1.3447,1.5,1.5,1.4746,1.0249,0.83008,0.73975,0.72998,0.7251,0.72998,0.7251,0.72998,0.7251,0.73975,0.74512,0.73486,0.75,0.76514,0.77002,0.75488,0.76514,0.74512,0.7749,0.7749,0.79492,0.77979,0.79492,0.78516,0.81006,0.7998,0.81006,0.81494,0.82471,0.81494,0.83008,0.81982,0.83008,0.83496,0.82471,0.83008,0.82471,0.81494,0.82471,0.81494,0.81982,0.82471,0.83008,0.83984,0.82471,0.83496,0.82471,0.83496,0.82471,0.83008,0.82471,0.83496,0.82471,0.83008,0.82471,0.83008,0.82471,0.82471,0.82471,0.83008,0.83496,0.82471,0.83496,0.82471,0.83008,0.82471,0.83008,0.82471,0.83984,0.82471,0.83496,0.82471,0.83008,0.81982,0.82471,0.81982,0.83008,0.81982,0.83008,0.82471,0.83496,0.83984,0.86475,0.87012,0.89014,0.87988,0.875,0.84473,0.81982,0.77979,0.77002,0.79004,0.80469,0.81006,0.7998,0.81006,0.7998,0.81006,0.80469,0.81006,0.79004,0.81494,0.9248,1.21,1.4248,1.5,1.5,1.23,0.93994,0.79004,0.73975,0.72998,0.7251,0.72998,0.73486,0.72998,0.75,0.73975,0.75488,0.75488,0.75977,0.75488,0.77002,0.76514,0.77979,0.77979,0.79004,0.78516,0.7998,0.79492,0.80469,0.7998,0.81982,0.81494,0.82471,0.82471,0.83008,0.83496,0.83008,0.84473,0.83496,0.8501,0.83984,0.8501,0.84473,0.8501,0.84473,0.85498,0.8501,0.8501,0.8501,0.85986,0.8501,0.85986,0.8501,0.86475,0.8501,0.85986,0.84473,0.8501,0.84473,0.8501,0.83984,0.84473,0.83496,0.83008,0.83496,0.83008,0.83984,0.82471,0.83496,0.82471,0.83496,0.82471,0.83008,0.82471,0.84473,0.83984,0.85498,0.83984,0.8501,0.82471,0.83008,0.82471,0.82471,0.82471,0.82471,0.82471,0.8501,0.85986,0.87988,0.89014,0.89502,0.87988,0.87012,0.83984,0.79492,0.77979,0.78516,0.81006,0.81006,0.81982,0.81006,0.81982,0.81494,0.81494,0.80469,0.81494,0.80469,0.86475,1.085,1.3647,1.5,1.5,1.4399,1.04,0.84473,0.75488,0.75,0.73975,0.74512,0.73975,0.75977,0.75,0.75977,0.75,0.7749,0.75977,0.7749,0.77002,0.78516,0.7749,0.79492,0.78516,0.7998,0.81494,0.81982,0.79492,0.83008,0.83496,0.83984,0.83984,0.83984,0.84473,0.83008,0.8501,0.83984,0.85498,0.85498,0.85986,0.8501,0.87012,0.85498,0.8501,0.83496,0.8501,0.84473,0.86475,0.83496,0.84473,0.83496,0.83984,0.83984,0.83984,0.83496,0.83984,0.83008,0.82471,0.83984,0.83496,0.84473,0.83008,0.83984,0.82471,0.83984,0.83008,0.83984,0.83008,0.83984,0.82471,0.83008,0.82471,0.83008,0.81982,0.83008,0.82471,0.83496,0.82471,0.83008,0.83496,0.82471,0.83984,0.83008,0.83984,0.83496,0.85498,0.87012,0.87988,0.89014,0.89502,0.87988,0.87012,0.82471,0.79492,0.76514,0.78516,0.7998,0.81494,0.81006,0.82471,0.81494,0.82471,0.81982,0.81982,0.7998,0.81982,0.8999,1.165,1.4097,1.5,1.5,1.3149,0.96484,0.79492,0.75,0.73975,0.74512,0.73486,0.74512,0.73975,0.75488,0.75488,0.75977,0.75488,0.77002,0.76514,0.77979,0.7749,0.79004,0.77979,0.79004,0.79492,0.7998,0.81006,0.80469,0.82471,0.81982,0.83496,0.83496,0.84473,0.83496,0.8501,0.83984,0.8501,0.84473,0.85498,0.8501,0.85498,0.8501,0.8501,0.83984,0.8501,0.83984,0.8501,0.83984,0.8501,0.83984,0.83496,0.84473,0.83496,0.84473,0.83984,0.8501,0.83984,0.8501,0.83984,0.84473,0.83008,0.83496,0.82471,0.83008,0.81982,0.83008,0.82471,0.83496,0.82471,0.83008,0.82471,0.83008,0.82471,0.83008,0.83496,0.83008,0.83496,0.82471,0.83496,0.82471,0.83008,0.82471,0.83496,0.83008,0.86475,0.875,0.89014,0.89014,0.89502,0.85986,0.84473,0.7998,0.77979,0.7749,0.7998,0.80469,0.7998,0.81006,0.81982,0.81494,0.82471,0.83008,0.81982,0.80469,0.83496,1.0049,1.2998,1.5,1.5,1.5,1.1396,0.93506,0.78516,0.75977,0.74512,0.75488,0.73975,0.75488,0.75,0.76514,0.77002,0.77979,0.7749,0.78516,0.79004,0.78516,0.7998,0.79492,0.80469,0.7998,0.81494,0.81006,0.82471,0.81982,0.83008,0.82471,0.83984,0.83008,0.8501,0.84473,0.85498,0.85498,0.87012,0.85986,0.87012,0.85498,0.86475,0.85498,0.86475,0.85498,0.85986,0.85498,0.86475,0.87012,0.85986,0.87012,0.85986,0.875,0.86475,0.875,0.86475,0.875,0.85986,0.875,0.875,0.875,0.86475,0.87012,0.8501,0.86475,0.84473,0.8501,0.83008,0.84473,0.83008,0.8501,0.83496,0.84473,0.8501,0.8501,0.83496,0.82471,0.8501,0.8501,0.8501,0.84473,0.8501,0.84473,0.85498,0.8501,0.87988,0.88477,0.8999,0.90479,0.90967,0.89014,0.87012,0.81982,0.79492,0.77979,0.80469,0.81982,0.81006,0.82471,0.81494,0.83984,0.82471,0.83496,0.82471,0.82471,0.83984,0.99512,1.2749,1.4897,1.5,1.5,1.1748,0.93994,0.81006,0.77979,0.75977,0.75977,0.75488,0.78516,0.76514,0.75977,0.79004,0.7749,0.7749,0.79492,0.78516,0.79004,0.7998,0.79004,0.80469,0.7998,0.81006,0.81982,0.83008,0.82471,0.83008,0.83008,0.83984,0.83984,0.8501,0.84473,0.8501,0.85498,0.8501,0.85498,0.86475,0.875,0.85498,0.8501,0.86475,0.87012,0.84473,0.8501,0.87012,0.85986,0.86475,0.87012,0.8501,0.85498,0.8501,0.85986,0.8501,0.87012,0.8501,0.8501,0.8501,0.8501,0.8501,0.85498,0.8501,0.85498,0.8501,0.8501,0.8501,0.84473,0.85498,0.8501,0.85498,0.8501,0.85498,0.84473,0.85498,0.84473,0.8501,0.84473,0.8501,0.83984,0.8501,0.83984,0.8501,0.84473,0.87012,0.875,0.89502,0.89502,0.90967,0.88477,0.87988,0.84473,0.81494,0.77002,0.78516,0.7998,0.81006,0.81982,0.82471,0.83008,0.83008,0.83984,0.83008,0.81982,0.81494,0.875,1.1001,1.3848,1.5,1.5,1.4546,1.04,0.83496,0.77979,0.75488,0.75488,0.75,0.74512,0.75977,0.75488,0.77002,0.75977,0.7749,0.77002,0.77979,0.7749,0.78516,0.79004,0.7998,0.79492,0.7998,0.7998,0.81494,0.81006,0.82471,0.82471,0.83008,0.83008,0.83984,0.83008,0.84473,0.8501,0.84473,0.8501,0.8501,0.85498,0.8501,0.85498,0.84473,0.8501,0.83984,0.84473,0.83496,0.84473,0.83984,0.8501,0.83496,0.83984,0.82471,0.83984,0.83008,0.83984,0.83008,0.83496,0.82471,0.83496,0.82471,0.81982,0.82471,0.81494,0.83008,0.82471,0.83008,0.82471,0.81982,0.81494,0.82471,0.81982,0.82471,0.81982,0.82471,0.81494,0.82471,0.81494,0.82471,0.81494,0.82471,0.81494,0.82471,0.82471,0.8501,0.85986,0.87988,0.89014,0.88477,0.85986,0.83984,0.80469,0.77002,0.77002,0.77979,0.79492,0.79004,0.7998,0.79492,0.80469,0.7998,0.81494,0.79492,0.79004,0.80469,0.96484,1.2397,1.46,1.5,1.5,1.1499,0.92969,0.7749,0.75,0.73486,0.7251,0.72998,0.72998,0.73486,0.73975,0.75,0.73975,0.75488,0.74512,0.75488,0.75488,0.77002,0.76514,0.77979,0.77979,0.78516,0.77979,0.79492,0.79004,0.81006,0.81982,0.81006,0.81494,0.82471,0.81006,0.81982,0.83008,0.81982,0.83008,0.82471,0.83496,0.82471,0.82471,0.82471,0.83008,0.81982,0.83008,0.82471,0.82471,0.81494,0.83008,0.82471,0.84473,0.81982,0.81494,0.82471,0.82471,0.82471,0.81982,0.82471,0.81494,0.81982,0.80469,0.81982,0.80469,0.81982,0.80469,0.81494,0.80469,0.81494,0.81006,0.81982,0.79492,0.81982,0.81006,0.81982,0.7998,0.81494,0.7998,0.81006,0.81006,0.80469,0.7998,0.81982,0.82471,0.83984,0.84473,0.87012,0.89014,0.8501,0.83008,0.7998,0.7749,0.74512,0.7749,0.79492,0.7998,0.79004,0.7998,0.81006,0.7998,0.7998,0.81006,0.79004,0.80469,0.87012,1.1499,1.395,1.5,1.5,1.4048,0.97998,0.79492,0.75,0.72998,0.73486,0.7251,0.73486,0.72998,0.74512,0.73975,0.75488,0.75488,0.75977,0.75488,0.77002,0.75977,0.7749,0.77002,0.77979,0.77979,0.78516,0.79004,0.78516,0.7998,0.81006,0.81494,0.80469,0.81982,0.81494,0.82471,0.82471,0.83008,0.82471,0.83008,0.81982,0.83496,0.82471,0.83008,0.82471,0.82471,0.82471,0.82471,0.81982,0.83008,0.82471,0.83008,0.82471,0.83008,0.82471,0.81982,0.82471,0.82471,0.83008,0.81982,0.82471,0.81494,0.82471,0.81006,0.81982,0.81494,0.82471,0.81006,0.81982,0.81006,0.82471,0.81006,0.81982,0.80469,0.81982,0.81006,0.81982,0.81494,0.82471,0.81494,0.81982,0.82471,0.81494,0.82471,0.81006,0.83984,0.85986,0.875,0.87012,0.89014,0.85986,0.84473,0.81494,0.7749,0.75977,0.77979,0.79004,0.7998,0.79492,0.80469,0.7998,0.80469,0.81006,0.80469,0.78516,0.81006,0.90479,1.1948,1.4199,1.5,1.5,1.25,0.96484,0.79004,0.73486,0.72998,0.72998,0.71973,0.72998,0.72998,0.73975,0.73975,0.75488,0.75488,0.76514,0.77002,0.76514,0.7749,0.77002,0.77979,0.7749,0.78516,0.77979,0.7998,0.79492,0.81006,0.80469,0.81494,0.81982,0.82471,0.81982,0.82471,0.82471,0.83496,0.83008,0.8501,0.84473,0.8501,0.83984,0.8501,0.84473,0.8501,0.84473,0.8501,0.83984,0.8501,0.8501,0.8501,0.85498,0.87012,0.875,0.86475,0.875,0.84473,0.85498,0.84473,0.83984,0.83008,0.83984,0.82471,0.83496,0.83008,0.84473,0.83008,0.83008,0.82471,0.83984,0.81982,0.83984,0.82471,0.82471,0.81982,0.83008,0.81982,0.81494,0.83496,0.81982,0.83496,0.83008,0.83984,0.85986,0.87988,0.875,0.89014,0.875,0.86475,0.83008,0.81006,0.75488,0.76514,0.79004,0.81494,0.79492,0.80469,0.7998,0.82471,0.81494,0.81982,0.7998,0.79004,0.83496,0.99512,1.2749,1.48,1.5,1.5,1.1748,0.90967,0.79004,0.75488,0.75977,0.73975,0.75977,0.75,0.75977,0.7749,0.77979,0.75488,0.77002,0.76514,0.77979,0.77002,0.78516,0.79004,0.77979,0.79004,0.78516,0.80469,0.7998,0.82471,0.81006,0.81982,0.83008,0.83984,0.82471,0.83984,0.84473,0.83984,0.83984,0.85498,0.84473,0.83984,0.8501,0.85498,0.84473,0.8501,0.83984,0.84473,0.83984,0.84473,0.8501,0.84473,0.8501,0.83984,0.84473,0.83984,0.85498,0.84473,0.8501,0.83984,0.8501,0.84473,0.8501,0.84473,0.85498,0.8501,0.85498,0.83984,0.8501,0.83984,0.8501,0.83984,0.8501,0.83984,0.84473,0.83496,0.83008,0.84473,0.83008,0.83984,0.83496,0.8501,0.83496,0.84473,0.83984,0.87012,0.86475,0.88477,0.89502,0.90479,0.875,0.87012,0.82471,0.79492,0.77979,0.7998,0.7998,0.81006,0.80469,0.81494,0.81982,0.81494,0.83008,0.81982,0.7998,0.81494,0.9248,1.1948,1.4297,1.5,1.5,1.2598,0.95996,0.79492,0.75488,0.74512,0.74512,0.73486,0.75488,0.74512,0.75977,0.75488,0.75977,0.76514,0.75977,0.77979,0.7749,0.78516,0.77979,0.79492,0.78516,0.7998,0.7998,0.81006,0.81006,0.81982,0.81494,0.83496,0.82471,0.83984,0.83008,0.8501,0.84473,0.85498,0.8501,0.85986,0.8501,0.85986,0.8501,0.85986,0.8501,0.85498,0.85986,0.8501,0.86475,0.8501,0.86475,0.85498,0.86475,0.8501,0.86475,0.8501,0.85986,0.8501,0.85498,0.84473,0.8501,0.83984,0.8501,0.83496,0.84473,0.83008,0.83984,0.83008,0.84473,0.8501,0.83984,0.84473,0.83496,0.8501,0.83984,0.8501,0.84473,0.8501,0.83496,0.8501,0.8501,0.87012,0.87012,0.89014,0.88477,0.90479,0.8999,0.90479,0.88477,0.85986,0.80469,0.77979,0.77979,0.7998,0.7998,0.81982,0.82471,0.80469,0.81494,0.81494,0.82471,0.81494,0.81494,0.83008,1,1.27,1.4897,1.5,1.5,1.1499,0.93994,0.78516,0.75488,0.75,0.75488,0.73486,0.75,0.75488,0.75977,0.75488,0.77002,0.76514,0.77002,0.76514,0.7749,0.78516,0.77979,0.79004,0.79004,0.7998,0.79492,0.81982,0.81494,0.83008,0.81982,0.82471,0.81982,0.83496,0.83008,0.84473,0.83008,0.8501,0.85986,0.8501,0.8501,0.8501,0.83984,0.8501,0.85986,0.8501,0.84473,0.84473,0.8501,0.83984,0.85498,0.83496,0.8501,0.84473,0.85498,0.83008,0.83496,0.83008,0.84473,0.83496,0.83008,0.82471,0.83496,0.83008,0.83984,0.81982,0.81494,0.81006,0.81982,0.83008,0.82471,0.83496,0.82471,0.83496,0.82471,0.83496,0.82471,0.83984,0.83008,0.83496,0.82471,0.83984,0.83008,0.85986,0.85986,0.88477,0.89502,0.8999,0.87012,0.85986,0.81982,0.79004,0.7749,0.79492,0.81494,0.81494,0.82471,0.81982,0.82471,0.82471,0.83008,0.81982,0.82471,0.81982,0.98486,1.2646,1.4746,1.5,1.5,1.1851,0.91992,0.78516,0.76514,0.75488,0.75488,0.74512,0.75488,0.75488,0.75977,0.76514,0.75488,0.7749,0.76514,0.77979,0.7749,0.78516,0.79004,0.7998,0.79492,0.80469,0.7998,0.81982,0.81006,0.82471,0.82471,0.83496,0.83008,0.84473,0.83984,0.8501,0.8501,0.85498,0.8501,0.85986,0.86475,0.8501,0.86475,0.8501,0.86475,0.8501,0.85498,0.8501,0.85498,0.8501,0.85986,0.8501,0.85498,0.8501,0.85986,0.8501,0.85498,0.83984,0.8501,0.84473,0.8501,0.83496,0.8501,0.83984,0.8501,0.83984,0.83496,0.84473,0.83496,0.84473,0.83496,0.8501,0.83496,0.83984,0.82471,0.83496,0.82471,0.83496,0.82471,0.83984,0.83008,0.83984,0.83984,0.875,0.87988,0.89502,0.89502,0.88477,0.86475,0.84473,0.80469,0.77979,0.78516,0.7998,0.81006,0.7998,0.81494,0.81006,0.82471,0.81982,0.82471,0.80469,0.81494,0.84473,1.0649,1.3496,1.5,1.5,1.4849,1.0698,0.88477,0.75977,0.75,0.74512,0.75,0.73975,0.75,0.75488,0.75977,0.77002,0.75488,0.7749,0.77002,0.7998,0.7998,0.81006,0.7998,0.81006,0.7998,0.81006,0.7998,0.81494,0.82471,0.83008,0.81982,0.83008,0.82471,0.83008,0.82471,0.84473,0.8501,0.85986,0.8501,0.85986,0.8501,0.85986,0.87012,0.8501,0.85986,0.84473,0.85498,0.85986,0.8501,0.84473,0.85498,0.8501,0.85498,0.85986,0.8501,0.84473,0.85498,0.83008,0.8501,0.83984,0.82471,0.83496,0.83984,0.84473,0.83496,0.81982,0.81494,0.83496,0.83496,0.83984,0.81494,0.83008,0.82471,0.83984,0.81982,0.82471,0.81494,0.83984,0.81982,0.82471,0.81982,0.84473,0.85986,0.85498,0.86475,0.89014,0.89502,0.87012,0.83984,0.83008,0.79004,0.7749,0.78516,0.81006,0.81006,0.80469,0.81494,0.7998,0.81494,0.83496,0.8501,0.82471,0.81006,0.88477,1.1997,1.4199,1.5,1.5,1.3398,0.94482,0.79004,0.82471,0.83984,0.75,0.6748,0.66504,0.68018,0.70508,0.70996,0.7251,0.71973,0.75488,0.76514,0.80469,0.7749
